955598.467737 1956919.48729 0
955598.467737 1956919.48729 0
955598.467737 1956919.48729 0
955598.467737 1956919.48729 0
955598.476563 1956919.48724 0
955598.476563 1956919.48724 0
955598.476563 1956919.48724 0
955598.476563 1956919.48724 0
955598.467737 1956919.48729 0
955598.476563 1956919.48724 0
955598.476563 1956919.48724 0
955598.476563 1956919.48724 0
955598.467737 1956919.48729 0
955598.476503 1956919.47615 0
955598.467618 1956919.4651 0
955598.449906 1956919.4541 0
955598.423369 1956919.44315 0
955598.405598 1956919.42105 0
955598.387827 1956919.39896 0
955598.361111 1956919.35472 0
955598.343221 1956919.31044 0
955598.32545 1956919.28834 0
955598.289968 1956919.25525 0
955598.263252 1956919.21101 0
955598.22765 1956919.15573 0
955598.183342 1956919.12268 0
955598.14774 1956919.0674 0
955598.112198 1956919.02321 0
955598.067711 1956918.95688 0
955598.01428 1956918.8684 0
955597.969852 1956918.81317 0
955597.91648 1956918.73579 0
955597.863226 1956918.6806 0
955597.81868 1956918.60318 0
955597.756481 1956918.52584 0
955597.712054 1956918.47061 0
955597.649796 1956918.38218 0
955597.596424 1956918.3048 0
955597.534285 1956918.23857 0
955597.489738 1956918.16114 0
955597.42748 1956918.07272 0
955597.374227 1956918.01753 0
955597.347392 1956917.9511 0
955597.294138 1956917.89591 0
955597.276249 1956917.85163 0
955597.196457 1956917.78549 0
955597.151852 1956917.69697 0
955597.098598 1956917.64178 0
955597.05429 1956917.60873 0
955597.018629 1956917.54235 0
955596.974142 1956917.47602 0
955596.93854 1956917.42074 0
955596.894113 1956917.3655 0
955596.8408 1956917.29922 0
955596.796313 1956917.23289 0
955596.751885 1956917.17765 0
955596.707339 1956917.10022 0
955596.64526 1956917.04508 0
955596.583061 1956916.96775 0
955596.529689 1956916.89037 0
955596.467669 1956916.84633 0
955596.423122 1956916.7689 0
955596.369869 1956916.71371 0
955596.316496 1956916.63633 0
955596.263183 1956916.57005 0
955596.218696 1956916.50372 0
955596.156617 1956916.44858 0
955596.094359 1956916.36015 0
955596.03222 1956916.29391 0
955595.996618 1956916.23863 0
955595.925415 1956916.12806 0
955595.872221 1956916.08397 0
955595.81873 1956915.9844 0
955595.756532 1956915.90707 0
955595.685566 1956915.84088 0
955595.614423 1956915.74141 0
955595.543458 1956915.67522 0
955595.481141 1956915.5757 0
955595.418942 1956915.49837 0
955595.347918 1956915.42108 0
955595.303252 1956915.32147 0
955595.223402 1956915.24423 0
955595.16997 1956915.15576 0
955595.098886 1956915.06738 0
955595.036747 1956915.00115 0
955594.97437 1956914.89053 0
955594.894519 1956914.81329 0
955594.841028 1956914.71373 0
955594.761118 1956914.6254 0
955594.690034 1956914.53702 0
955594.636542 1956914.43745 0
955594.547806 1956914.34917 0
955594.476663 1956914.24969 0
955594.414345 1956914.15017 0
955594.343261 1956914.0618 0
955594.263351 1956913.97346 0
955594.209801 1956913.8628 0
955594.12995 1956913.78557 0
955594.076399 1956913.6749 0
955593.996548 1956913.59767 0
955593.934172 1956913.48705 0
955593.845435 1956913.39877 0
955593.791944 1956913.2992 0
955593.72086 1956913.21082 0
955593.649657 1956913.10026 0
955593.569688 1956913.00083 0
955593.498604 1956912.91245 0
955593.427401 1956912.80189 0
955593.356317 1956912.71351 0
955593.276406 1956912.62518 0
955593.214089 1956912.52566 0
955593.125234 1956912.41518 0
955593.062917 1956912.31566 0
955592.965354 1956912.22743 0
955592.911863 1956912.12786 0
955592.805356 1956912.01748 0
955592.769576 1956911.92891 0
955592.663069 1956911.81854 0
955592.600751 1956911.71902 0
955592.520841 1956911.63068 0
955592.449698 1956911.53121 0
955592.369728 1956911.43179 0
955592.30747 1956911.34336 0
955592.227501 1956911.24393 0
955592.156476 1956911.16665 0
955592.085332 1956911.06718 0
955592.014248 1956910.9788 0
955591.969642 1956910.89028 0
955591.880966 1956910.81309 0
955591.845126 1956910.71343 0
955591.774161 1956910.64724 0
955591.720729 1956910.55877 0
955591.649764 1956910.49258 0
955591.605396 1956910.44844 0
955591.551964 1956910.35996 0
955591.507477 1956910.29363 0
955591.454105 1956910.21625 0
955591.400851 1956910.16106 0
955591.356305 1956910.08364 0
955591.311936 1956910.0395 0
955591.249797 1956909.97326 0
955591.214136 1956909.90688 0
955591.160823 1956909.8406 0
955591.098684 1956909.77436 0
955591.054197 1956909.70803 0
955590.992058 1956909.6418 0
955590.938626 1956909.55332 0
955590.876487 1956909.48709 0
955590.805343 1956909.38761 0
955590.734259 1956909.29924 0
955590.654171 1956909.17762 0
955590.583087 1956909.08924 0
955590.494232 1956908.97877 0
955590.414262 1956908.87934 0
955590.334173 1956908.75773 0
955590.227726 1956908.65845 0
955590.156523 1956908.54788 0
955590.067667 1956908.43741 0
955589.987638 1956908.32689 0
955589.898783 1956908.21641 0
955589.809928 1956908.10594 0
955589.729959 1956908.00651 0
955589.641103 1956907.89604 0
955589.56996 1956907.79657 0
955589.481164 1956907.69719 0
955589.401135 1956907.58667 0
955589.338877 1956907.49825 0
955589.250081 1956907.39887 0
955589.187823 1956907.31044 0
955589.099087 1956907.22216 0
955589.045655 1956907.13369 0
955588.965804 1956907.05645 0
955588.912372 1956906.96798 0
955588.841407 1956906.90179 0
955588.770263 1956906.80231 0
955588.716891 1956906.72494 0
955588.654692 1956906.6476 0
955588.583608 1956906.55923 0
955588.547828 1956906.47066 0
955588.467977 1956906.39342 0
955588.432197 1956906.30486 0
955588.34364 1956906.24986 0
955588.298974 1956906.15024 0
955588.245602 1956906.07286 0
955588.183462 1956906.00663 0
955588.138916 1956905.9292 0
955588.085543 1956905.85182 0
955588.040997 1956905.7744 0
955587.99651 1956905.70807 0
955587.943256 1956905.65288 0
955587.898888 1956905.60874 0
955587.889824 1956905.5644 0
955587.89865 1956905.56436 0
955587.898769 1956905.58655 0
955587.898769 1956905.58655 0
955587.889884 1956905.5755 0
955587.889884 1956905.5755 0
955587.889884 1956905.5755 0
955587.889943 1956905.58659 0
955587.889884 1956905.5755 0
955587.889943 1956905.58659 0
955587.889884 1956905.5755 0
955587.889943 1956905.58659 0
955587.898769 1956905.58655 0
955587.889943 1956905.58659 0
955587.898769 1956905.58655 0
955587.889943 1956905.58659 0
955587.898769 1956905.58655 0
955587.898769 1956905.58655 0
955587.898769 1956905.58655 0
955587.898769 1956905.58655 0
955587.898769 1956905.58655 0
955587.898769 1956905.58655 0
955587.898769 1956905.58655 0
