955587.898769 1956905.58655 2
955587.898769 1956905.58655 2
955587.898769 1956905.58655 2
955587.898769 1956905.58655 2
955587.881117 1956905.58664 2
955587.881117 1956905.58664 2
955587.89871 1956905.57545 2
955587.898769 1956905.58655 2
955587.898769 1956905.58655 2
955587.89871 1956905.57545 2
955587.880998 1956905.56445 2
955587.872172 1956905.5645 2
955587.872112 1956905.5534 2
955587.863167 1956905.53126 2
955587.845337 1956905.49807 2
955587.81868 1956905.46493 2
955587.783079 1956905.40965 2
955587.756363 1956905.36541 2
955587.720761 1956905.31013 2
955587.649856 1956905.25503 2
955587.631787 1956905.17747 2
955587.578534 1956905.12228 2
955587.52528 1956905.06709 2
955587.471848 1956904.97861 2
955587.418594 1956904.92343 2
955587.374107 1956904.85709 2
955587.303142 1956904.79091 2
955587.267481 1956904.72453 2
955587.240527 1956904.63591 2
955587.204925 1956904.58063 2
955587.151553 1956904.50325 2
955587.115892 1956904.43687 2
955587.071464 1956904.38164 2
955587.018211 1956904.32645 2
955586.964838 1956904.24907 2
955586.94671 1956904.16041 2
955586.893337 1956904.08303 2
955586.848791 1956904.0056 2
955586.804244 1956903.92818 2
955586.750872 1956903.8508 2
955586.706325 1956903.77337 2
955586.66166 1956903.67376 2
955586.608347 1956903.60748 2
955586.563681 1956903.50786 2
955586.519194 1956903.44153 2
955586.474469 1956903.33082 2
955586.429863 1956903.2423 2
955586.376371 1956903.14273 2
955586.349418 1956903.05412 2
955586.2871 1956902.9546 2
955586.242494 1956902.86608 2
955586.215421 1956902.75527 2
955586.153044 1956902.64466 2
955586.108319 1956902.53395 2
955586.063594 1956902.42324 2
955586.018869 1956902.31253 2
955585.965259 1956902.19078 2
955585.920534 1956902.08007 2
955585.875868 1956901.98045 2
955585.822198 1956901.8476 2
955585.786359 1956901.74794 2
955585.723863 1956901.61513 2
955585.679197 1956901.51552 2
955585.634472 1956901.40481 2
955585.598573 1956901.29405 2
955585.553967 1956901.20553 2
955585.509123 1956901.07264 2
955585.464577 1956900.99521 2
955585.437504 1956900.88441 2
955585.401783 1956900.80693 2
955585.37471 1956900.69613 2
955585.347816 1956900.61861 2
955585.329688 1956900.52995 2
955585.302794 1956900.45243 2
955585.284785 1956900.38595 2
955585.275542 1956900.30834 2
955585.2663 1956900.23072 2
955585.266003 1956900.17525 2
955585.247994 1956900.10878 2
955585.247696 1956900.05331 2
955585.229747 1956899.99793 2
955585.238395 1956899.9646 2
955585.220505 1956899.92031 2
955585.220207 1956899.86484 2
955585.219969 1956899.82046 2
955585.219791 1956899.78718 2
955585.210727 1956899.74285 2
955585.219315 1956899.69842 2
955585.218958 1956899.63185 2
955585.218661 1956899.57638 2
955585.227071 1956899.49867 2
955585.217769 1956899.40996 2
955585.217293 1956899.32121 2
955585.234529 1956899.24345 2
955585.260472 1956899.14346 2
955585.268822 1956899.05465 2
955585.285939 1956898.95471 2
955585.303116 1956898.86585 2
955585.32894 1956898.74367 2
955585.346235 1956898.67701 2
955585.372178 1956898.57702 2
955585.389473 1956898.51035 2
955585.415475 1956898.42146 2
955585.441537 1956898.34365 2
955585.476425 1956898.2658 2
955585.511313 1956898.18795 2
955585.510838 1956898.09919 2
955585.563318 1956898.01015 2
955585.598206 1956897.9323 2
955585.650627 1956897.83217 2
955585.694282 1956897.74317 2
955585.746703 1956897.64304 2
955585.80795 1956897.54285 2
955585.860252 1956897.42053 2
955585.912792 1956897.34258 2
955585.965154 1956897.23135 2
955586.02658 1956897.16446 2
955586.096653 1956897.06423 2
955586.15796 1956896.97514 2
955586.219445 1956896.91933 2
955586.307111 1956896.80792 2
955586.342177 1956896.76335 2
955586.421136 1956896.67417 2
955586.464969 1956896.61846 2
955586.561758 1956896.56246 2
955586.614417 1956896.50671 2
955586.675843 1956896.43981 2
955586.737387 1956896.3951 2
955586.807699 1956896.33925 2
955586.860417 1956896.29458 2
955586.921962 1956896.24987 2
955586.956968 1956896.19421 2
955586.992094 1956896.16074 2
955587.018513 1956896.1495 2
955587.044991 1956896.14936 2
955587.027399 1956896.16055 2
955587.009746 1956896.16065 2
955587.044932 1956896.13827 2
955587.027339 1956896.14946 2
955587.018513 1956896.1495 2
955587.027399 1956896.16055 2
955587.018632 1956896.17169 2
955587.027399 1956896.16055 2
955587.027458 1956896.17165 2
955587.027399 1956896.16055 2
955587.027458 1956896.17165 2
955587.027518 1956896.18274 2
955587.027458 1956896.17165 2
955587.027458 1956896.17165 2
955587.027458 1956896.17165 2
955587.018632 1956896.17169 2