955587.898769 1956905.58655 0
955587.898769 1956905.58655 0
955587.898769 1956905.58655 0
955587.898769 1956905.58655 0
955587.881117 1956905.58664 0
955587.881117 1956905.58664 0
955587.89871 1956905.57545 0
955587.898769 1956905.58655 0
955587.898769 1956905.58655 0
955587.89871 1956905.57545 0
955587.880998 1956905.56445 0
955587.872172 1956905.5645 0
955587.872112 1956905.5534 0
955587.863167 1956905.53126 0
955587.845337 1956905.49807 0
955587.81868 1956905.46493 0
955587.783079 1956905.40965 0
955587.756363 1956905.36541 0
955587.720761 1956905.31013 0
955587.649856 1956905.25503 0
955587.631787 1956905.17747 0
955587.578534 1956905.12228 0
955587.52528 1956905.06709 0
955587.471848 1956904.97861 0
955587.418594 1956904.92343 0
955587.374107 1956904.85709 0
955587.303142 1956904.79091 0
955587.267481 1956904.72453 0
955587.240527 1956904.63591 0
955587.204925 1956904.58063 0
955587.151553 1956904.50325 0
955587.115892 1956904.43687 0
955587.071464 1956904.38164 0
955587.018211 1956904.32645 0
955586.964838 1956904.24907 0
955586.94671 1956904.16041 0
955586.893337 1956904.08303 0
955586.848791 1956904.0056 0
955586.804244 1956903.92818 0
955586.750872 1956903.8508 0
955586.706325 1956903.77337 0
955586.66166 1956903.67376 0
955586.608347 1956903.60748 0
955586.563681 1956903.50786 0
955586.519194 1956903.44153 0
955586.474469 1956903.33082 0
955586.429863 1956903.2423 0
955586.376371 1956903.14273 0
955586.349418 1956903.05412 0
955586.2871 1956902.9546 0
955586.242494 1956902.86608 0
955586.215421 1956902.75527 0
955586.153044 1956902.64466 0
955586.108319 1956902.53395 0
955586.063594 1956902.42324 0
955586.018869 1956902.31253 0
955585.965259 1956902.19078 0
955585.920534 1956902.08007 0
955585.875868 1956901.98045 0
955585.822198 1956901.8476 0
955585.786359 1956901.74794 0
955585.723863 1956901.61513 0
955585.679197 1956901.51552 0
955585.634472 1956901.40481 0
955585.598573 1956901.29405 0
955585.553967 1956901.20553 0
955585.509123 1956901.07264 0
955585.464577 1956900.99521 0
955585.437504 1956900.88441 0
955585.401783 1956900.80693 0
955585.37471 1956900.69613 0
955585.347816 1956900.61861 0
955585.329688 1956900.52995 0
955585.302794 1956900.45243 0
955585.284785 1956900.38595 0
955585.275542 1956900.30834 0
955585.2663 1956900.23072 0
955585.266003 1956900.17525 0
955585.247994 1956900.10878 0
955585.247696 1956900.05331 0
955585.229747 1956899.99793 0
955585.238395 1956899.9646 0
955585.220505 1956899.92031 0
955585.220207 1956899.86484 0
955585.219969 1956899.82046 0
955585.219791 1956899.78718 0
955585.210727 1956899.74285 0
955585.219315 1956899.69842 0
955585.218958 1956899.63185 0
955585.218661 1956899.57638 0
955585.227071 1956899.49867 0
955585.217769 1956899.40996 0
955585.217293 1956899.32121 0
955585.234529 1956899.24345 0
955585.260472 1956899.14346 0
955585.268822 1956899.05465 0
955585.285939 1956898.95471 0
955585.303116 1956898.86585 0
955585.32894 1956898.74367 0
955585.346235 1956898.67701 0
955585.372178 1956898.57702 0
955585.389473 1956898.51035 0
955585.415475 1956898.42146 0
955585.441537 1956898.34365 0
955585.476425 1956898.2658 0
955585.511313 1956898.18795 0
955585.510838 1956898.09919 0
955585.563318 1956898.01015 0
955585.598206 1956897.9323 0
955585.650627 1956897.83217 0
955585.694282 1956897.74317 0
955585.746703 1956897.64304 0
955585.80795 1956897.54285 0
955585.860252 1956897.42053 0
955585.912792 1956897.34258 0
955585.965154 1956897.23135 0
955586.02658 1956897.16446 0
955586.096653 1956897.06423 0
955586.15796 1956896.97514 0
955586.219445 1956896.91933 0
955586.307111 1956896.80792 0
955586.342177 1956896.76335 0
955586.421136 1956896.67417 0
955586.464969 1956896.61846 0
955586.561758 1956896.56246 0
955586.614417 1956896.50671 0
955586.675843 1956896.43981 0
955586.737387 1956896.3951 0
955586.807699 1956896.33925 0
955586.860417 1956896.29458 0
955586.921962 1956896.24987 0
955586.956968 1956896.19421 0
955586.992094 1956896.16074 0
955587.018513 1956896.1495 0
955587.044991 1956896.14936 0
955587.027399 1956896.16055 0
955587.009746 1956896.16065 0
955587.044932 1956896.13827 0
955587.027339 1956896.14946 0
955587.018513 1956896.1495 0
955587.027399 1956896.16055 0
955587.018632 1956896.17169 0
955587.027399 1956896.16055 0
955587.027458 1956896.17165 0
955587.027399 1956896.16055 0
955587.027458 1956896.17165 0
955587.027518 1956896.18274 0
955587.027458 1956896.17165 0
955587.027458 1956896.17165 0
955587.027458 1956896.17165 0
955587.018632 1956896.17169 0
