955569.12599 1956933.71291
955569.12599 1956933.71291
955569.12599 1956933.71291
955569.12599 1956933.71291
955569.12599 1956933.71291
955569.12599 1956933.71291
955569.12599 1956933.71291
955569.12593 1956933.70182
955569.12593 1956933.70182
955569.12593 1956933.70182
955569.12593 1956933.70182
955569.12593 1956933.70182
955569.12593 1956933.70182
955569.12593 1956933.70182
955569.12593 1956933.70182
955569.12599 1956933.71291
955569.12593 1956933.70182
955569.134757 1956933.70177
955569.12593 1956933.70182
955569.134816 1956933.71286
955569.12599 1956933.71291
955569.117164 1956933.71296
955569.117164 1956933.71296
955569.108397 1956933.7241
955569.090805 1956933.73529
955569.064446 1956933.75762
955569.038087 1956933.77995
955568.994135 1956933.81347
955568.959009 1956933.84695
955568.906232 1956933.88051
955568.86228 1956933.91403
955568.809562 1956933.9587
955568.756784 1956933.99226
955568.69524 1956934.03697
955568.642463 1956934.07054
955568.580978 1956934.12635
955568.5282 1956934.15991
955568.466656 1956934.20462
955568.405112 1956934.24933
955568.352394 1956934.29399
955568.29079 1956934.32761
955568.229305 1956934.38341
955568.167761 1956934.42812
955568.106217 1956934.47283
955568.044673 1956934.51754
955567.983069 1956934.55116
955567.921584 1956934.60696
955567.86004 1956934.65167
955567.78967 1956934.69643
955567.728126 1956934.74114
955567.666641 1956934.79694
955567.605097 1956934.84165
955567.543553 1956934.88636
955567.482009 1956934.93107
955567.411698 1956934.98692
955567.350154 1956935.03163
955567.28861 1956935.07634
955567.227065 1956935.12105
955567.156755 1956935.1769
955567.104096 1956935.23266
955567.0249 1956935.27746
955566.963415 1956935.33327
955566.893105 1956935.38912
955566.822794 1956935.44497
955566.743717 1956935.51197
955566.66458 1956935.56786
955566.585503 1956935.63486
955566.497659 1956935.71299
955566.418582 1956935.77999
955566.321912 1956935.85817
955566.234068 1956935.9363
955566.137339 1956936.00339
955566.049555 1956936.09262
955565.961592 1956936.14857
955565.864982 1956936.23785
955565.785905 1956936.30484
955565.689235 1956936.38302
955565.601332 1956936.45006
955565.504662 1956936.52825
955565.416759 1956936.59529
955565.320089 1956936.67347
955565.232245 1956936.75161
955565.135576 1956936.82979
955565.056558 1956936.90788
955564.959829 1956936.97496
955564.871985 1956937.0531
955564.784141 1956937.13123
955564.687412 1956937.19832
955564.608335 1956937.26532
955564.511665 1956937.3435
955564.423821 1956937.42163
955564.335918 1956937.48868
955564.248015 1956937.55572
955564.151405 1956937.64499
955564.072268 1956937.70089
955563.966772 1956937.77912
955563.905288 1956937.83493
955563.799852 1956937.92425
955563.720715 1956937.98015
955563.615219 1956938.05838
955563.553735 1956938.11418
955563.448239 1956938.19241
955563.369102 1956938.24831
955563.281259 1956938.32645
955563.202003 1956938.36016
955563.087622 1956938.42734
955563.01743 1956938.50538
955562.929527 1956938.57242
955562.85045 1956938.63942
955562.762487 1956938.69536
955562.674584 1956938.7624
955562.595507 1956938.8294
955562.507604 1956938.89644
955562.428526 1956938.96343
955562.340623 1956939.03047
955562.25278 1956939.10861
955562.173643 1956939.16451
955562.094566 1956939.2315
955562.015429 1956939.2874
955561.936352 1956939.35439
955561.866101 1956939.42134
955561.778257 1956939.49947
955561.699121 1956939.55537
955561.602451 1956939.63356
955561.523374 1956939.70055
955561.43553 1956939.77869
955561.356453 1956939.84568
955561.259783 1956939.92386
955561.180825 1956940.01304
955561.092922 1956940.08009
955561.013905 1956940.15817
955560.926061 1956940.23631
955560.847043 1956940.3144
955560.7592 1956940.39253
955560.680242 1956940.48172
955560.583631 1956940.57099
955560.504614 1956940.64908
955560.408004 1956940.73836
955560.329105 1956940.83864
955560.250206 1956940.93891
955560.162482 1956941.03924
955560.083524 1956941.12842
955559.995859 1956941.23984
955559.91696 1956941.34012
955559.829295 1956941.45154
955559.759222 1956941.55177
955559.680383 1956941.66314
955559.619256 1956941.78551
955559.549183 1956941.88574
955559.47923 1956942.00816
955559.426809 1956942.10829
955559.365682 1956942.23067
955559.322147 1956942.34185
955559.278671 1956942.46413
955559.235196 1956942.5864
955559.200546 1956942.70863
955559.157071 1956942.83091
955559.131307 1956942.96419
955559.105483 1956943.08637
955559.079719 1956943.21965
955559.062722 1956943.34178
955559.05461 1956943.47496
955559.037672 1956943.60819
955559.038445 1956943.75242
955559.030274 1956943.87451
955559.031048 1956944.01874
955559.022876 1956944.14083
955559.041302 1956944.28496
955559.042016 1956944.4181
955559.060382 1956944.55114
955559.061036 1956944.67318
955559.070636 1956944.81736
955559.080176 1956944.95045
955559.089657 1956945.07244
955559.090311 1956945.19448
955559.090966 1956945.31652
955559.100387 1956945.42742
955559.100982 1956945.53837
955559.110344 1956945.63817
955559.110879 1956945.73802
955559.111355 1956945.82678
955559.120657 1956945.91549
955559.121074 1956945.99315
955559.130376 1956946.08186
955559.130792 1956946.15952
955559.131209 1956946.23718
955559.131506 1956946.29266
955559.131804 1956946.34813
955559.140749 1956946.37027
955559.131982 1956946.38141
955559.140749 1956946.37027
955559.140749 1956946.37027
955559.140689 1956946.35918
955559.140749 1956946.37027
955559.140749 1956946.37027
955559.140749 1956946.37027
955559.140749 1956946.37027
955559.140749 1956946.37027
955559.140749 1956946.37027
955559.131923 1956946.37032
955559.140749 1956946.37027
955559.140749 1956946.37027
955559.140749 1956946.37027
955559.140749 1956946.37027
955559.140808 1956946.38137
955559.140749 1956946.37027
955559.140808 1956946.38137
955559.140749 1956946.37027
955559.140749 1956946.37027
955559.140808 1956946.38137
955559.140749 1956946.37027
