935629.89511 1916242.52871
935629.957366 1916242.55042
935630.001628 1916242.53899
935630.001713 1916242.55008
935629.984059 1916242.56131
935630.019452 1916242.54995
935630.001628 1916242.53899
935629.983889 1916242.53913
935630.001713 1916242.55008
935629.992843 1916242.55015
935630.010497 1916242.53892
935629.974934 1916242.5281
935629.974934 1916242.5281
935629.992673 1916242.52796
935629.975019 1916242.53919
935629.992843 1916242.55015
935629.983974 1916242.55022
935630.027896 1916242.49441
935630.027641 1916242.46113
935630.018431 1916242.41682
935629.965299 1916242.42832
935629.894939 1916242.50652
935629.769322 1916242.31888
935629.892473 1916242.1848
935629.93665 1916242.16227
935629.954389 1916242.16213
935629.919081 1916242.18459
935629.918741 1916242.14022
935629.901342 1916242.18473
935629.901342 1916242.18473
935629.910127 1916242.17357
935629.910212 1916242.18466
935629.910212 1916242.18466
935629.910212 1916242.18466
935629.910297 1916242.19576
935629.901427 1916242.19582
935629.910297 1916242.19576
935629.901513 1916242.20692
935629.892643 1916242.20699
935629.866035 1916242.20719
935629.910297 1916242.19576
935629.874819 1916242.19603
935629.85708 1916242.19616
935629.857165 1916242.20726
935629.874904 1916242.20712
935629.821688 1916242.20753
935629.742033 1916242.23033
935629.670993 1916242.21978
935629.609162 1916242.25354
935629.600292 1916242.25361
935629.564815 1916242.25388
935629.520467 1916242.25422
935629.48499 1916242.25449
935629.431858 1916242.26599
935629.32568 1916242.30009
935629.272804 1916242.34487
935629.210803 1916242.35644
935629.166116 1916242.31241
935629.112814 1916242.30172
935629.03333 1916242.34671
935628.95359 1916242.35842
935628.962034 1916242.30288
935628.811509 1916242.33732
935628.829163 1916242.32609
935628.802384 1916242.3041
935628.633865 1916242.30539
935628.572119 1916242.35025
935628.527602 1916242.3284
935628.447777 1916242.32901
935628.341429 1916242.34092
935628.305611 1916242.29682
935628.181525 1916242.30886
935628.110654 1916242.3205
935628.048398 1916242.29879
935627.986142 1916242.27708
935627.826322 1916242.25611
935627.764492 1916242.28987
935627.711105 1916242.26809
935627.649019 1916242.26857
935627.560665 1916242.31362
935627.471715 1916242.28102
935627.356498 1916242.293
935627.303622 1916242.33778
935627.215523 1916242.41612
935627.135273 1916242.36126
935627.055363 1916242.35078
935626.931106 1916242.34064
935626.86885 1916242.31893
935626.77973 1916242.26414
935626.647029 1916242.30953
935626.566864 1916242.26577
935626.469215 1916242.25542
935626.309225 1916242.21227
935626.220701 1916242.23514
935626.105569 1916242.25821
935625.998796 1916242.21465
935625.883493 1916242.21553
935625.768191 1916242.21642
935625.626195 1916242.20641
935625.563939 1916242.1847
935625.413328 1916242.20804
935625.280372 1916242.22016
935625.164985 1916242.20995
935625.111258 1916242.14379
935624.960477 1916242.14495
935624.854044 1916242.14576
935624.738402 1916242.10227
935624.658322 1916242.0696
935624.52494 1916242.02624
935624.400513 1916241.99391
935624.276001 1916241.95049
935624.151489 1916241.90707
935624.035761 1916241.85248
935623.902209 1916241.78694
935623.777697 1916241.74351
935623.635276 1916241.67804
935623.510508 1916241.60133
935623.376957 1916241.53579
935623.24332 1916241.45915
935623.100728 1916241.37148
935622.976046 1916241.30587
935622.842409 1916241.22923
935622.717557 1916241.14143
935622.575051 1916241.06486
935622.459153 1916240.98809
935622.325516 1916240.91145
935622.191794 1916240.82372
935622.075981 1916240.75804
935621.942259 1916240.67031
935621.826361 1916240.59353
935621.68377 1916240.50587
935621.576911 1916240.45121
935621.43432 1916240.36355
935621.291814 1916240.28698
935621.175916 1916240.21021
935621.051148 1916240.1335
935620.899773 1916240.057
935620.766136 1916239.98036
935620.641539 1916239.92584
935620.516856 1916239.86023
935620.374435 1916239.79475
935620.249753 1916239.72914
935620.116286 1916239.67469
935619.982734 1916239.60915
935619.849267 1916239.5547
935619.72467 1916239.50018
935619.582334 1916239.4458
935619.448867 1916239.39135
935619.324355 1916239.34792
935619.190803 1916239.28238
935619.057507 1916239.25012
935618.92404 1916239.19567
935618.790658 1916239.15231
935618.657362 1916239.12005
935618.52398 1916239.07669
935618.381729 1916239.03341
935618.239563 1916239.00121
935618.115135 1916238.96888
935617.972884 1916238.92559
935617.830803 1916238.90449
935617.697507 1916238.87223
935617.564295 1916238.85107
935617.422129 1916238.81887
935617.271179 1916238.79784
935617.138052 1916238.78777
935617.004841 1916238.7666
935616.85389 1916238.74557
935616.720679 1916238.7244
935616.578598 1916238.7033
935616.445471 1916238.69322
935616.31226 1916238.67206
935616.170264 1916238.66205
935616.037052 1916238.64088
935615.903841 1916238.61971
935615.76193 1916238.6208
935615.628803 1916238.61073
935615.495677 1916238.60066
935615.36255 1916238.59058
935615.229339 1916238.56941
935615.087343 1916238.55941
935614.963086 1916238.54927
935614.82109 1916238.53926
935614.688048 1916238.54028
935614.545967 1916238.51918
935614.404056 1916238.52027
935614.279799 1916238.51013
935614.129019 1916238.51128
935613.995808 1916238.49011
935613.844942 1916238.48018
935613.711901 1916238.4812
935613.552166 1916238.47133
935613.41017 1916238.46132
935613.25939 1916238.46248
935613.0907 1916238.44158
935612.957574 1916238.43151
935612.744708 1916238.43314
935612.514953 1916238.54585
935612.179361 1916238.73703
935612.045979 1916238.69368
935611.991997 1916238.59424
935611.814524 1916238.5845
935611.549206 1916238.68639
935611.371478 1916238.64338
935611.256345 1916238.66645
935611.061133 1916238.65685
935610.901483 1916238.65807
935610.768441 1916238.65909
935610.617576 1916238.64916
935610.458011 1916238.66148
935610.307231 1916238.66263
935610.156366 1916238.65269
935610.005585 1916238.65385
935609.85489 1916238.6661
935609.704025 1916238.65616
935609.553245 1916238.65732
935609.420118 1916238.64725
935609.260468 1916238.64847
935609.109688 1916238.64963
935608.976647 1916238.65065
935608.834651 1916238.64064
935608.68387 1916238.6418
935608.54196 1916238.64289
935608.408918 1916238.64391
935608.266922 1916238.6339
935608.125011 1916238.63499
935607.974146 1916238.62505
935607.832235 1916238.62614
935607.699194 1916238.62716
935607.566237 1916238.63927
935607.433111 1916238.6292
935607.300069 1916238.63022
935607.167028 1916238.63124
935607.033987 1916238.63226
935606.909815 1916238.63321
935606.776688 1916238.62314
935606.643647 1916238.62416
935606.510605 1916238.62518
935606.386433 1916238.62613
935606.262176 1916238.61599
935606.138004 1916238.61694
935606.013747 1916238.6068
935605.889575 1916238.60775
935605.774187 1916238.59754
935605.64993 1916238.5874
935605.525673 1916238.57726
935605.410286 1916238.56705
935605.294983 1916238.56793
935605.170726 1916238.55779
935605.046384 1916238.53656
935604.930996 1916238.52635
935604.806909 1916238.53839
935604.691436 1916238.51709
935604.585003 1916238.51791
935604.460746 1916238.50776
935604.345359 1916238.49755
935604.229971 1916238.48734
935604.105714 1916238.4772
935603.999281 1916238.47802
935603.866154 1916238.46795
935603.759806 1916238.47986
935603.62668 1916238.46978
935603.511377 1916238.47067
935603.395989 1916238.46046
935603.271817 1916238.46141
935603.068927 1916238.6072
935602.812309 1916238.68683
935602.65317 1916238.75462
935602.564645 1916238.77748
935602.413099 1916238.67879
935602.289183 1916238.71303
935602.138232 1916238.692
935601.996321 1916238.69309
935601.845881 1916238.73862
935601.72205 1916238.78395
935601.589093 1916238.79606
935601.571099 1916238.76291
935601.48283 1916238.81907
935601.225362 1916238.78776
935601.020769 1916238.71166
935600.887387 1916238.66831
935600.807903 1916238.7133
935600.630599 1916238.72575
935600.488603 1916238.71574
935600.38166 1916238.65
935600.231135 1916238.68443
935600.089139 1916238.67443
935599.938273 1916238.66449
935599.805062 1916238.64332
935599.654111 1916238.62229
935599.5122 1916238.62338
935599.361335 1916238.61344
935599.219254 1916238.59234
935599.077343 1916238.59343
935598.926393 1916238.5724
935598.784397 1916238.5624
935598.642401 1916238.55239
935598.491621 1916238.55355
935598.34067 1916238.53251
935598.198589 1916238.51142
935598.056678 1916238.5125
935597.923552 1916238.50243
935597.772686 1916238.49249
935597.639645 1916238.49351
935597.488779 1916238.48358
935597.346954 1916238.49576
935597.213827 1916238.48568
935597.071831 1916238.47568
935596.92992 1916238.47677
935596.788009 1916238.47786
935596.637229 1916238.47901
935596.486449 1916238.48017
935596.326799 1916238.48139
935596.184803 1916238.47139
935596.042977 1916238.48357
935595.741417 1916238.48588
935595.599506 1916238.48697
935595.457595 1916238.48806
935595.315514 1916238.46696
935595.164393 1916238.42374
935595.004744 1916238.42497
935594.862918 1916238.43715
935594.703183 1916238.42728
935594.570056 1916238.41721
935594.419106 1916238.39617
935594.268326 1916238.39733
935594.12616 1916238.36514
935593.96651 1916238.36636
935593.815559 1916238.34533
935593.691132 1916238.313
935593.522528 1916238.3032
935593.389316 1916238.28203
935593.238366 1916238.261
935593.087415 1916238.23997
935592.92768 1916238.2301
935592.812208 1916238.2088
935592.61691 1916238.18811
935592.341872 1916238.17912
935592.199962 1916238.18021
935592.075705 1916238.17007
935591.942663 1916238.17109
935591.783013 1916238.17231
935591.641017 1916238.16231
935591.472413 1916238.15251
935591.321633 1916238.15366
935591.161983 1916238.15489
935591.002333 1916238.15611
935590.833814 1916238.1574
935590.665125 1916238.13651
935590.50556 1916238.14883
935590.337126 1916238.16121
935590.186176 1916238.14018
935590.017571 1916238.13038
935589.848967 1916238.12058
935589.680363 1916238.11078
935589.511759 1916238.10098
935589.343069 1916238.08008
935589.174465 1916238.07028
935589.01456 1916238.03822
935588.845956 1916238.02842
935588.668312 1916237.9965
935588.508407 1916237.96444
935588.339717 1916237.94355
935588.179897 1916237.92259
935588.011208 1916237.90169
935587.860172 1916237.86956
935587.682614 1916237.84874
935587.531578 1916237.81661
935587.362803 1916237.78462
935587.202983 1916237.76366
935587.042993 1916237.72051
935586.891958 1916237.68838
935586.740922 1916237.65626
935586.545539 1916237.62447
935586.429726 1916237.55879
935586.261037 1916237.5379
935586.109831 1916237.48358
935585.994188 1916237.44009
935585.834198 1916237.39694
935585.709685 1916237.35352
935585.567264 1916237.28804
935585.425097 1916237.25585
935585.29146 1916237.17921
935585.149124 1916237.12483
935584.997918 1916237.07052
935584.864281 1916236.99388
935584.730643 1916236.91724
935584.579267 1916236.84074
935584.445715 1916236.7752
935584.303123 1916236.68753
935584.178356 1916236.61083
935584.035764 1916236.52316
935583.910741 1916236.41318
935583.768234 1916236.33661
935583.643381 1916236.24881
935583.500704 1916236.15005
935583.366811 1916236.04013
935583.241873 1916235.94124
935583.116935 1916235.84234
935582.974173 1916235.73249
935582.840281 1916235.62257
935582.715087 1916235.4904
935582.598934 1916235.38034
935582.464786 1916235.23714
935582.339592 1916235.10496
935582.214399 1916234.97279
935582.097904 1916234.81836
935581.981495 1916234.67502
935581.865001 1916234.52059
935581.748507 1916234.36616
935581.623228 1916234.22289
935581.515433 1916234.0462
935581.416593 1916233.88054
935581.317837 1916233.72597
935581.236651 1916233.54908
935581.14668 1916233.38335
935581.065493 1916233.20646
935580.993176 1916233.0295
935580.911989 1916232.8526
935580.848541 1916232.67558
935580.793962 1916232.49848
935580.748253 1916232.32132
935580.702544 1916232.14415
935580.65675 1916231.95589
935580.62878 1916231.77859
935580.60081 1916231.60129
935580.572925 1916231.43509
935580.571478 1916231.24649
935580.552377 1916231.06912
935580.5511 1916230.90271
935580.549653 1916230.71411
935580.557161 1916230.53654
935580.582322 1916230.34774
935580.599125 1916230.22557
935580.625137 1916230.1477
935580.677333 1916230.01417
935580.720488 1916229.85851
935580.772769 1916229.73607
935580.850806 1916229.50248
935580.867524 1916229.36922
935580.901725 1916229.20253
935580.94488 1916229.04688
935581.023088 1916228.83548
935581.075198 1916228.69085
935581.1007 1916228.54642
935581.116907 1916228.34659
935581.222148 1916228.19046
935581.194519 1916228.05754
935581.255413 1916227.90174
935581.325092 1916227.73479
935581.377117 1916227.57906
935581.420273 1916227.42341
935581.472213 1916227.25659
935581.515368 1916227.10093
935581.549654 1916226.94534
935581.610464 1916226.77846
935581.635795 1916226.61184
935581.705474 1916226.44489
935581.677589 1916226.27868
935581.685182 1916226.1122
935581.728167 1916225.93436
935581.753243 1916225.73446
935581.787359 1916225.55669
935581.803822 1916225.39014
935581.828898 1916225.19024
935581.845275 1916225.0126
935581.843913 1916224.8351
935581.86916 1916224.65739
935581.91223 1916224.49064
935581.919482 1916224.27979
935581.927075 1916224.11331
935581.943367 1916223.92457
935581.968528 1916223.73577
935581.967082 1916223.54717
935581.983459 1916223.36953
935581.973227 1916223.1921
935581.971525 1916222.97021
935581.979033 1916222.79264
935581.959932 1916222.61527
935581.985178 1916222.43757
935581.983817 1916222.26006
935582.008978 1916222.07126
935581.989962 1916221.90498
935582.006169 1916221.70516
935581.96933 1916221.52792
935582.100839 1916221.32721
935582.028607 1916221.16135
935582.062638 1916220.97247
935582.061106 1916220.77278
935582.050875 1916220.59535
935582.058382 1916220.41777
935582.056935 1916220.22918
935582.037749 1916220.04071
935582.036473 1916219.8743
935582.035026 1916219.6857
935582.024795 1916219.50827
935582.041087 1916219.31953
935582.030855 1916219.1421
935582.038363 1916218.96452
935582.037001 1916218.78702
935582.044509 1916218.60945
935582.043147 1916218.43194
935582.059439 1916218.24321
935582.022599 1916218.06598
935582.065329 1916217.85485
935582.090491 1916217.66605
935582.054162 1916217.55538
935582.079323 1916217.36658
935582.166741 1916217.19949
935582.262773 1916216.99905
935582.341492 1916216.85421
935582.393687 1916216.72067
935582.39241 1916216.55426
935582.390453 1916216.2991
935582.406745 1916216.11037
935582.414167 1916215.9217
935582.403681 1916215.71098
935582.411103 1916215.52232
935582.400872 1916215.34488
935582.425863 1916215.13389
935582.424331 1916214.9342
935582.431668 1916214.73444
935582.430307 1916214.55693
935582.446514 1916214.3571
935582.462295 1916214.10181
935582.469377 1916213.86876
935582.450276 1916213.69139
935582.493006 1916213.48027
935582.420604 1916213.29221
935582.410458 1916213.12587
935582.41805 1916212.95939
935582.398779 1916212.75984
935582.441424 1916212.53762
935582.466501 1916212.33772
935582.482623 1916212.1268
935582.481091 1916211.9271
935582.497297 1916211.72728
935582.504379 1916211.49423
935582.511717 1916211.29447
935582.518969 1916211.08362
935582.517352 1916210.87283
935582.51582 1916210.67314
935582.514203 1916210.46235
935582.539194 1916210.25136
935582.546532 1916210.0516
935582.544829 1916209.82972
935582.560866 1916209.60771
935582.568289 1916209.41904
935582.557802 1916209.20832
935582.565139 1916209.00856
935582.598915 1916208.78641
935582.597383 1916208.58672
935582.604635 1916208.37586
935582.620672 1916208.15384
935582.61914 1916207.95415
935582.635177 1916207.73214
935582.642429 1916207.52128
935582.649766 1916207.32152
935582.674672 1916207.09944
935582.673055 1916206.88865
935582.689092 1916206.66663
935582.696344 1916206.45578
935582.712466 1916206.24486
935582.719633 1916206.02291
935582.726886 1916205.81205
935582.734138 1916205.6012
935582.750175 1916205.37918
935582.757342 1916205.15723
935582.764594 1916204.94638
935582.780631 1916204.72436
935582.796838 1916204.52454
935582.80392 1916204.29149
935582.749086 1916204.08111
935582.694337 1916203.88183
935582.701334 1916203.63769
935582.708672 1916203.43793
935582.724708 1916203.21592
935582.732046 1916203.01616
935582.739383 1916202.8164
935582.746636 1916202.60554
935582.753888 1916202.39469
935582.761225 1916202.19493
935582.768393 1916201.97298
935582.77573 1916201.77322
935582.782982 1916201.56236
935582.790235 1916201.35151
935582.788532 1916201.12963
935582.795785 1916200.91877
935582.802952 1916200.69683
935582.819074 1916200.4859
935582.826156 1916200.25286
935582.824539 1916200.04207
935582.831706 1916199.82013
935582.838958 1916199.60927
935582.846126 1916199.38732
935582.853293 1916199.16537
935582.86046 1916198.94343
935582.867542 1916198.71038
935582.874709 1916198.48844
935582.881792 1916198.25539
935582.87122 1916198.03358
935582.887086 1916197.78938
935582.894168 1916197.55633
935582.892381 1916197.32336
935582.890509 1916197.07929
935582.906375 1916196.83509
935582.904503 1916196.59102
935582.9115 1916196.34688
935582.918497 1916196.10274
935582.916539 1916195.84758
935582.93232 1916195.59228
935582.930448 1916195.34821
935582.946315 1916195.10401
935582.944357 1916194.84885
935582.942399 1916194.59369
935582.96705 1916194.33832
935582.973962 1916194.08309
935582.972005 1916193.82793
935582.952308 1916193.5729
935583.012607 1916193.33945
935583.046212 1916193.09511
935583.053209 1916192.85097
935583.051337 1916192.6069
935582.987378 1916192.36331
935583.047507 1916192.10767
935583.063033 1916191.81909
935582.954982 1916191.60912
935582.952854 1916191.33177
935582.915589 1916191.09907
935582.931285 1916190.83268
935582.938027 1916190.55526
935582.944939 1916190.30003
935582.969505 1916190.03357
935582.967462 1916189.76731
935582.965419 1916189.50105
935582.981116 1916189.23466
935582.987943 1916188.96834
935582.994769 1916188.70201
935583.001681 1916188.44678
935583.008423 1916188.16936
935583.01525 1916187.90304
935583.030946 1916187.63665
935583.028903 1916187.37039
935583.03573 1916187.10406
935583.060041 1916186.80432
935583.083926 1916186.44911
935583.090752 1916186.18278
935583.124273 1916185.92735
935583.104151 1916185.61685
935583.128802 1916185.36149
935583.135458 1916185.07297
935583.115591 1916184.79576
935583.148856 1916184.50704
935583.164468 1916184.22956
935583.16234 1916183.95221
935583.177866 1916183.66363
935583.193562 1916183.39723
935583.217958 1916183.10858
935583.215745 1916182.82014
935583.249095 1916182.54252
935583.255752 1916182.254
935583.262493 1916181.97659
935583.286974 1916181.69903
935583.302585 1916181.42154
935583.309327 1916181.14413
935583.325023 1916180.87773
935583.340635 1916180.60025
935583.347376 1916180.32283
935583.354288 1916180.0676
935583.35216 1916179.79025
935583.358987 1916179.52392
935583.356859 1916179.24657
935583.363686 1916178.98025
935583.361559 1916178.7029
935583.368385 1916178.43657
935583.375212 1916178.17025
935583.381954 1916177.89283
935583.388781 1916177.62651
935583.404477 1916177.36011
935583.420173 1916177.09372
935583.435955 1916176.83842
935583.451651 1916176.57203
935583.467433 1916176.31673
935583.492084 1916176.06136
935583.50778 1916175.79497
935583.523561 1916175.53967
935583.539258 1916175.27328
935583.572863 1916175.02894
935583.58856 1916174.76255
935583.613211 1916174.50718
935583.646731 1916174.25175
935583.662513 1916173.99645
935583.678209 1916173.73005
935583.685121 1916173.47482
935583.700902 1916173.21953
935583.698945 1916172.96436
935583.714641 1916172.69797
935583.721638 1916172.45383
935583.710641 1916172.17655
935583.708683 1916171.92139
935583.706726 1916171.66623
935583.695814 1916171.40004
935583.702641 1916171.13371
935583.700683 1916170.87855
935583.698555 1916170.6012
935583.678944 1916170.35727
935583.685856 1916170.10204
935583.674944 1916169.83585
935583.664202 1916169.59185
935583.671029 1916169.32552
935583.660287 1916169.08152
935583.649375 1916168.81534
935583.647587 1916168.58236
935583.636845 1916168.33836
935583.634973 1916168.09429
935583.624316 1916167.86139
935583.631313 1916167.61725
935583.629526 1916167.38427
935583.627824 1916167.16239
935583.634906 1916166.92935
935583.633119 1916166.69638
935583.640286 1916166.47443
935583.647453 1916166.25248
935583.654791 1916166.05272
935583.661958 1916165.83077
935583.669125 1916165.60882
935583.685332 1916165.409
935583.710409 1916165.2091
935583.735485 1916165.0092
935583.751607 1916164.79828
935583.794593 1916164.62044
935583.828539 1916164.42047
935583.862655 1916164.24269
935583.896601 1916164.04273
935583.939757 1916163.88707
935583.964919 1916163.69827
935583.999121 1916163.53159
935584.006628 1916163.35402
935584.03196 1916163.1874
935584.057292 1916163.02079
935584.06497 1916162.8654
935584.081432 1916162.69886
935584.08911 1916162.54347
935584.105658 1916162.38802
935584.113336 1916162.23264
935584.121099 1916162.08834
935584.128862 1916161.94405
935584.136625 1916161.79976
935584.135519 1916161.65554
935584.143282 1916161.51125
935584.14226 1916161.37812
935584.150109 1916161.24493
935584.149172 1916161.12289
935584.157021 1916160.9897
935584.164954 1916160.86759
935584.172972 1916160.75659
935584.171951 1916160.62346
935584.171185 1916160.52361
935584.179033 1916160.39042
935584.187137 1916160.2905
935584.186286 1916160.17956
935584.203344 1916160.09067
935584.202408 1916159.96864
935584.219466 1916159.87975
935584.2187 1916159.7799
935584.226889 1916159.69108
935584.234907 1916159.58008
935584.24301 1916159.48016
935584.251029 1916159.36915
935584.259047 1916159.25814
935584.266981 1916159.13604
935584.266044 1916159.01401
935584.282847 1916158.89184
935584.29061 1916158.74755
935584.307498 1916158.63647
935584.315006 1916158.4589
935584.331383 1916158.28126
935584.338806 1916158.09259
935584.364053 1916157.91488
935584.38026 1916157.71506
935584.405507 1916157.53735
935584.430498 1916157.32636
935584.437921 1916157.13769
935584.462912 1916156.9267
935584.479205 1916156.73797
935584.495412 1916156.53814
935584.511619 1916156.33831
935584.527996 1916156.16067
935584.535334 1916155.96091
935584.560495 1916155.7721
935584.559133 1916155.5946
935584.575511 1916155.41696
935584.583104 1916155.25048
935584.599481 1916155.07284
935584.598119 1916154.89534
935584.605712 1916154.72886
935584.551218 1916154.56286
935584.523163 1916154.37446
935584.503977 1916154.186
935584.511655 1916154.03062
935584.519418 1916153.88633
935584.527096 1916153.73094
935584.52599 1916153.58672
935584.516014 1916153.44256
935584.514907 1916153.29834
935584.513886 1916153.16521
935584.512865 1916153.03209
935584.511929 1916152.91005
935584.502038 1916152.77699
935584.509886 1916152.6438
935584.50895 1916152.52176
935584.499229 1916152.41089
935584.498293 1916152.28885
935584.497442 1916152.17791
935584.487721 1916152.06704
935584.486955 1916151.9672
935584.477235 1916151.85632
935584.476469 1916151.75648
935584.475788 1916151.66773
935584.483891 1916151.56781
935584.474341 1916151.47913
935584.464791 1916151.39044
935584.46411 1916151.30169
935584.463514 1916151.22403
935584.471703 1916151.13521
935584.462237 1916151.05762
935584.470511 1916150.9799
935584.470001 1916150.91333
935584.469405 1916150.83567
935584.468894 1916150.76911
935584.468383 1916150.70255
935584.467873 1916150.63598
935584.458578 1916150.58058
935584.467022 1916150.52504
935584.457642 1916150.45855
935584.457301 1916150.41417
