955565.953837 1956936.34832
955565.953837 1956936.34832
955565.953837 1956936.34832
955565.936126 1956936.33732
955565.936126 1956936.33732
955565.918473 1956936.33741
955565.918473 1956936.33741
955565.909647 1956936.33746
955565.900821 1956936.33751
955565.900821 1956936.33751
955565.900821 1956936.33751
955565.891936 1956936.32646
955565.900702 1956936.31532
955565.909528 1956936.31527
955565.927121 1956936.30408
955565.927121 1956936.30408
955565.944773 1956936.30399
955565.944773 1956936.30399
955565.95354 1956936.29285
955565.95354 1956936.29285
955565.95354 1956936.29285
955565.95354 1956936.29285
955565.962366 1956936.2928
955565.962366 1956936.2928
955565.980077 1956936.3038
955565.980137 1956936.31489
955565.980137 1956936.31489
955565.97137 1956936.32604
955565.962604 1956936.33718
955565.945011 1956936.34837
955565.927418 1956936.35956
955565.909826 1956936.37074
955565.874581 1956936.38203
955565.848163 1956936.39327
955565.812918 1956936.40455
955565.777674 1956936.41583
955565.742429 1956936.42712
955565.707244 1956936.4495
955565.680885 1956936.47183
955565.645759 1956936.5053
955565.61946 1956936.53873
955565.59322 1956936.58325
955565.56692 1956936.61667
955565.531795 1956936.65014
955565.505495 1956936.68357
955565.479136 1956936.7059
955565.435065 1956936.71723
955565.391054 1956936.73966
955565.329391 1956936.76218
955565.276554 1956936.78465
955565.232543 1956936.80708
955565.197358 1956936.82946
955565.162232 1956936.86293
955565.127166 1956936.9075
955565.083333 1956936.96321
955565.03956 1956937.03001
955564.986842 1956937.07467
955564.951776 1956937.11924
955564.925417 1956937.14157
955564.881465 1956937.17509
955564.837514 1956937.20861
955564.784677 1956937.23109
955564.723073 1956937.2647
955564.652703 1956937.30946
955564.599925 1956937.34303
955564.538322 1956937.37664
955564.485663 1956937.4324
955564.424178 1956937.4882
955564.353927 1956937.55515
955564.27485 1956937.62214
955564.213425 1956937.68904
955564.125462 1956937.74499
955564.0375 1956937.80093
955563.94083 1956937.87912
955563.844101 1956937.9462
955563.756198 1956938.01324
955563.659468 1956938.08033
955563.562799 1956938.15852
955563.483781 1956938.2366
955563.41347 1956938.29246
955563.334453 1956938.37054
955563.264142 1956938.4264
955563.185065 1956938.49339
955563.097102 1956938.54934
955563.026792 1956938.60519
955562.947595 1956938.64999
955562.877285 1956938.70584
955562.807034 1956938.77279
955562.736783 1956938.83973
955562.675357 1956938.90663
955562.596161 1956938.95144
955562.525851 1956939.00729
955562.464366 1956939.06309
955562.376403 1956939.11904
955562.297207 1956939.16384
955562.209304 1956939.23089
955562.1477 1956939.2645
955562.068623 1956939.33149
955561.998372 1956939.39844
955561.919295 1956939.46543
955561.85781 1956939.52124
955561.778674 1956939.57714
955561.699537 1956939.63304
955561.611634 1956939.70008
955561.523671 1956939.75602
955561.435709 1956939.81197
955561.356632 1956939.87896
955561.277495 1956939.93486
955561.189592 1956940.0019
955561.119341 1956940.06885
955561.04903 1956940.1247
955560.969893 1956940.1806
955560.873105 1956940.23659
955560.776376 1956940.30368
955560.688354 1956940.34853
955560.60045 1956940.41557
955560.512547 1956940.48261
955560.424704 1956940.56075
955560.328034 1956940.63893
955560.248957 1956940.70593
955560.16988 1956940.77292
955560.081977 1956940.83996
955559.985188 1956940.89595
955559.879633 1956940.96309
955559.800496 1956941.01899
955559.72136 1956941.07489
955559.633397 1956941.13083
955559.554379 1956941.20892
955559.466536 1956941.28706
955559.387459 1956941.35405
955559.317208 1956941.421
955559.238071 1956941.4769
955559.158994 1956941.54389
955559.062324 1956941.62207
955558.983188 1956941.67797
955558.904111 1956941.74497
955558.824974 1956941.80086
955558.737071 1956941.86791
955558.649227 1956941.94604
955558.570091 1956942.00194
955558.491014 1956942.06893
955558.420703 1956942.12478
955558.33274 1956942.18073
955558.235952 1956942.23672
955558.139223 1956942.30381
955558.05126 1956942.35976
955557.963298 1956942.41571
955557.875454 1956942.49384
955557.78761 1956942.57198
955557.690822 1956942.62797
955557.602919 1956942.69501
955557.523782 1956942.75091
955557.427053 1956942.818
955557.330383 1956942.89618
955557.251187 1956942.94099
955557.154458 1956943.00807
955557.057729 1956943.07516
955556.96106 1956943.15334
955556.873276 1956943.24257
955556.803025 1956943.30952
955556.706236 1956943.36551
955556.609507 1956943.4326
955556.512778 1956943.49969
955556.415989 1956943.55569
955556.319201 1956943.61168
955556.231298 1956943.67872
955556.134568 1956943.74581
955556.037958 1956943.83509
955555.941289 1956943.91327
955555.853386 1956943.98031
955555.756597 1956944.0363
955555.659868 1956944.10339
955555.554373 1956944.18162
955555.439991 1956944.2488
955555.343203 1956944.3048
955555.246533 1956944.38298
955555.141038 1956944.46121
955555.044368 1956944.53939
955554.947639 1956944.60648
955554.859736 1956944.67352
955554.763007 1956944.74061
955554.657512 1956944.81884
955554.551957 1956944.88598
955554.446401 1956944.95311
955554.358558 1956945.03125
955554.253062 1956945.10948
955554.156452 1956945.19876
955554.068549 1956945.2658
955553.971761 1956945.32179
955553.875091 1956945.39997
955553.76071 1956945.46716
955553.664041 1956945.54534
955553.558486 1956945.61247
955553.470523 1956945.66842
955553.364968 1956945.73556
955553.268299 1956945.81374
955553.180455 1956945.89188
955553.101438 1956945.96996
955553.013535 1956946.037
955552.934458 1956946.104
955552.828962 1956946.18223
955552.714641 1956946.26051
955552.617852 1956946.3165
955552.530009 1956946.39464
955552.424513 1956946.47287
955552.319137 1956946.57328
955552.204875 1956946.66266
955552.099379 1956946.74089
955551.993884 1956946.81912
955551.879562 1956946.89739
955551.756474 1956946.98681
955551.651038 1956947.07614
955551.554309 1956947.14323
955551.448873 1956947.23255
955551.343437 1956947.32188
955551.246827 1956947.41115
955551.16781 1956947.48924
955551.07114 1956947.56743
955550.983297 1956947.64556
955550.886627 1956947.72374
955550.781132 1956947.80197
955550.693169 1956947.85792
955550.605326 1956947.93606
955550.508597 1956948.00314
955550.403161 1956948.09247
955550.306492 1956948.17065
955550.209703 1956948.22665
955550.130626 1956948.29364
955550.033897 1956948.36073
955549.937168 1956948.42782
955549.840439 1956948.4949
955549.743651 1956948.5509
955549.646922 1956948.61799
955549.559019 1956948.68503
955549.462409 1956948.77431
955549.365739 1956948.85249
955549.26907 1956948.93067
955549.189993 1956948.99766
955549.093264 1956949.06475
955548.987709 1956949.13189
955548.882214 1956949.21012
955548.785485 1956949.27721
955548.688756 1956949.3443
955548.58326 1956949.42253
955548.477824 1956949.51185
955548.381155 1956949.59003
955548.275541 1956949.64608
955548.178871 1956949.72426
955548.073316 1956949.79139
955547.950169 1956949.86972
955547.85338 1956949.92571
955547.747825 1956949.99285
955547.651096 1956950.05994
955547.545601 1956950.13817
955547.448991 1956950.22744
955547.361029 1956950.28339
955547.264359 1956950.36157
955547.176397 1956950.41752
955547.070901 1956950.49575
955546.965406 1956950.57398
955546.877563 1956950.65212
955546.7896 1956950.70806
955546.684164 1956950.79739
955546.596321 1956950.87552
955546.499652 1956950.95371
955546.402863 1956951.0097
955546.306134 1956951.07679
955546.200579 1956951.14392
955546.10385 1956951.21101
955545.998295 1956951.27815
955545.910333 1956951.33409
955545.82243 1956951.40114
955545.725761 1956951.47932
955545.637917 1956951.55745
955545.550074 1956951.63559
955545.462112 1956951.69154
955545.374268 1956951.76967
955545.286365 1956951.83671
955545.189696 1956951.9149
955545.101734 1956951.97084
955545.013771 1956952.02679
955544.925809 1956952.08274
955544.829139 1956952.16092
955544.723704 1956952.25024
955544.626975 1956952.31733
955544.539012 1956952.37328
955544.459935 1956952.44027
955544.371973 1956952.49622
955544.266418 1956952.56335
955544.169689 1956952.63044
955544.081786 1956952.69748
955543.993884 1956952.76452
955543.897155 1956952.83161
955543.800545 1956952.92089
955543.712702 1956952.99903
955543.615973 1956953.06611
955543.52807 1956953.13316
955543.422515 1956953.20029
955543.325846 1956953.27847
955543.237943 1956953.34552
955543.14998 1956953.40146
955543.062078 1956953.4685
955542.965408 1956953.54669
955542.877624 1956953.63592
955542.789722 1956953.70296
955542.701819 1956953.77
955542.613856 1956953.82594
955542.526013 1956953.90408
955542.429284 1956953.97117
955542.341322 1956954.02712
955542.262245 1956954.09411
955542.174283 1956954.15006
955542.077673 1956954.23933
955541.98983 1956954.31747
955541.901867 1956954.37342
955541.82279 1956954.44041
955541.734828 1956954.49636
955541.63804 1956954.55235
955541.523599 1956954.60844
955541.409159 1956954.66453
955541.321137 1956954.70938
955541.233115 1956954.75423
955541.12756 1956954.82137
955541.022005 1956954.8885
955540.916391 1956954.94454
955540.810777 1956955.00058
955540.713988 1956955.05658
955540.590663 1956955.10162
955540.467396 1956955.15776
955540.361722 1956955.2027
955540.247282 1956955.25879
955540.132782 1956955.30378
955540.018401 1956955.37097
955539.903961 1956955.42706
955539.807054 1956955.46086
955539.70138 1956955.50581
955539.58682 1956955.53971
955539.463375 1956955.56256
955539.33999 1956955.59651
955539.234197 1956955.61926
955539.128404 1956955.64202
955539.013845 1956955.67592
955538.890519 1956955.72096
955538.784845 1956955.76591
955538.679112 1956955.79976
955538.573319 1956955.82252
955538.467585 1956955.85637
955538.34414 1956955.87922
955538.211869 1956955.90212
955538.106077 1956955.92488
955538.000343 1956955.95873
955537.885724 1956955.98154
955537.762339 1956956.01548
955537.647839 1956956.06048
955537.533161 1956956.07219
955537.427368 1956956.09495
955537.312689 1956956.10666
955537.189185 1956956.11841
955537.06574 1956956.14127
955536.951061 1956956.15298
955536.845268 1956956.17573
955536.721764 1956956.18749
955536.598319 1956956.21034
955536.474874 1956956.2332
955536.360196 1956956.24491
955536.245577 1956956.26771
955536.139724 1956956.27937
955536.007334 1956956.28008
955535.874885 1956956.2697
955535.760206 1956956.28141
955535.654354 1956956.29307
955535.539675 1956956.30478
955535.416171 1956956.31654
955535.301374 1956956.30606
955535.186636 1956956.30668
955535.071838 1956956.2962
955534.948214 1956956.28577
955534.824591 1956956.27534
955534.700967 1956956.2649
955534.594996 1956956.25438
955534.471372 1956956.24395
955534.347749 1956956.23352
955534.224244 1956956.24527
955534.100561 1956956.22375
955533.985704 1956956.20217
955533.879733 1956956.19165
955533.75605 1956956.17012
955533.632367 1956956.1486
955533.535162 1956956.12693
955533.420364 1956956.11645
955533.305507 1956956.09487
955533.190709 1956956.0844
955533.067086 1956956.07396
955532.952169 1956956.0413
955532.846198 1956956.03077
955532.731341 1956956.0092
955532.607598 1956955.97658
955532.501567 1956955.95496
955532.404362 1956955.93329
955532.298271 1956955.90057
955532.174529 1956955.86795
955532.059731 1956955.85747
955531.953641 1956955.82476
955531.84749 1956955.78095
955531.750226 1956955.74818
955531.63519 1956955.69333
955531.52904 1956955.64952
955531.42289 1956955.60571
955531.325566 1956955.56185
955531.21053 1956955.50699
955531.095554 1956955.46323
955530.980458 1956955.39728
955530.89196 1956955.35337
955530.794576 1956955.29842
955530.688367 1956955.24352
955530.582097 1956955.17752
955530.484654 1956955.11147
955530.396096 1956955.05647
955530.307479 1956954.99038
955530.201269 1956954.93548
955530.095 1956954.86948
955529.98879 1956954.81457
955529.909059 1956954.75953
955529.811675 1956954.70457
955529.714232 1956954.63853
955529.607903 1956954.56143
955529.5104 1956954.48429
955529.421842 1956954.42929
955529.32434 1956954.35215
955529.226896 1956954.28611
955529.120567 1956954.20901
955529.049662 1956954.15392
955528.960985 1956954.07673
955528.881194 1956954.01059
955528.792517 1956953.9334
955528.703959 1956953.8784
955528.64176 1956953.80107
955528.570795 1956953.73488
955528.482118 1956953.65769
955528.402267 1956953.58046
955528.313531 1956953.49217
955528.242565 1956953.42599
955528.1716 1956953.3598
955528.100575 1956953.28251
955528.029491 1956953.19414
955527.958466 1956953.11685
955527.896208 1956953.02843
955527.842894 1956952.96215
955527.780695 1956952.88481
955527.700904 1956952.81867
955527.629879 1956952.74139
955527.549969 1956952.65306
955527.479004 1956952.58687
955527.416805 1956952.50954
955527.354606 1956952.43221
955527.283521 1956952.34383
955527.221323 1956952.2665
955527.150238 1956952.17812
955527.096865 1956952.10075
955527.017014 1956952.02351
955526.937164 1956951.94628
955526.857253 1956951.85795
955526.786169 1956951.76957
955526.72397 1956951.69224
955526.661711 1956951.60381
955526.581741 1956951.50439
955526.519483 1956951.41596
955526.448458 1956951.33868
955526.368548 1956951.25035
955526.288637 1956951.16202
955526.208727 1956951.07369
955526.146468 1956950.98526
955526.075384 1956950.89689
955526.00424 1956950.79741
955525.933096 1956950.69794
955525.870778 1956950.59842
955525.799693 1956950.51004
955525.728609 1956950.42167
955525.648699 1956950.33334
955525.559903 1956950.23396
955525.488878 1956950.15667
955525.426619 1956950.06825
955525.346709 1956949.97992
955525.275624 1956949.89154
955525.20454 1956949.80316
955525.142281 1956949.71474
955525.080082 1956949.63741
955525.017824 1956949.54898
955524.937914 1956949.46065
955524.858063 1956949.38342
955524.795864 1956949.30609
955524.724779 1956949.21771
955524.653695 1956949.12933
955524.573725 1956949.02991
955524.50264 1956948.94153
955524.431615 1956948.86425
955524.378183 1956948.77577
955524.307098 1956948.6874
955524.227188 1956948.59907
955524.156044 1956948.49959
955524.084959 1956948.41122
955524.013875 1956948.32284
955523.951616 1956948.23441
955523.880472 1956948.13494
955523.809269 1956948.02437
955523.738125 1956947.9249
955523.66704 1956947.83652
955523.58707 1956947.7371
955523.5071 1956947.63767
955523.435956 1956947.5382
955523.364872 1956947.44982
955523.293728 1956947.35035
955523.213757 1956947.25093
955523.133728 1956947.14041
955523.062584 1956947.04094
955522.99144 1956946.94146
955522.91147 1956946.84204
955522.8315 1956946.74261
955522.742704 1956946.64324
955522.671559 1956946.54376
955522.591649 1956946.45543
955522.520445 1956946.34487
955522.440416 1956946.23435
955522.360505 1956946.14602
955522.289361 1956946.04655
955522.209391 1956945.94712
955522.120535 1956945.83665
955522.031739 1956945.73727
955521.969481 1956945.64885
955521.88957 1956945.56052
955521.827252 1956945.461
955521.747222 1956945.35048
955521.676019 1956945.23991
955521.61376 1956945.15148
955521.551442 1956945.05196
955521.471532 1956944.96363
955521.400388 1956944.86416
955521.311591 1956944.76478
955521.240566 1956944.6875
955521.178248 1956944.58798
955521.098338 1956944.49965
955521.018308 1956944.38913
955520.938338 1956944.28971
955520.867313 1956944.21242
955520.796169 1956944.11295
955520.716258 1956944.02462
955520.618577 1956943.9142
955520.538606 1956943.81477
955520.467522 1956943.7264
955520.387552 1956943.62697
955520.316408 1956943.5275
955520.236378 1956943.41698
955520.165293 1956943.3286
955520.094149 1956943.22913
955520.014179 1956943.1297
955519.934209 1956943.03028
955519.845353 1956942.91981
955519.765443 1956942.83148
955519.685473 1956942.73205
955519.605502 1956942.63263
955519.516706 1956942.53325
955519.42785 1956942.42278
955519.356766 1956942.3344
955519.26797 1956942.23502
955519.179114 1956942.12455
955519.081492 1956942.02522
955519.001581 1956941.93689
955518.921611 1956941.83747
955518.832815 1956941.73809
955518.761671 1956941.63862
955518.672815 1956941.52814
955518.610556 1956941.43972
955518.539412 1956941.34025
955518.468268 1956941.24077
955518.379412 1956941.1303
955518.290616 1956941.03093
955518.219472 1956940.93145
955518.148387 1956940.84308
955518.068358 1956940.73256
955517.988328 1956940.62204
955517.92601 1956940.52252
955517.846039 1956940.42309
955517.783781 1956940.33467
955517.694985 1956940.23529
955517.606188 1956940.13591
955517.535104 1956940.04753
955517.472845 1956939.95911
955517.392935 1956939.87078
955517.32179 1956939.77131
955517.259472 1956939.67179
955517.179502 1956939.57236
955517.117243 1956939.48394
955517.037273 1956939.38451
955516.957362 1956939.29618
955516.868626 1956939.2079
955516.797541 1956939.11952
955516.726457 1956939.03114
955516.655312 1956938.93167
955516.584168 1956938.8322
955516.504138 1956938.72168
955516.441939 1956938.64435
955516.37974 1956938.56702
955516.308656 1956938.47864
955516.246456 1956938.40131
955516.184317 1956938.33508
955516.131063 1956938.27989
955516.077809 1956938.2247
955516.006903 1956938.16961
955515.953649 1956938.11442
955515.909221 1956938.05918
955515.864853 1956938.01504
955515.829311 1956937.97085
955515.785002 1956937.9378
955515.740753 1956937.91585
955515.731867 1956937.9048
955515.714096 1956937.88271
955515.70521 1956937.87166
955515.696384 1956937.87171
955515.696325 1956937.86062
955515.696265 1956937.84952
955515.696265 1956937.84952
955515.705091 1956937.84947
955515.713977 1956937.86052
955515.713977 1956937.86052
955515.713977 1956937.86052
955515.722803 1956937.86047
955515.722803 1956937.86047
955515.731629 1956937.86043
