935628.713775 1916242.31588 0
935628.713775 1916242.31588 0
935628.713775 1916242.31588 0
935628.713775 1916242.31588 0
935628.713775 1916242.31588 0
935628.713775 1916242.31588 0
935628.713775 1916242.31588 0
935628.713775 1916242.31588 0
935628.713775 1916242.31588 0
935628.713775 1916242.31588 0
935628.713775 1916242.31588 0
935628.713775 1916242.31588 0
935628.713775 1916242.31588 0
935628.713775 1916242.31588 0
935628.713775 1916242.31588 0
935628.713775 1916242.31588 0
935628.713775 1916242.31588 0
935628.713775 1916242.31588 0
935628.713775 1916242.31588 0
935628.713775 1916242.31588 0
935628.713775 1916242.31588 0
935628.713775 1916242.31588 0
935628.713775 1916242.31588 0
935628.713775 1916242.31588 0
935628.713775 1916242.31588 0
935628.713775 1916242.31588 0
935628.713775 1916242.31588 0
935628.704906 1916242.31594 0
935628.704906 1916242.31594 0
935628.696036 1916242.31601 0
935628.687167 1916242.31608 0
935628.678297 1916242.31615 0
935628.660559 1916242.31628 0
935628.64282 1916242.31642 0
935628.616211 1916242.31662 0
935628.589518 1916242.30573 0
935628.55404 1916242.30601 0
935628.509693 1916242.30635 0
935628.456477 1916242.30675 0
935628.403175 1916242.29607 0
935628.341089 1916242.29654 0
935628.270134 1916242.29709 0
935628.190224 1916242.28661 0
935628.119183 1916242.27606 0
935628.030489 1916242.27674 0
935627.950579 1916242.26625 0
935627.844061 1916242.25598 0
935627.746412 1916242.24563 0
935627.648764 1916242.23528 0
935627.542161 1916242.21391 0
935627.435642 1916242.20363 0
935627.329039 1916242.18226 0
935627.213652 1916242.17205 0
935627.107048 1916242.15068 0
935626.982706 1916242.12944 0
935626.867149 1916242.09704 0
935626.751676 1916242.07574 0
935626.636203 1916242.05444 0
935626.511776 1916242.02211 0
935626.387434 1916242.00087 0
935626.263007 1916241.96854 0
935626.138665 1916241.9473 0
935626.014153 1916241.90388 0
935625.74756 1916241.83936 0
935625.614178 1916241.796 0
935625.480797 1916241.75264 0
935625.3475 1916241.72038 0
935625.214203 1916241.68812 0
935625.080822 1916241.64476 0
935624.947355 1916241.59031 0
935624.814059 1916241.55805 0
935624.662853 1916241.50374 0
935624.520602 1916241.46045 0
935624.378351 1916241.41716 0
935624.227231 1916241.37394 0
935624.084894 1916241.31956 0
935623.933774 1916241.27634 0
935623.773699 1916241.22209 0
935623.631363 1916241.16771 0
935623.480242 1916241.12449 0
935623.329037 1916241.07018 0
935623.177831 1916241.01586 0
935623.017756 1916240.96162 0
935622.866551 1916240.9073 0
935622.71526 1916240.8419 0
935622.546316 1916240.78772 0
935622.386156 1916240.72238 0
935622.217211 1916240.6682 0
935622.057136 1916240.61395 0
935621.896976 1916240.54861 0
935621.745686 1916240.4832 0
935621.576656 1916240.41793 0
935621.416581 1916240.36369 0
935621.256421 1916240.29835 0
935621.105131 1916240.23294 0
935620.936101 1916240.16767 0
935620.775941 1916240.10233 0
935620.606912 1916240.03705 0
935620.446752 1916239.97171 0
935620.286591 1916239.90637 0
935620.126431 1916239.84103 0
935619.957317 1916239.76467 0
935619.797157 1916239.69933 0
935619.636997 1916239.63399 0
935619.476922 1916239.57974 0
935619.316762 1916239.5144 0
935619.156601 1916239.44906 0
935619.005396 1916239.39475 0
935618.836451 1916239.34057 0
935618.525256 1916239.2431 0
935618.37405 1916239.18879 0
935618.21406 1916239.14564 0
935618.05407 1916239.10249 0
935617.90295 1916239.05927 0
935617.74296 1916239.01612 0
935617.591839 1916238.9729 0
935617.431934 1916238.94084 0
935617.280814 1916238.89762 0
935617.120909 1916238.86556 0
935616.969788 1916238.82234 0
935616.809883 1916238.79028 0
935616.667717 1916238.75809 0
935616.507812 1916238.72603 0
935616.356777 1916238.6939 0
935616.196872 1916238.66185 0
935616.037052 1916238.64088 0
935615.877147 1916238.60882 0
935615.726197 1916238.58779 0
935615.566377 1916238.56683 0
935615.415341 1916238.5347 0
935615.246652 1916238.51381 0
935615.095702 1916238.49278 0
935614.935797 1916238.46072 0
935614.776062 1916238.45085 0
935614.607373 1916238.42995 0
935614.447553 1916238.40899 0
935614.287733 1916238.38802 0
935614.119129 1916238.37822 0
935613.968178 1916238.35719 0
935613.799574 1916238.34739 0
935613.639754 1916238.32643 0
935613.480019 1916238.31656 0
935613.320285 1916238.30669 0
935613.16055 1916238.29682 0
935612.991946 1916238.28701 0
935612.832211 1916238.27714 0
935612.663607 1916238.26734 0
935612.495002 1916238.25754 0
935612.335268 1916238.24767 0
935612.175618 1916238.2489 0
935611.998144 1916238.23916 0
935611.838495 1916238.24039 0
935611.66989 1916238.23058 0
935611.501371 1916238.23188 0
935611.332852 1916238.23317 0
935611.155378 1916238.22344 0
935610.986774 1916238.21363 0
935610.809386 1916238.21499 0
935610.631912 1916238.20526 0
935610.454438 1916238.19553 0
935610.276965 1916238.18579 0
935610.108445 1916238.18708 0
935609.922017 1916238.16633 0
935609.744629 1916238.16769 0
935609.567155 1916238.15795 0
935609.380812 1916238.14829 0
935609.203338 1916238.13855 0
935609.025865 1916238.12882 0
935608.839521 1916238.11915 0
935608.671002 1916238.12045 0
935608.484659 1916238.11078 0
935608.307186 1916238.10105 0
935608.138581 1916238.09124 0
935607.783634 1916238.07178 0
935607.606245 1916238.07314 0
935607.437641 1916238.06334 0
935607.260168 1916238.0536 0
935607.091648 1916238.0549 0
935606.914175 1916238.04516 0
935606.754525 1916238.04639 0
935606.577136 1916238.04775 0
935606.408532 1916238.03794 0
935606.240013 1916238.03924 0
935606.071494 1916238.04053 0
935605.894105 1916238.04189 0
935605.725501 1916238.03209 0
935605.548112 1916238.03345 0
935605.379508 1916238.02365 0
935605.20212 1916238.02501 0
935605.033515 1916238.01521 0
935604.864996 1916238.0165 0
935604.687523 1916238.00676 0
935604.527873 1916238.00799 0
935604.34153 1916237.99832 0
935604.181795 1916237.98845 0
935603.995537 1916237.98988 0
935603.826933 1916237.98008 0
935603.649459 1916237.97035 0
935603.489724 1916237.96048 0
935603.31225 1916237.95074 0
935602.966173 1916237.93121 0
935602.806438 1916237.92134 0
935602.628964 1916237.91161 0
935602.469314 1916237.91283 0
935602.30071 1916237.90303 0
935602.132106 1916237.89323 0
935601.972371 1916237.88336 0
935601.803767 1916237.87356 0
935601.635162 1916237.86376 0
935601.475428 1916237.85389 0
935601.315693 1916237.84402 0
935601.147089 1916237.83421 0
935600.969615 1916237.82448 0
935600.81875 1916237.81454 0
935600.650145 1916237.80474 0
935600.490325 1916237.78378 0
935600.321721 1916237.77398 0
935600.170856 1916237.76404 0
935600.002251 1916237.75424 0
935599.842517 1916237.74437 0
935599.673827 1916237.72347 0
935599.523047 1916237.72463 0
935599.354358 1916237.70373 0
935599.203407 1916237.6827 0
935599.043672 1916237.67283 0
935598.883937 1916237.66296 0
935598.724118 1916237.642 0
935598.564383 1916237.63213 0
935598.404648 1916237.62226 0
935598.244828 1916237.6013 0
935598.093963 1916237.59136 0
935597.934228 1916237.58149 0
935597.765623 1916237.57169 0
935597.614673 1916237.55066 0
935597.454938 1916237.54079 0
935597.295033 1916237.50873 0
935597.135298 1916237.49886 0
935596.975563 1916237.48899 0
935596.806789 1916237.457 0
935596.647054 1916237.44713 0
935596.487319 1916237.43726 0
935596.31863 1916237.41637 0
935596.15881 1916237.3954 0
935595.99899 1916237.37444 0
935595.848125 1916237.3645 0
935595.688305 1916237.34354 0
935595.528485 1916237.32258 0
935595.377619 1916237.31264 0
935595.217799 1916237.29168 0
935595.066849 1916237.27064 0
935594.907029 1916237.24968 0
935594.747294 1916237.23981 0
935594.587389 1916237.20775 0
935594.427654 1916237.19788 0
935594.25888 1916237.16589 0
935594.125668 1916237.14473 0
935593.948194 1916237.13499 0
935593.806028 1916237.1028 0
935593.646208 1916237.08184 0
935593.486388 1916237.06087 0
935593.335438 1916237.03984 0
935593.175448 1916236.99669 0
935593.006758 1916236.9758 0
935592.855638 1916236.93258 0
935592.695733 1916236.90052 0
935592.544697 1916236.86839 0
935592.393576 1916236.82517 0
935592.242456 1916236.78195 0
935592.082465 1916236.7388 0
935591.940299 1916236.70661 0
935591.780224 1916236.65236 0
935591.620234 1916236.60921 0
935591.460244 1916236.56606 0
935591.309123 1916236.52284 0
935591.157917 1916236.46853 0
935590.997842 1916236.41428 0
935590.85559 1916236.37099 0
935590.6956 1916236.32784 0
935590.544309 1916236.26244 0
935590.393189 1916236.21922 0
935590.250767 1916236.15374 0
935590.090777 1916236.11059 0
935589.94844 1916236.05621 0
935589.797149 1916235.9908 0
935589.646029 1916235.94758 0
935589.494738 1916235.88217 0
935589.352401 1916235.82779 0
935589.20111 1916235.76238 0
935589.049819 1916235.69698 0
935588.907398 1916235.6315 0
935588.756107 1916235.56609 0
935588.613515 1916235.47843 0
935588.471094 1916235.41296 0
935588.328417 1916235.3142 0
935588.18591 1916235.23763 0
935588.052188 1916235.1499 0
935587.900812 1916235.0734 0
935587.775959 1916234.9856 0
935587.633282 1916234.88684 0
935587.508429 1916234.79904 0
935587.374621 1916234.70021 0
935587.249768 1916234.61241 0
935587.115876 1916234.50249 0
935586.999807 1916234.40353 0
935586.866 1916234.30471 0
935586.749846 1916234.19465 0
935586.624823 1916234.08466 0
935586.508584 1916233.96351 0
935586.383561 1916233.85353 0
935586.276277 1916233.7434 0
935586.151083 1916233.61123 0
935586.043714 1916233.49001 0
935585.936344 1916233.36879 0
935585.820021 1916233.23655 0
935585.712566 1916233.10424 0
935585.506526 1916232.83954 0
935585.399072 1916232.70723 0
935585.300487 1916232.57485 0
935585.201731 1916232.42028 0
935585.103061 1916232.27681 0
935585.02213 1916232.1332 0
935584.92346 1916231.98973 0
935584.833659 1916231.84619 0
935584.743773 1916231.69155 0
935584.662842 1916231.54794 0
935584.572956 1916231.3933 0
935584.492024 1916231.24969 0
935584.402138 1916231.09506 0
935584.329991 1916230.94029 0
935584.240105 1916230.78565 0
935584.168043 1916230.64197 0
935584.087027 1916230.48727 0
935584.014965 1916230.34359 0
935583.933948 1916230.18889 0
935583.861887 1916230.04521 0
935583.798524 1916229.87927 0
935583.717677 1916229.74676 0
935583.65423 1916229.56973 0
935583.608776 1916229.42585 0
935583.545243 1916229.23773 0
935583.491005 1916229.10501 0
935583.427472 1916228.91688 0
935583.355325 1916228.76211 0
935583.309701 1916228.59604 0
935583.272862 1916228.41881 0
935583.218538 1916228.275 0
935583.181699 1916228.09776 0
935583.136245 1916227.95388 0
935583.081582 1916227.76569 0
935583.044997 1916227.62174 0
935583.016942 1916227.43335 0
935582.980273 1916227.2783 0
935582.952218 1916227.08991 0
935582.915548 1916226.93487 0
935582.887578 1916226.75757 0
935582.859778 1916226.60245 0
935582.822854 1916226.41413 0
935582.795054 1916226.25901 0
935582.758214 1916226.08178 0
935582.730329 1916225.91558 0
935582.711228 1916225.73821 0
935582.683428 1916225.5831 0
935582.655458 1916225.4058 0
935582.636528 1916225.25062 0
935582.608558 1916225.07332 0
935582.589542 1916224.90704 0
935582.561572 1916224.72974 0
935582.551426 1916224.5634 0
935582.53241 1916224.39712 0
935582.522179 1916224.21969 0
935582.512033 1916224.05335 0
935582.501887 1916223.887 0
935582.491741 1916223.72066 0
935582.481594 1916223.55432 0
935582.480318 1916223.38791 0
935582.470172 1916223.22157 0
935582.468895 1916223.05516 0
935582.467703 1916222.89984 0
935582.466427 1916222.73343 0
935582.46515 1916222.56702 0
935582.463958 1916222.4117 0
935582.453812 1916222.24536 0
935582.452621 1916222.09004 0
935582.451344 1916221.92363 0
935582.441283 1916221.76839 0
935582.431222 1916221.61314 0
935582.43003 1916221.45782 0
935582.419969 1916221.30257 0
935582.409908 1916221.14733 0
935582.408802 1916221.0031 0
935582.407695 1916220.85888 0
935582.397719 1916220.71473 0
935582.387743 1916220.57057 0
935582.395592 1916220.43738 0
935582.38553 1916220.28213 0
935582.384509 1916220.149 0
935582.374363 1916219.98266 0
935582.382126 1916219.83837 0
935582.381019 1916219.69414 0
935582.379913 1916219.54992 0
935582.378807 1916219.4057 0
935582.3777 1916219.26148 0
935582.376594 1916219.11726 0
935582.375487 1916218.97303 0
935582.383165 1916218.81765 0
935582.373274 1916218.68459 0
935582.380952 1916218.5292 0
935582.379846 1916218.38498 0
935582.378654 1916218.22967 0
935582.386417 1916218.08538 0
935582.385225 1916217.93006 0
935582.384204 1916217.79693 0
935582.383012 1916217.64161 0
935582.381991 1916217.50849 0
935582.3808 1916217.35317 0
935582.388648 1916217.21997 0
935582.387456 1916217.06466 0
935582.386435 1916216.93153 0
935582.385328 1916216.78731 0
935582.393091 1916216.64302 0
935582.39207 1916216.50989 0
935582.390963 1916216.36567 0
935582.389857 1916216.22144 0
935582.39762 1916216.07715 0
935582.396513 1916215.93293 0
935582.395407 1916215.78871 0
935582.40317 1916215.64442 0
935582.402063 1916215.5002 0
935582.400957 1916215.35597 0
935582.408635 1916215.20059 0
935582.407528 1916215.05637 0
935582.415206 1916214.90098 0
935582.4141 1916214.75676 0
935582.412993 1916214.61254 0
935582.420756 1916214.46825 0
935582.419565 1916214.31293 0
935582.418543 1916214.1798 0
935582.426221 1916214.02442 0
935582.425115 1916213.8802 0
935582.432793 1916213.72481 0
935582.431686 1916213.58059 0
935582.439449 1916213.4363 0
935582.438343 1916213.29208 0
935582.446021 1916213.13669 0
935582.444914 1916212.99247 0
935582.452677 1916212.84818 0
935582.451571 1916212.70396 0
935582.450464 1916212.55974 0
935582.458142 1916212.40435 0
935582.457036 1916212.26013 0
935582.464799 1916212.11584 0
935582.463692 1916211.97162 0
935582.47137 1916211.81623 0
935582.470263 1916211.67201 0
935582.477941 1916211.51663 0
935582.476835 1916211.3724 0
935582.484513 1916211.21702 0
935582.483406 1916211.0728 0
935582.491084 1916210.91741 0
935582.489893 1916210.7621 0
935582.497656 1916210.61781 0
935582.496379 1916210.4514 0
935582.504057 1916210.29601 0
935582.51165 1916210.12953 0
935582.510373 1916209.96312 0
935582.518051 1916209.80774 0
935582.516859 1916209.65242 0
935582.515668 1916209.49711 0
935582.514391 1916209.3307 0
935582.513284 1916209.18647 0
935582.512093 1916209.03116 0
935582.510901 1916208.87584 0
935582.50971 1916208.72052 0
935582.508518 1916208.56521 0
935582.507327 1916208.40989 0
935582.50622 1916208.26567 0
935582.505028 1916208.11035 0
935582.503837 1916207.95504 0
935582.50273 1916207.81081 0
935582.510323 1916207.64434 0
935582.500347 1916207.50018 0
935582.50794 1916207.3337 0
935582.497879 1916207.17846 0
935582.496602 1916207.01205 0
935582.495411 1916206.85673 0
935582.494134 1916206.69032 0
935582.501812 1916206.53493 0
935582.491581 1916206.3575 0
935582.499259 1916206.20211 0
935582.497982 1916206.0357 0
935582.50566 1916205.88032 0
935582.504383 1916205.71391 0
935582.503191 1916205.55859 0
935582.510784 1916205.39211 0
935582.509508 1916205.2257 0
935582.508231 1916205.05929 0
935582.507039 1916204.90398 0
935582.514632 1916204.7375 0
935582.513441 1916204.58218 0
935582.521033 1916204.4157 0
935582.519842 1916204.26039 0
935582.51848 1916204.08288 0
935582.517203 1916203.91647 0
935582.524796 1916203.74999 0
935582.523519 1916203.58358 0
935582.522243 1916203.41717 0
935582.529835 1916203.2507 0
935582.537428 1916203.08422 0
935582.536066 1916202.90671 0
935582.543659 1916202.74023 0
935582.542382 1916202.57382 0
935582.549975 1916202.40735 0
935582.548699 1916202.24094 0
935582.556291 1916202.07446 0
935582.5551 1916201.91914 0
935582.562607 1916201.74157 0
935582.561416 1916201.58625 0
935582.569009 1916201.41977 0
935582.576687 1916201.26439 0
935582.57541 1916201.09798 0
935582.574218 1916200.94266 0
935582.590681 1916200.77612 0
935582.580619 1916200.62087 0
935582.597167 1916200.46542 0
935582.59589 1916200.29901 0
935582.603483 1916200.13253 0
935582.611161 1916199.97714 0
935582.609884 1916199.81073 0
935582.617562 1916199.65535 0
935582.625155 1916199.48887 0
935582.632748 1916199.32239 0
935582.631471 1916199.15598 0
935582.639149 1916199.0006 0
935582.646742 1916198.83412 0
935582.654334 1916198.66764 0
935582.653058 1916198.50123 0
935582.660736 1916198.34585 0
935582.659544 1916198.19053 0
935582.667137 1916198.02405 0
935582.674815 1916197.86867 0
935582.673623 1916197.71335 0
935582.681216 1916197.54687 0
935582.688894 1916197.39149 0
935582.687617 1916197.22508 0
935582.695295 1916197.06969 0
935582.702888 1916196.90322 0
935582.701611 1916196.7368 0
935582.709204 1916196.57033 0
935582.708012 1916196.41501 0
935582.715605 1916196.24853 0
935582.723198 1916196.08205 0
935582.721921 1916195.91564 0
935582.720645 1916195.74923 0
935582.728237 1916195.58275 0
935582.735915 1916195.42737 0
935582.734639 1916195.26096 0
935582.742231 1916195.09448 0
935582.740955 1916194.92807 0
935582.748548 1916194.76159 0
935582.75614 1916194.59511 0
935582.754949 1916194.4398 0
935582.762456 1916194.26223 0
935582.761265 1916194.10691 0
935582.759903 1916193.92941 0
935582.767581 1916193.77402 0
935582.775089 1916193.59645 0
935582.773812 1916193.43004 0
935582.772535 1916193.26363 0
935582.780213 1916193.10824 0
935582.787721 1916192.93067 0
935582.795314 1916192.76419 0
935582.794037 1916192.59778 0
935582.80163 1916192.4313 0
935582.800353 1916192.26489 0
935582.807861 1916192.08732 0
935582.806584 1916191.92091 0
935582.805222 1916191.74341 0
935582.803946 1916191.577 0
935582.802584 1916191.39949 0
935582.801307 1916191.23308 0
935582.799945 1916191.05558 0
935582.798669 1916190.88917 0
935582.806176 1916190.71159 0
935582.79603 1916190.54525 0
935582.803538 1916190.36768 0
935582.802176 1916190.19018 0
935582.8009 1916190.02377 0
935582.808407 1916189.84619 0
935582.807045 1916189.66869 0
935582.805684 1916189.49118 0
935582.813191 1916189.31361 0
935582.811744 1916189.12501 0
935582.810468 1916188.9586 0
935582.81789 1916188.76994 0
935582.825398 1916188.59236 0
935582.824036 1916188.41486 0
935582.831544 1916188.23729 0
935582.830182 1916188.05978 0
935582.83769 1916187.88221 0
935582.845198 1916187.70464 0
935582.843836 1916187.52713 0
935582.851343 1916187.34956 0
935582.858936 1916187.18308 0
935582.857575 1916187.00558 0
935582.865167 1916186.8391 0
935582.863806 1916186.6616 0
935582.871398 1916186.49512 0
935582.887861 1916186.32857 0
935582.886584 1916186.16216 0
935582.894092 1916185.98459 0
935582.901599 1916185.80702 0
935582.909192 1916185.64054 0
935582.9167 1916185.46297 0
935582.924208 1916185.28539 0
935582.9318 1916185.11892 0
935582.939308 1916184.94134 0
935582.946901 1916184.77486 0
935582.954409 1916184.59729 0
935582.961916 1916184.41972 0
935582.969424 1916184.24215 0
935582.976932 1916184.06458 0
935582.984439 1916183.887 0
935583.000817 1916183.70936 0
935583.008324 1916183.53179 0
935583.015832 1916183.35422 0
935583.02334 1916183.17665 0
935583.039717 1916182.99901 0
935583.038355 1916182.8215 0
935583.045863 1916182.64393 0
935583.053371 1916182.46636 0
935583.060793 1916182.27769 0
935583.068301 1916182.10012 0
935583.066769 1916181.90042 0
935583.074277 1916181.72285 0
935583.072745 1916181.52316 0
935583.071298 1916181.33456 0
935583.069851 1916181.14596 0
935583.077188 1916180.9462 0
935583.066957 1916180.76877 0
935583.074294 1916180.56901 0
935583.071316 1916180.18072 0
935583.078738 1916179.99205 0
935583.077291 1916179.80345 0
935583.084714 1916179.61478 0
935583.083267 1916179.42619 0
935583.09069 1916179.23752 0
935583.089243 1916179.04892 0
935583.09675 1916178.87135 0
935583.095218 1916178.67166 0
935583.102641 1916178.48299 0
935583.110064 1916178.29432 0
935583.117486 1916178.10566 0
935583.124994 1916177.92809 0
935583.123547 1916177.73949 0
935583.131055 1916177.56191 0
935583.138477 1916177.37325 0
935583.137031 1916177.18465 0
935583.144368 1916176.98489 0
935583.151791 1916176.79622 0
935583.150259 1916176.59653 0
935583.157596 1916176.39677 0
935583.164934 1916176.19701 0
935583.181056 1916175.98609 0
935583.179609 1916175.79749 0
935583.2046 1916175.5865 0
935583.203068 1916175.38681 0
935583.219275 1916175.18698 0
935583.226613 1916174.98722 0
935583.24282 1916174.78739 0
935583.259027 1916174.58756 0
935583.266449 1916174.39889 0
935583.273787 1916174.19913 0
935583.290079 1916174.0104 0
935583.297501 1916173.82173 0
935583.304839 1916173.62197 0
935583.312347 1916173.4444 0
935583.328554 1916173.24457 0
935583.327192 1916173.06707 0
935583.343484 1916172.87833 0
935583.342037 1916172.68973 0
935583.34946 1916172.50107 0
935583.356967 1916172.3235 0
935583.36439 1916172.13483 0
935583.363028 1916171.95732 0
935583.370451 1916171.76866 0
935583.377873 1916171.57999 0
935583.385381 1916171.40242 0
935583.384019 1916171.22492 0
935583.391527 1916171.04734 0
935583.390165 1916170.86984 0
935583.397758 1916170.70336 0
935583.405181 1916170.51469 0
935583.403904 1916170.34828 0
935583.411412 1916170.17071 0
935583.41892 1916169.99314 0
935583.417643 1916169.82673 0
935583.416366 1916169.66032 0
935583.423959 1916169.49384 0
935583.431552 1916169.32736 0
935583.430275 1916169.16095 0
935583.437783 1916168.98338 0
935583.445376 1916168.8169 0
935583.452884 1916168.63933 0
935583.451607 1916168.47292 0
935583.45903 1916168.28425 0
935583.466537 1916168.10668 0
935583.47396 1916167.91801 0
935583.481468 1916167.74044 0
935583.480021 1916167.55184 0
935583.487444 1916167.36318 0
935583.494866 1916167.17451 0
935583.502289 1916166.98584 0
935583.509711 1916166.79718 0
935583.517134 1916166.60851 0
935583.524642 1916166.43094 0
935583.523195 1916166.24234 0
935583.539402 1916166.04251 0
935583.537955 1916165.85391 0
935583.554247 1916165.66518 0
935583.561585 1916165.46542 0
935583.568922 1916165.26566 0
935583.576345 1916165.07699 0
935583.583682 1916164.87723 0
935583.59102 1916164.67747 0
935583.598358 1916164.47771 0
935583.596911 1916164.28911 0
935583.613118 1916164.08928 0
935583.62054 1916163.90062 0
935583.627963 1916163.71195 0
935583.6353 1916163.51219 0
935583.642723 1916163.32352 0
935583.650146 1916163.13486 0
935583.657568 1916162.94619 0
935583.664906 1916162.74643 0
935583.672414 1916162.56886 0
935583.679836 1916162.38019 0
935583.687259 1916162.19153 0
935583.694682 1916162.00286 0
935583.702104 1916161.81419 0
935583.700657 1916161.62559 0
935583.70808 1916161.43693 0
935583.715588 1916161.25936 0
935583.714141 1916161.07076 0
935583.721564 1916160.88209 0
935583.720117 1916160.69349 0
935583.727624 1916160.51592 0
935583.726178 1916160.32732 0
935583.733685 1916160.14975 0
935583.741108 1916159.96108 0
935583.730877 1916159.78365 0
935583.738299 1916159.59498 0
935583.736852 1916159.40638 0
935583.74419 1916159.20662 0
935583.742743 1916159.01802 0
935583.741126 1916158.80724 0
935583.748464 1916158.60748 0
935583.746761 1916158.3856 0
935583.745229 1916158.1859 0
935583.743612 1916157.97512 0
935583.741995 1916157.76433 0
935583.740378 1916157.55354 0
935583.747631 1916157.34269 0
935583.746099 1916157.143 0
935583.753436 1916156.94324 0
935583.760689 1916156.73238 0
935583.768111 1916156.54372 0
935583.775449 1916156.34396 0
935583.782701 1916156.1331 0
935583.790124 1916155.94444 0
935583.797461 1916155.74467 0
935583.813754 1916155.55594 0
935583.821006 1916155.34509 0
935583.828344 1916155.14533 0
935583.853505 1916154.95652 0
935583.860758 1916154.74567 0
935583.877135 1916154.56803 0
935583.893342 1916154.3682 0
935583.909634 1916154.17947 0
935583.925841 1916153.97964 0
935583.942134 1916153.7909 0
935583.958341 1916153.59107 0
935583.974718 1916153.41343 0
935583.999709 1916153.20244 0
935584.007217 1916153.02487 0
935584.032379 1916152.83607 0
935584.039801 1916152.6474 0
935584.056094 1916152.45867 0
935584.063601 1916152.28109 0
935584.079894 1916152.09236 0
935584.087401 1916151.91479 0
935584.094824 1916151.72612 0
935584.102332 1916151.54855 0
935584.10984 1916151.37098 0
935584.108478 1916151.19347 0
935584.115986 1916151.0159 0
935584.114454 1916150.81621 0
935584.113007 1916150.62761 0
935584.120344 1916150.42785 0
935584.118898 1916150.23925 0
935584.117366 1916150.03956 0
935584.115834 1916149.83987 0
935584.114217 1916149.62908 0
935584.1039 1916149.44055 0
935584.102368 1916149.24086 0
935584.100836 1916149.04116 0
935584.099304 1916148.84147 0
935584.097857 1916148.65287 0
935584.096411 1916148.46428 0
935584.103748 1916148.26452 0
935584.093517 1916148.08708 0
935584.100854 1916147.88732 0
935584.090623 1916147.70988 0
935584.098046 1916147.52122 0
935584.096599 1916147.33262 0
935584.086453 1916147.16628 0
935584.093876 1916146.97761 0
935584.092514 1916146.8001 0
935584.099936 1916146.61144 0
935584.098575 1916146.43393 0
935584.097213 1916146.25643 0
935584.104721 1916146.07886 0
935584.103359 1916145.90135 0
935584.110697 1916145.70159 0
935584.116843 1916145.34652 0
935584.124265 1916145.15785 0
935584.122818 1916144.96925 0
935584.130241 1916144.78058 0
935584.137664 1916144.59192 0
935584.136217 1916144.40332 0
935584.152424 1916144.20349 0
935584.150977 1916144.01489 0
935584.1584 1916143.82623 0
935584.165737 1916143.62647 0
935584.173245 1916143.44889 0
935584.180583 1916143.24913 0
935584.188091 1916143.07156 0
935584.195513 1916142.8829 0
935584.203021 1916142.70532 0
935584.201574 1916142.51672 0
935584.200213 1916142.33922 0
935584.207805 1916142.17274 0
935584.215228 1916141.98408 0
935584.213866 1916141.80657 0
935584.212505 1916141.62907 0
935584.220012 1916141.45149 0
935584.218651 1916141.27399 0
935584.226244 1916141.10751 0
935584.224882 1916140.93001 0
935584.22352 1916140.7525 0
935584.222158 1916140.575 0
935584.220797 1916140.39749 0
935584.219435 1916140.21999 0
935584.218073 1916140.04249 0
935584.225581 1916139.86491 0
935584.215265 1916139.67638 0
935584.222772 1916139.49881 0
935584.23028 1916139.32124 0
935584.220049 1916139.1438 0
935584.227472 1916138.95514 0
935584.235065 1916138.78866 0
935584.242487 1916138.59999 0
935584.24991 1916138.41132 0
935584.257418 1916138.23375 0
935584.255971 1916138.04515 0
935584.263394 1916137.85649 0
935584.270816 1916137.66782 0
935584.278239 1916137.47916 0
935584.294531 1916137.29042 0
935584.302039 1916137.11285 0
935584.309547 1916136.93528 0
935584.316969 1916136.74661 0
935584.324477 1916136.56904 0
935584.3319 1916136.38037 0
935584.346916 1916136.02523 0
935584.354423 1916135.84765 0
935584.361846 1916135.65899 0
935584.360569 1916135.49258 0
935584.376862 1916135.30384 0
935584.375585 1916135.13743 0
935584.383093 1916134.95986 0
935584.390601 1916134.78229 0
935584.398194 1916134.61581 0
935584.405701 1916134.43824 0
935584.404425 1916134.27183 0
935584.411933 1916134.09425 0
935584.419526 1916133.92778 0
935584.427033 1916133.7502 0
935584.425757 1916133.58379 0
935584.433265 1916133.40622 0
935584.440857 1916133.23974 0
935584.439496 1916133.06224 0
935584.447004 1916132.88467 0
935584.454511 1916132.70709 0
935584.45315 1916132.52959 0
935584.460657 1916132.35202 0
935584.468165 1916132.17444 0
935584.466718 1916131.98585 0
935584.474226 1916131.80827 0
935584.481734 1916131.6307 0
935584.480287 1916131.4421 0
935584.487795 1916131.26453 0
935584.495133 1916131.06477 0
935584.493771 1916130.88727 0
935584.501108 1916130.68751 0
935584.517401 1916130.49877 0
935584.524738 1916130.29901 0
935584.532161 1916130.11034 0
935584.548453 1916129.92161 0
935584.555876 1916129.73294 0
935584.589907 1916129.54407 0
935584.6062 1916129.35534 0
935584.649186 1916129.17749 0
935584.692172 1916128.99965 0
935584.726288 1916128.82187 0
935584.769274 1916128.64403 0
935584.81226 1916128.46618 0
935584.846377 1916128.28841 0
935584.889448 1916128.12166 0
935584.932434 1916127.94381 0
935584.97542 1916127.76597 0
935585.018491 1916127.59922 0
935585.061477 1916127.42137 0
935585.104463 1916127.24353 0
935585.156318 1916127.06562 0
935585.199304 1916126.88777 0
935585.25116 1916126.70986 0
935585.303016 1916126.53195 0
935585.346002 1916126.3541 0
935585.397772 1916126.1651 0
935585.458497 1916125.98711 0
935585.501483 1916125.80927 0
935585.553339 1916125.63136 0
935585.614064 1916125.45338 0
935585.666005 1916125.28656 0
935585.71786 1916125.10865 0
935585.778671 1916124.94176 0
935585.839396 1916124.76378 0
935585.900206 1916124.59689 0
935585.961016 1916124.43001 0
935586.021826 1916124.26312 0
935586.073852 1916124.10739 0
935586.143447 1916123.92935 0
935586.195473 1916123.77362 0
935586.265153 1916123.60667 0
935586.317178 1916123.45094 0
935586.386773 1916123.27289 0
935586.447669 1916123.1171 0
935586.508564 1916122.96131 0
935586.578244 1916122.79435 0
935586.647924 1916122.6274 0
935586.717689 1916122.47154 0
935586.787453 1916122.31568 0
935586.857218 1916122.15982 0
935586.935853 1916122.00389 0
935587.014487 1916121.84796 0
935587.093122 1916121.69203 0
935587.180626 1916121.53603 0
935587.26813 1916121.38004 0
935587.364504 1916121.22397 0
935587.460877 1916121.06791 0
935587.557336 1916120.92294 0
935587.65371 1916120.76687 0
935587.758953 1916120.61074 0
935587.855412 1916120.46577 0
935587.960655 1916120.30964 0
935588.065983 1916120.1646 0
935588.26777 1916119.87459 0
935588.381968 1916119.72948 0
935588.487296 1916119.58444 0
935588.601579 1916119.45043 0
935588.715862 1916119.31642 0
935588.83006 1916119.17131 0
935588.944343 1916119.0373 0
935589.067496 1916118.90322 0
935589.190648 1916118.76914 0
935589.322756 1916118.64608 0
935589.445908 1916118.512 0
935589.578015 1916118.38895 0
935589.718992 1916118.26582 0
935589.851099 1916118.14277 0
935589.992076 1916118.01965 0
935590.124184 1916117.89659 0
935590.256376 1916117.78463 0
935590.397438 1916117.6726 0
935590.529545 1916117.54955 0
935590.661822 1916117.44868 0
935590.802884 1916117.33665 0
935590.926207 1916117.22476 0
935591.076224 1916117.12376 0
935591.199547 1916117.01186 0
935591.349563 1916116.91086 0
935591.481841 1916116.80999 0
935591.631772 1916116.6979 0
935591.764135 1916116.60812 0
935591.914151 1916116.50712 0
935592.046514 1916116.41735 0
935592.196531 1916116.31635 0
935592.328893 1916116.22657 0
935592.478995 1916116.13667 0
935592.620227 1916116.04682 0
935592.770329 1916115.95692 0
935592.902776 1916115.87824 0
935593.061748 1916115.78826 0
935593.20315 1916115.72061 0
935593.353252 1916115.6307 0
935593.494654 1916115.56305 0
935593.644756 1916115.47314 0
935593.786158 1916115.40549 0
935593.936345 1916115.32667 0
935594.095487 1916115.25888 0
935594.245759 1916115.19116 0
935594.4049 1916115.12337 0
935594.555172 1916115.05565 0
935594.714314 1916114.98786 0
935594.864671 1916114.93124 0
935595.014943 1916114.86352 0
935595.1653 1916114.80689 0
935595.324526 1916114.75019 0
935595.474883 1916114.69357 0
935595.62524 1916114.63694 0
935595.784552 1916114.59134 0
935595.934909 1916114.53471 0
935596.085351 1916114.48918 0
935596.235708 1916114.43255 0
935596.38615 1916114.38702 0
935596.536593 1916114.34149 0
935596.68695 1916114.28486 0
935596.837477 1916114.25042 0
935596.987919 1916114.20489 0
935597.297758 1916114.12485 0
935597.439331 1916114.07939 0
935597.589943 1916114.05604 0
935597.740385 1916114.01051 0
935597.890997 1916113.98717 0
935598.050394 1916113.95266 0
935598.209791 1916113.91815 0
935598.378057 1916113.88358 0
935598.546324 1916113.849 0
935598.723545 1916113.82546 0
935598.900681 1916113.79081 0
935599.077902 1916113.76726 0
935599.263992 1916113.74365 0
935599.441214 1916113.7201 0
935599.618435 1916113.69655 0
935599.804525 1916113.67293 0
935599.990701 1916113.66041 0
935600.176791 1916113.63679 0
935600.362967 1916113.62427 0
935600.549058 1916113.60066 0
935600.735319 1916113.59923 0
935600.91254 1916113.57568 0
935601.098715 1916113.56316 0
935601.284891 1916113.55063 0
935601.462197 1916113.53818 0
935601.648373 1916113.52566 0
935601.825679 1916113.5132 0
935602.011855 1916113.50068 0
935602.189161 1916113.48823 0
935602.366552 1916113.48686 0
935602.534989 1916113.47448 0
935602.71238 1916113.47312 0
935602.880816 1916113.46073 0
935603.049338 1916113.45944 0
935603.226729 1916113.45808 0
935603.395166 1916113.44569 0
935603.563687 1916113.4444 0
935603.741079 1916113.44304 0
935603.909515 1916113.43065 0
935604.069252 1916113.44052 0
935604.237774 1916113.43923 0
935604.41508 1916113.42678 0
935604.583602 1916113.42548 0
935604.760993 1916113.42412 0
935604.938384 1916113.42276 0
935605.124645 1916113.42133 0
935605.302036 1916113.41997 0
935605.497252 1916113.42957 0
935605.674558 1916113.41712 0
935605.860904 1916113.42678 0
935606.047165 1916113.42535 0
935606.233425 1916113.42393 0
935606.410902 1916113.43366 0
935606.597162 1916113.43223 0
935606.765684 1916113.43094 0
935606.960899 1916113.44054 0
935607.138206 1916113.42808 0
935607.315597 1916113.42672 0
935607.501858 1916113.42529 0
935607.670379 1916113.424 0
935607.856725 1916113.43367 0
935608.025162 1916113.42128 0
935608.211422 1916113.41985 0
935608.379944 1916113.41856 0
935608.557335 1916113.4172 0
935608.734727 1916113.41584 0
935608.912118 1916113.41448 0
935609.080639 1916113.41319 0
935609.249161 1916113.41189 0
935609.417683 1916113.4106 0
935609.586204 1916113.40931 0
935609.754811 1916113.41911 0
935609.932202 1916113.41775 0
935610.100724 1916113.41646 0
935610.2782 1916113.42619 0
935610.446637 1916113.4138 0
935610.624113 1916113.42354 0
935610.792635 1916113.42225 0
935610.970026 1916113.42089 0
935611.156287 1916113.41946 0
935611.333763 1916113.42919 0
935611.520024 1916113.42776 0
935611.7062 1916113.41524 0
935611.883676 1916113.42497 0
935612.069937 1916113.42355 0
935612.256197 1916113.42212 0
935612.442458 1916113.42069 0
935612.628719 1916113.41926 0
935612.992371 1916113.41647 0
935613.178632 1916113.41504 0
935613.364893 1916113.41362 0
935613.551153 1916113.41219 0
935613.737414 1916113.41076 0
935613.923675 1916113.40933 0
935614.118805 1916113.40784 0
935614.296196 1916113.40648 0
935614.491327 1916113.40498 0
935614.677588 1916113.40355 0
935614.863848 1916113.40212 0
935615.058894 1916113.38953 0
935615.245239 1916113.3992 0
935615.4315 1916113.39777 0
935615.617761 1916113.39634 0
935615.804022 1916113.39491 0
935615.990283 1916113.39349 0
935616.176543 1916113.39206 0
935616.362804 1916113.39063 0
935616.549065 1916113.3892 0
935616.735326 1916113.38777 0
935616.921586 1916113.38634 0
935617.098978 1916113.38498 0
935617.285324 1916113.39465 0
935617.46263 1916113.3822 0
935617.640106 1916113.39193 0
935617.817412 1916113.37948 0
935618.003758 1916113.38914 0
935618.181149 1916113.38778 0
935618.358455 1916113.37533 0
935618.535932 1916113.38506 0
935618.713323 1916113.3837 0
935618.890714 1916113.38234 0
935619.068105 1916113.38098 0
935619.245582 1916113.39071 0
935619.431842 1916113.38929 0
935619.600449 1916113.39909 0
935619.795579 1916113.39759 0
935619.972971 1916113.39623 0
935620.150532 1916113.41706 0
935620.327923 1916113.4157 0
935620.514269 1916113.42537 0
935620.691745 1916113.4351 0
935620.878006 1916113.43367 0
935621.055482 1916113.44341 0
935621.241828 1916113.45307 0
935621.419304 1916113.46281 0
935621.605565 1916113.46138 0
935621.783041 1916113.47111 0
935621.969302 1916113.46968 0
935622.137909 1916113.47949 0
935622.324255 1916113.48915 0
935622.501731 1916113.49889 0
935622.679207 1916113.50862 0
935622.856599 1916113.50726 0
935623.042859 1916113.50583 0
935623.229205 1916113.5155 0
935623.406681 1916113.52523 0
935623.584073 1916113.52387 0
935623.761634 1916113.5447 0
935623.947895 1916113.54327 0
935624.125371 1916113.55301 0
935624.302762 1916113.55165 0
935624.489193 1916113.57241 0
935624.675454 1916113.57098 0
935624.8618 1916113.58064 0
935625.04806 1916113.57922 0
935625.234406 1916113.58888 0
935625.429622 1916113.59848 0
935625.607013 1916113.59712 0
935625.802228 1916113.60672 0
935625.988574 1916113.61638 0
935626.183704 1916113.61489 0
935626.37892 1916113.62449 0
935626.574135 1916113.63408 0
935626.760481 1916113.64375 0
935626.946742 1916113.64232 0
935627.133003 1916113.64089 0
935627.319348 1916113.65056 0
935627.505609 1916113.64913 0
935627.691955 1916113.6588 0
935627.88717 1916113.6684 0
935628.073516 1916113.67806 0
935628.268646 1916113.67657 0
935628.454992 1916113.68623 0
935628.650123 1916113.68474 0
935628.845338 1916113.69433 0
935629.040553 1916113.70393 0
935629.244553 1916113.70237 0
935629.448638 1916113.7119 0
935629.643769 1916113.7104 0
935629.865508 1916113.7087 0
935630.060723 1916113.7183 0
935630.264723 1916113.71674 0
935630.459938 1916113.72634 0
935630.663853 1916113.71368 0
935630.850199 1916113.72334 0
935631.062983 1916113.71062 0
935631.258114 1916113.70912 0
935631.462028 1916113.69646 0
935631.648204 1916113.68394 0
935631.852119 1916113.67128 0
935632.038295 1916113.65876 0
935632.24221 1916113.6461 0
935632.419431 1916113.62256 0
935632.623345 1916113.6099 0
935632.809351 1916113.57519 0
935633.004311 1916113.55151 0
935633.190402 1916113.52789 0
935633.394232 1916113.50414 0
935633.562498 1916113.46956 0
935633.757374 1916113.43479 0
935633.943379 1916113.40008 0
935634.138169 1916113.3542 0
935634.315305 1916113.31956 0
935634.510096 1916113.27369 0
935634.696016 1916113.22789 0
935634.899591 1916113.17085 0
935635.076642 1916113.12512 0
935635.271177 1916113.04596 0
935635.456928 1916112.97797 0
935635.642678 1916112.90998 0
935635.819644 1916112.85315 0
935636.014094 1916112.7629 0
935636.182106 1916112.69505 0
935636.376556 1916112.6048 0
935636.562221 1916112.52571 0
935636.747887 1916112.44663 0
935636.915558 1916112.33439 0
935637.110093 1916112.25524 0
935637.26898 1916112.15417 0
935637.436651 1916112.04194 0
935637.586668 1916111.94094 0
935637.763379 1916111.85082 0
935637.93992 1916111.73852 0
935638.107506 1916111.6152 0
935638.266223 1916111.49194 0
935638.425025 1916111.37978 0
935638.574957 1916111.26768 0
935638.724804 1916111.14449 0
935638.874652 1916111.0213 0
935639.015629 1916110.89818 0
935639.165391 1916110.76389 0
935639.306284 1916110.62968 0
935639.447176 1916110.49546 0
935639.5792 1916110.36131 0
935639.720007 1916110.216 0
935639.843076 1916110.07083 0
935639.966059 1916109.91456 0
935640.098082 1916109.78041 0
935640.221065 1916109.62415 0
935640.335179 1916109.46795 0
935640.458078 1916109.30058 0
935640.572277 1916109.15548 0
935640.686305 1916108.98818 0
935640.79155 1916108.83205 0
935640.88784 1916108.66489 0
935640.984129 1916108.49774 0
935641.071634 1916108.34174 0
935641.167924 1916108.17458 0
935641.255344 1916108.00749 0
935641.33381 1916107.82938 0
935641.42123 1916107.66229 0
935641.490911 1916107.49533 0
935641.569462 1916107.32831 0
935641.639228 1916107.17245 0
935641.700039 1916107.00556 0
935641.769635 1916106.82752 0
935641.821577 1916106.6607 0
935641.882389 1916106.49381 0
935641.9432 1916106.32692 0
935641.986188 1916106.14908 0
935642.046999 1916105.98219 0
935642.090072 1916105.81544 0
935642.133144 1916105.64869 0
935642.167347 1916105.48201 0
935642.210334 1916105.30417 0
935642.244537 1916105.13749 0
935642.27874 1916104.9708 0
935642.313028 1916104.81521 0
935642.338361 1916104.6486 0
935642.363694 1916104.48199 0
935642.389112 1916104.32647 0
935642.405576 1916104.15992 0
935642.422125 1916104.00447 0
935642.438588 1916103.83792 0
935642.463922 1916103.67131 0
935642.48047 1916103.51586 0
935642.48815 1916103.36047 0
935642.513483 1916103.19386 0
935642.521162 1916103.03847 0
935642.537626 1916102.87193 0
935642.554089 1916102.70538 0
935642.570553 1916102.53883 0
935642.578232 1916102.38345 0
935642.594696 1916102.2169 0
935642.593505 1916102.06159 0
935642.618754 1916101.88388 0
935642.617563 1916101.72856 0
935642.633942 1916101.55092 0
935642.632666 1916101.38451 0
935642.649045 1916101.20687 0
935642.656554 1916101.0293 0
935642.655194 1916100.8518 0
935642.671572 1916100.67415 0
935642.670212 1916100.49665 0
935642.668851 1916100.31915 0
935642.67636 1916100.14157 0
935642.683785 1916099.95291 0
935642.673469 1916099.76438 0
935642.680979 1916099.5868 0
935642.679533 1916099.39821 0
935642.676642 1916099.02101 0
935642.675196 1916098.83241 0
935642.664881 1916098.64388 0
935642.672305 1916098.45522 0
935642.670945 1916098.27771 0
935642.660545 1916098.07809 0
935642.668054 1916097.90051 0
935642.666608 1916097.71192 0
935642.656293 1916097.52339 0
935642.654763 1916097.32369 0
935642.644533 1916097.14626 0
935642.643087 1916096.95766 0
935642.632772 1916096.76913 0
935642.640281 1916096.59156 0
935642.630051 1916096.41412 0
935642.628521 1916096.21443 0
935642.618376 1916096.04808 0
935642.608061 1916095.85955 0
935642.6067 1916095.68205 0
935642.59647 1916095.50461 0
935642.586155 1916095.31608 0
935642.584794 1916095.13858 0
935642.574564 1916094.96114 0
935642.545065 1916094.58415 0
935642.543704 1916094.40665 0
935642.533474 1916094.22921 0
935642.514289 1916094.04075 0
935642.504144 1916093.87441 0
935642.493829 1916093.68587 0
935642.47473 1916093.50851 0
935642.473369 1916093.331 0
935642.463139 1916093.15357 0
935642.443954 1916092.9651 0
935642.442594 1916092.7876 0
935642.423494 1916092.61023 0
935642.422049 1916092.42163 0
935642.402864 1916092.23317 0
935642.401504 1916092.05567 0
935642.382319 1916091.8672 0
935642.372004 1916091.67867 0
935642.361689 1916091.49014 0
935642.342589 1916091.31277 0
935642.332274 1916091.12424 0
935642.313089 1916090.93578 0
935642.311729 1916090.75828 0
935642.292629 1916090.58091 0
935642.273529 1916090.40354 0
935642.263214 1916090.21501 0
935642.252984 1916090.03757 0
935642.233885 1916089.86021 0
935642.223654 1916089.68277 0
935642.213424 1916089.50533 0
935642.194325 1916089.32797 0
935642.175225 1916089.1506 0
935642.16508 1916088.98425 0
935642.15485 1916088.80682 0
935642.135835 1916088.64054 0
935642.116736 1916088.46318 0
935642.106591 1916088.29683 0
935642.087576 1916088.13056 0
935642.077431 1916087.96422 0
935642.058416 1916087.79794 0
935642.039402 1916087.63167 0
935642.029257 1916087.46533 0
935642.010242 1916087.29905 0
935642.000182 1916087.1438 0
935641.981167 1916086.97753 0
935641.971022 1916086.81119 0
935641.952008 1916086.64491 0
935641.933078 1916086.48973 0
935641.923018 1916086.33448 0
935641.904088 1916086.1793 0
935641.894028 1916086.02405 0
935641.875099 1916085.86887 0
935641.856169 1916085.71369 0
935641.846109 1916085.55845 0
935641.82718 1916085.40327 0
935641.808165 1916085.23699 0
935641.79802 1916085.07065 0
935641.779005 1916084.90437 0
935641.76886 1916084.73803 0
935641.74976 1916084.56066 0
935641.721876 1916084.39446 0
935641.711731 1916084.22812 0
935641.692802 1916084.07294 0
935641.673702 1916083.89557 0
935641.654687 1916083.72929 0
935641.626803 1916083.56309 0
935641.607788 1916083.39681 0
935641.588774 1916083.23054 0
935641.560804 1916083.05324 0
935641.541875 1916082.89806 0
935641.513906 1916082.72076 0
935641.486021 1916082.55455 0
935641.467007 1916082.38828 0
935641.439122 1916082.22207 0
935641.411238 1916082.05586 0
935641.392138 1916081.8785 0
935641.355385 1916081.71236 0
935641.327415 1916081.53506 0
935641.308401 1916081.36878 0
935641.271562 1916081.19155 0
935641.243677 1916081.02534 0
935641.215708 1916080.84804 0
935641.187739 1916080.67074 0
935641.15977 1916080.49344 0
935641.122931 1916080.31621 0
935641.094876 1916080.12782 0
935641.049083 1916079.93956 0
935641.021199 1916079.77335 0
935640.984275 1916079.58502 0
935640.956305 1916079.40772 0
935640.919466 1916079.23049 0
935640.891497 1916079.05319 0
935640.845789 1916078.87603 0
935640.817819 1916078.69873 0
935640.78098 1916078.52149 0
935640.744227 1916078.35536 0
935640.707388 1916078.17812 0
935640.670634 1916078.01199 0
935640.633795 1916077.83475 0
935640.597041 1916077.66861 0
935640.560202 1916077.49138 0
935640.523533 1916077.33634 0
935640.486609 1916077.14801 0
935640.449855 1916076.98187 0
935640.404232 1916076.8158 0
935640.367393 1916076.63857 0
935640.330639 1916076.47243 0
935640.293885 1916076.30629 0
935640.248262 1916076.14022 0
935640.211508 1916075.97409 0
935640.165799 1916075.79692 0
935640.129131 1916075.64188 0
935640.083422 1916075.46471 0
935640.046668 1916075.29857 0
935640.009914 1916075.13244 0
935639.964291 1916074.96637 0
935639.927622 1916074.81132 0
935639.881998 1916074.64525 0
935639.83646 1916074.49027 0
935639.799706 1916074.32414 0
935639.754167 1916074.16916 0
935639.708629 1916074.01418 0
935639.663005 1916073.84811 0
935639.617467 1916073.69314 0
935639.571929 1916073.53816 0
935639.526305 1916073.37209 0
935639.480767 1916073.21711 0
935639.435143 1916073.05104 0
935639.389604 1916072.89607 0
935639.343981 1916072.73 0
935639.298442 1916072.57502 0
935639.252819 1916072.40895 0
935639.20728 1916072.25397 0
935639.161657 1916072.0879 0
935639.124988 1916071.93286 0
935639.079364 1916071.76679 0
935639.033741 1916071.60072 0
935638.988202 1916071.44574 0
935638.942579 1916071.27967 0
935638.896955 1916071.1136 0
935638.851417 1916070.95862 0
935638.805708 1916070.78146 0
935638.76017 1916070.62648 0
935638.714546 1916070.46041 0
935638.669008 1916070.30544 0
935638.623299 1916070.12827 0
935638.577761 1916069.9733 0
935638.532222 1916069.81832 0
935638.486684 1916069.66334 0
935638.432275 1916069.50844 0
935638.386737 1916069.35346 0
935638.341283 1916069.20958 0
935638.28679 1916069.04357 0
935638.232467 1916068.89976 0
935638.178059 1916068.74485 0
935638.13252 1916068.58988 0
935638.078112 1916068.43497 0
935638.032574 1916068.27999 0
935637.969296 1916068.12515 0
935637.914803 1916067.95915 0
935637.85161 1916067.8154 0
935637.797202 1916067.66049 0
935637.751663 1916067.50552 0
935637.697255 1916067.35061 0
935637.633978 1916067.19577 0
935637.588439 1916067.04079 0
935637.525246 1916066.89705 0
935637.470838 1916066.74214 0
935637.41643 1916066.58723 0
935637.362022 1916066.43232 0
935637.307699 1916066.28851 0
935637.244336 1916066.12257 0
935637.190098 1916065.98985 0
935637.135519 1916065.81276 0
935637.072242 1916065.65792 0
935637.008879 1916065.49198 0
935636.954556 1916065.34817 0
935636.900147 1916065.19326 0
935636.845739 1916065.03835 0
935636.791331 1916064.88344 0
935636.728053 1916064.7286 0
935636.673645 1916064.57369 0
935636.619322 1916064.42988 0
935636.564829 1916064.26388 0
935636.501636 1916064.12013 0
935636.447143 1916063.95413 0
935636.392735 1916063.79922 0
935636.338326 1916063.64431 0
935636.275048 1916063.48947 0
935636.220555 1916063.32347 0
935636.166147 1916063.16856 0
935636.111739 1916063.01365 0
935636.057246 1916062.84765 0
935636.002752 1916062.68165 0
935635.939304 1916062.50462 0
935635.884811 1916062.33862 0
935635.830318 1916062.17261 0
935635.77574 1916061.99552 0
935635.721246 1916061.82951 0
935635.666753 1916061.66351 0
935635.60339 1916061.49758 0
935635.548812 1916061.32048 0
935635.485449 1916061.15455 0
935635.43974 1916060.97738 0
935635.376377 1916060.81145 0
935635.330754 1916060.64538 0
935635.258436 1916060.46842 0
935635.212813 1916060.30235 0
935635.14945 1916060.13641 0
935635.094956 1916059.97041 0
935635.040378 1916059.79331 0
935634.9771 1916059.63847 0
935634.922607 1916059.47247 0
935634.868114 1916059.30647 0
935634.804751 1916059.14054 0
935634.750257 1916058.97453 0
935634.686894 1916058.8086 0
935634.632401 1916058.6426 0
935634.569038 1916058.47666 0
935634.51463 1916058.32175 0
935634.460052 1916058.14466 0
935634.396689 1916057.97872 0
935634.333156 1916057.7906 0
935634.269708 1916057.61357 0
935634.20626 1916057.43654 0
935634.142812 1916057.25952 0
935634.079279 1916057.07139 0
935634.0247 1916056.8943 0
935633.952383 1916056.71734 0
935633.888935 1916056.54031 0
935633.816617 1916056.36335 0
935633.753169 1916056.18632 0
935633.698591 1916056.00922 0
935633.626273 1916055.83226 0
935633.562825 1916055.65523 0
935633.508332 1916055.48923 0
935633.436014 1916055.31227 0
935633.372566 1916055.13524 0
935633.300333 1916054.96938 0
935633.24584 1916054.80337 0
935633.182392 1916054.62635 0
935633.119029 1916054.46041 0
935633.046711 1916054.28345 0
935632.992303 1916054.12854 0
935632.919985 1916053.95158 0
935632.865492 1916053.78558 0
935632.793174 1916053.60862 0
935632.738596 1916053.43152 0
935632.648709 1916053.27689 0
935632.593961 1916053.0776 0
935632.521813 1916052.92283 0
935632.44941 1916052.73478 0
935632.394917 1916052.56877 0
935632.313645 1916052.38079 0
935632.241497 1916052.22602 0
935632.169009 1916052.02687 0
935632.096862 1916051.87209 0
935632.024374 1916051.67295 0
935631.952226 1916051.51817 0
935631.879824 1916051.33012 0
935631.807591 1916051.16425 0
935631.744058 1916050.97613 0
935631.67191 1916050.82136 0
935631.599592 1916050.6444 0
935631.536314 1916050.48956 0
935631.464082 1916050.32369 0
935631.400804 1916050.16885 0
935631.328571 1916050.00298 0
935631.274248 1916049.85917 0
935631.2021 1916049.7044 0
935631.147777 1916049.56058 0
935631.084584 1916049.41684 0
935631.021476 1916049.28419 0
935630.967153 1916049.14037 0
935630.904045 1916049.00772 0
935630.849806 1916048.875 0
935630.795653 1916048.75337 0
935630.732545 1916048.62072 0
935630.687261 1916048.49903 0
935630.633108 1916048.3774 0
935630.578955 1916048.25577 0
935630.533671 1916048.13408 0
935630.479603 1916048.02355 0
935630.434404 1916047.91295 0
935630.380336 1916047.80241 0
935630.335053 1916047.68072 0
935630.280984 1916047.57019 0
935630.235701 1916047.44849 0
935630.181632 1916047.33796 0
935630.118525 1916047.20531 0
935630.064286 1916047.07259 0
935630.001178 1916046.93994 0
935629.937985 1916046.79619 0
935629.874707 1916046.64135 0
935629.802645 1916046.49767 0
935629.730412 1916046.33181 0
935629.667134 1916046.17697 0
935629.586031 1916046.01117 0
935629.522753 1916045.85633 0
935629.450606 1916045.70155 0
935629.378458 1916045.54678 0
935629.30631 1916045.39201 0
935629.234162 1916045.23724 0
935629.170884 1916045.0824 0
935629.098737 1916044.92763 0
935629.026589 1916044.77285 0
935628.954441 1916044.61808 0
935628.882208 1916044.45221 0
935628.810061 1916044.29744 0
935628.737828 1916044.13158 0
935628.66568 1916043.9768 0
935628.602317 1916043.81087 0
935628.521215 1916043.64507 0
935628.448982 1916043.4792 0
935628.385619 1916043.31327 0
935628.304601 1916043.15857 0
935628.232284 1916042.98161 0
935628.160136 1916042.82683 0
935628.070079 1916042.65001 0
935627.997846 1916042.48414 0
935627.916658 1916042.30725 0
935627.84434 1916042.13029 0
935627.763238 1916041.96449 0
935627.673096 1916041.77657 0
935627.609648 1916041.59954 0
935627.510636 1916041.41169 0
935627.438403 1916041.24583 0
935627.348176 1916041.04682 0
935627.275858 1916040.86986 0
935627.185631 1916040.67084 0
935627.104528 1916040.50505 0
935627.02317 1916040.30596 0
935626.941983 1916040.12907 0
935626.860625 1916039.92999 0
935626.779523 1916039.76419 0
935626.689296 1916039.56518 0
935626.616893 1916039.37713 0
935626.52675 1916039.18921 0
935626.445478 1916039.00122 0
935626.36412 1916038.80214 0
935626.282933 1916038.62525 0
935626.192705 1916038.42624 0
935626.111433 1916038.23825 0
935626.012421 1916038.0504 0
935625.940018 1916037.86235 0
935625.841006 1916037.6745 0
935625.750864 1916037.48658 0
935625.669506 1916037.2875 0
935625.570579 1916037.11074 0
935625.489221 1916036.91166 0
935625.390209 1916036.72381 0
935625.300067 1916036.53589 0
935625.209925 1916036.34797 0
935625.110913 1916036.16012 0
935625.020771 1916035.97221 0
935624.921674 1916035.77326 0
935624.831531 1916035.58534 0
935624.732434 1916035.3864 0
935624.633422 1916035.19855 0
935624.53424 1916034.98851 0
935624.444098 1916034.80059 0
935624.344916 1916034.59055 0
935624.245904 1916034.4027 0
935624.146722 1916034.19266 0
935624.04771 1916034.00481 0
935623.948613 1916033.80587 0
935623.858385 1916033.60686 0
935623.759288 1916033.40791 0
935623.651322 1916033.20904 0
935623.561009 1916032.99893 0
935623.453042 1916032.80005 0
935623.362815 1916032.60104 0
935623.254848 1916032.40217 0
935623.155581 1916032.18103 0
935623.065354 1916031.98202 0
935622.957302 1916031.77205 0
935622.85812 1916031.56201 0
935622.750068 1916031.35204 0
935622.642101 1916031.15317 0
935622.525095 1916030.93217 0
935622.417128 1916030.73329 0
935622.308906 1916030.50113 0
935622.200939 1916030.30226 0
935622.092802 1916030.08119 0
935621.984835 1916029.88232 0
935621.876698 1916029.66125 0
935621.777516 1916029.45121 0
935621.669464 1916029.24124 0
935621.570282 1916029.03121 0
935621.4711 1916028.82117 0
935621.380872 1916028.62216 0
935621.272821 1916028.41219 0
935621.173723 1916028.21324 0
935621.074541 1916028.0032 0
935620.975444 1916027.80426 0
935620.867477 1916027.60538 0
935620.76838 1916027.40644 0
935620.669283 1916027.20749 0
935620.561316 1916027.00862 0
935620.453349 1916026.80974 0
935620.354252 1916026.6108 0
935620.246285 1916026.41192 0
935620.138318 1916026.21304 0
935620.030351 1916026.01417 0
935619.922384 1916025.81529 0
935619.814417 1916025.61642 0
935619.71532 1916025.41747 0
935619.598484 1916025.21866 0
935619.490602 1916025.03088 0
935619.37368 1916024.82098 0
935619.265713 1916024.6221 0
935619.157831 1916024.43432 0
935619.040995 1916024.23551 0
935618.932943 1916024.02554 0
935618.833931 1916023.83769 0
935618.734748 1916023.62765 0
935618.626866 1916023.43987 0
935618.536554 1916023.22976 0
935618.437456 1916023.03082 0
935618.338359 1916022.83188 0
935618.248131 1916022.63286 0
935618.149034 1916022.43392 0
935618.049852 1916022.22388 0
935617.959624 1916022.02487 0
935617.869396 1916021.82586 0
935617.779084 1916021.61575 0
935617.688941 1916021.42783 0
935617.598628 1916021.21773 0
935617.51727 1916021.01865 0
935617.427043 1916020.81963 0
935617.33673 1916020.60953 0
935617.237547 1916020.39949 0
935617.156189 1916020.20041 0
935617.057007 1916019.99037 0
935616.966694 1916019.78026 0
935616.858727 1916019.58139 0
935616.768414 1916019.37128 0
935616.669317 1916019.17234 0
935616.570135 1916018.9623 0
935616.470952 1916018.75226 0
935616.37177 1916018.54222 0
935616.272672 1916018.34328 0
935616.173575 1916018.14433 0
935616.074477 1916017.94539 0
935615.97538 1916017.74645 0
935615.876283 1916017.5475 0
935615.777355 1916017.37075 0
935615.687042 1916017.16064 0
935615.579245 1916016.98395 0
935615.497972 1916016.79596 0
935615.39896 1916016.60811 0
935615.299948 1916016.42026 0
935615.20989 1916016.24344 0
935615.101923 1916016.04456 0
935615.002911 1916015.85671 0
935614.903813 1916015.65777 0
935614.795931 1916015.46999 0
935614.696833 1916015.27104 0
935614.588951 1916015.08326 0
935614.489854 1916014.88432 0
935614.381972 1916014.69653 0
935614.27392 1916014.48656 0
935614.174907 1916014.29871 0
935614.057985 1916014.08881 0
935613.958888 1916013.88987 0
935613.842051 1916013.69106 0
935613.743038 1916013.50321 0
935613.626117 1916013.29331 0
935613.518234 1916013.10552 0
935613.419052 1916012.89549 0
935613.31117 1916012.7077 0
935613.212072 1916012.50876 0
935613.104105 1916012.30988 0
935613.005007 1916012.11094 0
935612.89704 1916011.91206 0
935612.789073 1916011.71319 0
935612.68989 1916011.50315 0
935612.582008 1916011.31537 0
935612.48274 1916011.09424 0
935612.383728 1916010.90638 0
935612.275761 1916010.70751 0
935612.176578 1916010.49747 0
935612.077566 1916010.30962 0
935611.987338 1916010.11061 0
935611.879285 1916009.90064 0
935611.789142 1916009.71272 0
935611.690045 1916009.51378 0
935611.590947 1916009.31483 0
935611.500719 1916009.11582 0
935611.392752 1916008.91694 0
935611.302524 1916008.71793 0
935611.203426 1916008.51899 0
935611.113198 1916008.31997 0
935611.02297 1916008.12096 0
935610.923958 1916007.93311 0
935610.83373 1916007.7341 0
935610.743502 1916007.53509 0
935610.644489 1916007.34724 0
935610.572086 1916007.15918 0
935610.464118 1916006.96031 0
935610.373975 1916006.77239 0
935610.283918 1916006.59557 0
935610.18482 1916006.39662 0
935610.112501 1916006.21966 0
935610.013489 1916006.03181 0
935609.923516 1916005.86608 0
935609.824418 1916005.66714 0
935609.7521 1916005.49018 0
935609.644132 1916005.2913 0
935609.563029 1916005.1255 0
935609.464017 1916004.93765 0
935609.382913 1916004.77185 0
935609.292685 1916004.57284 0
935609.202712 1916004.40711 0
935609.121354 1916004.20803 0
935609.013557 1916004.03134 0
935608.932284 1916003.84336 0
935608.833271 1916003.65551 0
935608.743128 1916003.46759 0
935608.66194 1916003.2907 0
935608.562927 1916003.10285 0
935608.472784 1916002.91493 0
935608.373856 1916002.73817 0
935608.292498 1916002.53909 0
935608.202355 1916002.35117 0
935608.121167 1916002.17428 0
935608.031109 1916001.99746 0
935607.940795 1916001.78735 0
935607.868477 1916001.61039 0
935607.778249 1916001.41138 0
935607.697146 1916001.24558 0
935607.606832 1916001.03547 0
935607.525644 1916000.85858 0
935607.444286 1916000.6595 0
935607.363097 1916000.48261 0
935607.290608 1916000.28346 0
935607.20942 1916000.10657 0
935607.128147 1915999.91858 0
935607.046958 1915999.74169 0
935606.956815 1915999.55377 0
935606.893281 1915999.36565 0
935606.820878 1915999.1776 0
935606.739689 1915999.00071 0
935606.685025 1915998.81252 0
935606.577142 1915998.62473 0
935606.531518 1915998.45866 0
935606.458944 1915998.24842 0
935606.369056 1915998.09378 0
935606.314137 1915997.87231 0
935606.233033 1915997.70651 0
935606.160544 1915997.50737 0
935606.088226 1915997.33041 0
935605.997912 1915997.1203 0
935605.925509 1915996.93225 0
935605.844065 1915996.72207 0
935605.771661 1915996.53402 0
935605.690303 1915996.33494 0
935605.617984 1915996.15798 0
935605.54541 1915995.94774 0
935605.464222 1915995.77084 0
935605.391733 1915995.57169 0
935605.319329 1915995.38364 0
935605.238056 1915995.19565 0
935605.174522 1915995.00753 0
935605.093333 1915994.83064 0
935605.020929 1915994.64259 0
935604.939656 1915994.4546 0
935604.876122 1915994.26648 0
935604.794848 1915994.07849 0
935604.72253 1915993.90153 0
935604.641171 1915993.70245 0
935604.559983 1915993.52556 0
935604.487409 1915993.31532 0
935604.40622 1915993.13843 0
935604.324776 1915992.92825 0
935604.252373 1915992.7402 0
935604.162059 1915992.53009 0
935604.089826 1915992.36422 0
935603.990557 1915992.14309 0
935603.927108 1915991.96606 0
935603.83671 1915991.74486 0
935603.764476 1915991.579 0
935603.674163 1915991.36889 0
935603.610714 1915991.19186 0
935603.520485 1915990.99285 0
935603.439297 1915990.81596 0
935603.366808 1915990.61681 0
935603.285619 1915990.43992 0
935603.204261 1915990.24084 0
935603.131857 1915990.05279 0
935603.041714 1915989.86487 0
935602.96931 1915989.67681 0
935602.879081 1915989.4778 0
935602.797808 1915989.28981 0
935602.716364 1915989.07964 0
935602.635176 1915988.90275 0
935602.544862 1915988.69264 0
935602.472458 1915988.50459 0
935602.38223 1915988.30558 0
935602.301041 1915988.12868 0
935602.219598 1915987.91851 0
935602.138409 1915987.74162 0
935602.05705 1915987.54254 0
935601.975777 1915987.35455 0
935601.894418 1915987.15547 0
935601.813229 1915986.97858 0
935601.723001 1915986.77957 0
935601.650682 1915986.60261 0
935601.569324 1915986.40353 0
935601.48805 1915986.21554 0
935601.406691 1915986.01646 0
935601.316633 1915985.83964 0
935601.235274 1915985.64056 0
935601.154 1915985.45257 0
935601.072727 1915985.26459 0
935600.982583 1915985.07667 0
935600.901225 1915984.87759 0
935600.820036 1915984.70069 0
935600.729808 1915984.50168 0
935600.648534 1915984.3137 0
935600.56726 1915984.12571 0
935600.485987 1915983.93772 0
935600.395843 1915983.74981 0
935600.31457 1915983.56182 0
935600.224596 1915983.39609 0
935600.143238 1915983.19701 0
935600.053179 1915983.02019 0
935599.971991 1915982.84329 0
935599.881847 1915982.65538 0
935599.809443 1915982.46732 0
935599.71947 1915982.30159 0
935599.629327 1915982.11367 0
935599.557093 1915981.94781 0
935599.458165 1915981.77105 0
935599.394715 1915981.59402 0
935599.295787 1915981.41727 0
935599.223468 1915981.24031 0
935599.133325 1915981.05239 0
935599.043437 1915980.89775 0
935598.970948 1915980.69861 0
935598.880974 1915980.53288 0
935598.790831 1915980.34496 0
935598.700858 1915980.17923 0
935598.610714 1915979.99131 0
935598.511701 1915979.80346 0
935598.430427 1915979.61547 0
935598.331414 1915979.42762 0
935598.232401 1915979.23977 0
935598.142257 1915979.05186 0
935598.043329 1915978.8751 0
935597.953186 1915978.68718 0
935597.863127 1915978.51036 0
935597.764114 1915978.32251 0
935597.674056 1915978.14568 0
935597.575042 1915977.95783 0
935597.484984 1915977.78101 0
935597.394926 1915977.60419 0
935597.304867 1915977.42736 0
935597.205939 1915977.25061 0
935597.124665 1915977.06262 0
935597.025737 1915976.88586 0
935596.935679 1915976.70904 0
935596.84562 1915976.53222 0
935596.755562 1915976.35539 0
935596.665588 1915976.18966 0
935596.5844 1915976.01277 0
935596.485471 1915975.83601 0
935596.395583 1915975.68138 0
935596.30544 1915975.49346 0
935596.224421 1915975.33876 0
935596.134362 1915975.16193 0
935596.044474 1915975.0073 0
935595.963285 1915974.8304 0
935595.864527 1915974.67584 0
935595.774469 1915974.49901 0
935595.684495 1915974.33328 0
935595.585652 1915974.16762 0
935595.486809 1915974.00196 0
935595.387966 1915973.8363 0
935595.298078 1915973.68166 0
935595.19915 1915973.5049 0
935595.109346 1915973.36136 0
935595.019288 1915973.18454 0
935594.929484 1915973.041 0
935594.839596 1915972.88636 0
935594.758577 1915972.73166 0
935594.677559 1915972.57695 0
935594.58767 1915972.42232 0
935594.506652 1915972.26761 0
935594.407724 1915972.09086 0
935594.32679 1915971.94725 0
935594.245686 1915971.78145 0
935594.164753 1915971.63784 0
935594.083649 1915971.47204 0
935594.002715 1915971.32843 0
935593.921697 1915971.17373 0
935593.840678 1915971.01902 0
935593.759574 1915970.85322 0
935593.678641 1915970.70962 0
935593.606407 1915970.54375 0
935593.525388 1915970.38905 0
935593.444369 1915970.23434 0
935593.36335 1915970.07964 0
935593.291116 1915969.91377 0
935593.210098 1915969.75907 0
935593.128994 1915969.59327 0
935593.047975 1915969.43857 0
935592.966956 1915969.28386 0
935592.876983 1915969.11813 0
935592.795964 1915968.96343 0
935592.706076 1915968.80879 0
935592.616187 1915968.65416 0
935592.535084 1915968.48836 0
935592.44511 1915968.32263 0
935592.355136 1915968.1569 0
935592.282902 1915967.99103 0
935592.184059 1915967.82537 0
935592.10304 1915967.67067 0
935592.021851 1915967.49377 0
935591.931963 1915967.33914 0
935591.841989 1915967.17341 0
935591.752016 1915967.00768 0
935591.662042 1915966.84195 0
935591.572069 1915966.67622 0
935591.490965 1915966.51042 0
935591.392122 1915966.34476 0
935591.302148 1915966.17903 0
935591.212259 1915966.02439 0
935591.122286 1915965.85866 0
935591.023443 1915965.693 0
935590.942339 1915965.5272 0
935590.84358 1915965.37264 0
935590.762392 1915965.19574 0
935590.663633 1915965.04118 0
935590.57366 1915964.87545 0
935590.483601 1915964.69862 0
935590.393712 1915964.54399 0
935590.303654 1915964.36716 0
935590.213765 1915964.21253 0
935590.123706 1915964.0357 0
935590.024778 1915963.85895 0
935589.934719 1915963.68212 0
935589.844746 1915963.51639 0
935589.754602 1915963.32847 0
935589.664628 1915963.16274 0
935589.5657 1915962.98599 0
935589.475726 1915962.82026 0
935589.394622 1915962.65446 0
935589.295694 1915962.4777 0
935589.21459 1915962.31191 0
935589.124616 1915962.14618 0
935589.043512 1915961.98038 0
935588.962493 1915961.82568 0
935588.881389 1915961.65988 0
935588.800285 1915961.49408 0
935588.710397 1915961.33944 0
935588.629293 1915961.17365 0
935588.539404 1915961.01901 0
935588.467085 1915960.84205 0
935588.386151 1915960.69844 0
935588.304962 1915960.52155 0
935588.224028 1915960.37794 0
935588.151879 1915960.22317 0
935588.070945 1915960.07956 0
935587.989841 1915959.91376 0
935587.908822 1915959.75905 0
935587.818934 1915959.60442 0
935587.746785 1915959.44965 0
935587.665766 1915959.29494 0
935587.584747 1915959.14024 0
935587.503813 1915958.99663 0
935587.422879 1915958.85302 0
935587.341945 1915958.70941 0
935587.251972 1915958.54368 0
935587.179908 1915958.4 0
935587.090104 1915958.25646 0
935587.0003 1915958.11292 0
935586.919282 1915957.95821 0
935586.829393 1915957.80358 0
935586.739504 1915957.64894 0
935586.65857 1915957.50533 0
935586.568682 1915957.3507 0
935586.469923 1915957.19613 0
935586.371165 1915957.04156 0
935586.290146 1915956.88686 0
935586.191302 1915956.72119 0
935586.101414 1915956.56656 0
935586.011525 1915956.41192 0
935585.921722 1915956.26838 0
935585.831748 1915956.10265 0
935585.741944 1915955.95911 0
935585.643186 1915955.80454 0
935585.562082 1915955.63874 0
935585.472278 1915955.4952 0
935585.382219 1915955.31838 0
935585.202357 1915954.99801 0
935585.130378 1915954.86543 0
935585.031449 1915954.68867 0
935584.959385 1915954.54499 0
935584.860541 1915954.37933 0
935584.770738 1915954.23579 0
935584.707458 1915954.08095 0
935584.608529 1915953.9042 0
935584.53655 1915953.77161 0
935584.446491 1915953.59479 0
935584.365643 1915953.46227 0
935584.284623 1915953.30757 0
935584.203519 1915953.14177 0
935584.122671 1915953.00925 0
935584.050351 1915952.83229 0
935583.969502 1915952.69978 0
935583.888313 1915952.52289 0
935583.807379 1915952.37928 0
935583.726275 1915952.21348 0
935583.645341 1915952.06987 0
935583.564237 1915951.90407 0
935583.483218 1915951.74937 0
935583.402199 1915951.59466 0
935583.32118 1915951.43996 0
935583.240161 1915951.28526 0
935583.168011 1915951.13048 0
935583.087077 1915950.98687 0
935583.014928 1915950.8321 0
935582.933994 1915950.68849 0
935582.86193 1915950.54481 0
935582.780996 1915950.4012 0
935582.708932 1915950.25753 0
935582.628083 1915950.12501 0
935582.556019 1915949.98133 0
935582.474999 1915949.82663 0
935582.40302 1915949.69405 0
935582.313131 1915949.53941 0
935582.241152 1915949.40683 0
935582.169088 1915949.26315 0
935582.097109 1915949.13056 0
935582.025045 1915948.98689 0
935581.953151 1915948.8654 0
935581.881086 1915948.72172 0
935581.809192 1915948.60023 0
935581.737128 1915948.45655 0
935581.665149 1915948.32397 0
935581.592999 1915948.16919 0
935581.512151 1915948.03668 0
935581.440001 1915947.88191 0
935581.368022 1915947.74932 0
935581.278048 1915947.58359 0
935581.205984 1915947.43992 0
935581.116095 1915947.28528 0
935581.043945 1915947.13051 0
935580.953972 1915946.96478 0
935580.872952 1915946.81007 0
935580.782978 1915946.64434 0
935580.693089 1915946.48971 0
935580.60303 1915946.31289 0
935580.513141 1915946.15825 0
935580.414298 1915945.99259 0
935580.315454 1915945.82693 0
935580.216525 1915945.65017 0
935580.135506 1915945.49547 0
935580.027707 1915945.31878 0
935579.928864 1915945.15312 0
935579.83002 1915944.98745 0
935579.740046 1915944.82173 0
935579.641117 1915944.64497 0
935579.542273 1915944.47931 0
935579.443429 1915944.31365 0
935579.353455 1915944.14792 0
935579.254526 1915943.97116 0
935579.155598 1915943.7944 0
935579.065538 1915943.61758 0
935578.966524 1915943.42973 0
935578.867595 1915943.25298 0
935578.768581 1915943.06513 0
935578.669653 1915942.88837 0
935578.570638 1915942.70052 0
935578.471624 1915942.51267 0
935578.37261 1915942.32482 0
935578.264812 1915942.14813 0
935578.174753 1915941.97131 0
935578.066954 1915941.79462 0
935577.976895 1915941.6178 0
935577.878051 1915941.45214 0
935577.779037 1915941.26429 0
935577.680193 1915941.09862 0
935577.581179 1915940.91077 0
935577.482335 1915940.74511 0
935577.392191 1915940.55719 0
935577.293347 1915940.39153 0
935577.185548 1915940.21485 0
935577.104444 1915940.04905 0
935576.996645 1915939.87236 0
935576.897801 1915939.7067 0
935576.807742 1915939.52987 0
935576.708898 1915939.36421 0
935576.618839 1915939.18739 0
935576.528864 1915939.02166 0
935576.43889 1915938.85593 0
935576.348916 1915938.6902 0
935576.259112 1915938.54666 0
935576.169053 1915938.36983 0
935576.079079 1915938.2041 0
935575.997974 1915938.03831 0
935575.908 1915937.87258 0
935575.818026 1915937.70685 0
935575.736922 1915937.54105 0
935575.647032 1915937.38641 0
935575.557058 1915937.22068 0
935575.475954 1915937.05489 0
935575.38615 1915936.91134 0
935575.30496 1915936.73445 0
935575.224026 1915936.59084 0
935575.125097 1915936.41409 0
935575.044078 1915936.25938 0
935574.962973 1915936.09359 0
935574.872999 1915935.92786 0
935574.792065 1915935.78425 0
935574.693136 1915935.60749 0
935574.612031 1915935.44169 0
935574.513187 1915935.27603 0
935574.440952 1915935.11016 0
935574.342108 1915934.9445 0
935574.252219 1915934.78987 0
935574.179985 1915934.624 0
935574.072271 1915934.45841 0
935574.000121 1915934.30364 0
935573.910062 1915934.12681 0
935573.811303 1915933.97224 0
935573.721329 1915933.80652 0
935573.640224 1915933.64072 0
935573.550165 1915933.46389 0
935573.469145 1915933.30919 0
935573.370301 1915933.14353 0
935573.298237 1915932.99985 0
935573.208007 1915932.80084 0
935573.127243 1915932.67942 0
935573.028314 1915932.50266 0
935572.956164 1915932.34789 0
935572.866275 1915932.19325 0
935572.785256 1915932.03855 0
935572.713191 1915931.89487 0
935572.605392 1915931.71818 0
935572.551237 1915931.59656 0
935572.443524 1915931.43096 0
935572.371459 1915931.28729 0
935572.281485 1915931.12156 0
935572.20942 1915930.97788 0
935572.119446 1915930.81215 0
935572.038426 1915930.65745 0
935571.939582 1915930.49178 0
935571.867518 1915930.34811 0
935571.768503 1915930.16026 0
935571.678699 1915930.01672 0
935571.58864 1915929.83989 0
935571.507705 1915929.69628 0
935571.408776 1915929.51953 0
935571.318887 1915929.36489 0
935571.228828 1915929.18807 0
935571.138938 1915929.03343 0
935571.048964 1915928.8677 0
935570.95899 1915928.70197 0
935570.8691 1915928.54734 0
935570.787996 1915928.38154 0
935570.698106 1915928.2269 0
935570.608132 1915928.06117 0
935570.527113 1915927.90647 0
935570.437138 1915927.74074 0
935570.356119 1915927.58604 0
935570.275099 1915927.43133 0
935570.185125 1915927.2656 0
935570.104105 1915927.1109 0
935570.031955 1915926.95613 0
935569.942066 1915926.80149 0
935569.860962 1915926.63569 0
935569.788897 1915926.49202 0
935569.698922 1915926.32629 0
935569.626773 1915926.17151 0
935569.545753 1915926.01681 0
935569.464734 1915925.86211 0
935569.383714 1915925.7074 0
935569.311564 1915925.55263 0
935569.230545 1915925.39793 0
935569.149525 1915925.24322 0
935569.07746 1915925.09955 0
935569.005311 1915924.94477 0
935568.933161 1915924.79 0
935568.852141 1915924.6353 0
935568.788946 1915924.49155 0
935568.708012 1915924.34794 0
935568.627077 1915924.20433 0
935568.473993 1915923.90595 0
935568.384189 1915923.76241 0
935568.311954 1915923.59654 0
935568.22215 1915923.453 0
935568.132175 1915923.28727 0
935568.051156 1915923.13257 0
935567.952312 1915922.96691 0
935567.871292 1915922.8122 0
935567.772363 1915922.63545 0
935567.682473 1915922.48081 0
935567.574589 1915922.29303 0
935567.484614 1915922.1273 0
935567.37673 1915921.93952 0
935567.28667 1915921.7627 0
935567.187656 1915921.57485 0
935567.088727 1915921.39809 0
935566.989712 1915921.21024 0
935566.890783 1915921.03349 0
935566.800638 1915920.84557 0
935566.701623 1915920.65772 0
935566.602694 1915920.48096 0
935566.503679 1915920.29311 0
935566.41362 1915920.11629 0
935566.30582 1915919.9396 0
935566.107961 1915919.58609 0
935566.017817 1915919.39817 0
935565.918887 1915919.22142 0
935565.820043 1915919.05576 0
935565.721028 1915918.86791 0
935565.622184 1915918.70224 0
935565.52334 1915918.53658 0
935565.415455 1915918.3488 0
935565.325566 1915918.19417 0
935565.217681 1915918.00638 0
935565.118837 1915917.84072 0
935565.011038 1915917.66404 0
935564.921148 1915917.5094 0
935564.813264 1915917.32162 0
935564.72346 1915917.17808 0
935564.62453 1915917.00132 0
935564.534641 1915916.84669 0
935564.426926 1915916.68109 0
935564.336867 1915916.50427 0
935564.229238 1915916.34977 0
935564.139263 1915916.18404 0
935564.049203 1915916.00722 0
935563.950444 1915915.85265 0
935563.869339 1915915.68685 0
935563.770495 1915915.52119 0
935563.680605 1915915.36655 0
935563.59063 1915915.20082 0
935563.500571 1915915.024 0
935563.401726 1915914.85834 0
935563.320621 1915914.69254 0
935563.230647 1915914.52681 0
935563.140587 1915914.34999 0
935563.059482 1915914.18419 0
935562.960638 1915914.01853 0
935562.879618 1915913.86382 0
935562.789558 1915913.687 0
935562.708453 1915913.5212 0
935562.627348 1915913.35541 0
935562.537373 1915913.18968 0
935562.375249 1915912.86917 0
935562.303099 1915912.7144 0
935562.221994 1915912.54861 0
935562.149844 1915912.39383 0
935562.068824 1915912.23913 0
935561.978764 1915912.06231 0
935561.906614 1915911.90753 0
935561.834294 1915911.73057 0
935561.753359 1915911.58697 0
935561.672254 1915911.42117 0
935561.600019 1915911.2553 0
935561.519084 1915911.11169 0
935561.437979 1915910.94589 0
935561.34809 1915910.79126 0
935561.266985 1915910.62546 0
935561.185965 1915910.47076 0
935561.096075 1915910.31612 0
935561.015055 1915910.16142 0
935560.934036 1915910.00671 0
935560.844146 1915909.85208 0
935560.682021 1915909.53158 0
935560.592131 1915909.37694 0
935560.519896 1915909.21108 0
935560.429921 1915909.04535 0
935560.339947 1915908.87962 0
935560.258757 1915908.70273 0
935560.168782 1915908.537 0
935560.087677 1915908.3712 0
935559.988747 1915908.19444 0
935559.898772 1915908.02871 0
935559.808627 1915907.8408 0
935559.709783 1915907.67513 0
935559.619723 1915907.49831 0
935559.529663 1915907.32149 0
935559.448473 1915907.1446 0
935559.358413 1915906.96777 0
935559.268353 1915906.79095 0
935559.178378 1915906.62522 0
935559.088233 1915906.4373 0
935559.007043 1915906.26041 0
935558.908028 1915906.07256 0
935558.817968 1915905.89574 0
935558.727823 1915905.70782 0
935558.646717 1915905.54202 0
935558.556572 1915905.3541 0
935558.466597 1915905.18837 0
935558.376452 1915905.00046 0
935558.295347 1915904.83466 0
935558.214072 1915904.64667 0
935558.106272 1915904.46999 0
935558.033952 1915904.29303 0
935557.943892 1915904.1162 0
935557.844962 1915903.93945 0
935557.763772 1915903.76256 0
935557.664927 1915903.59689 0
935557.574782 1915903.40898 0
935557.484637 1915903.22106 0
935557.394662 1915903.05533 0
935557.304517 1915902.86741 0
935557.205587 1915902.69066 0
935557.115527 1915902.51383 0
935557.016597 1915902.33708 0
935556.926452 1915902.14916 0
935556.827522 1915901.9724 0
935556.737377 1915901.78449 0
935556.638447 1915901.60773 0
935556.539517 1915901.43098 0
935556.440672 1915901.26531 0
935556.341743 1915901.08856 0
935556.242813 1915900.9118 0
935556.135013 1915900.73512 0
935556.027213 1915900.55843 0
935555.928283 1915900.38167 0
935555.820569 1915900.21608 0
935555.712684 1915900.0283 0
935555.60497 1915899.8627 0
935555.505955 1915899.67485 0
935555.398155 1915899.49817 0
935555.29027 1915899.31039 0
935555.19134 1915899.13363 0
935555.083455 1915898.94585 0
935554.984525 1915898.76909 0
935554.876641 1915898.58131 0
935554.777711 1915898.40456 0
935554.678696 1915898.21671 0
935554.579766 1915898.03995 0
935554.480751 1915897.8521 0
935554.381821 1915897.67535 0
935554.282805 1915897.4875 0
935554.192745 1915897.31067 0
935554.093645 1915897.11173 0
935554.00367 1915896.946 0
935553.90457 1915896.74706 0
935553.81451 1915896.57023 0
935553.715495 1915896.38238 0
935553.616565 1915896.20563 0
935553.517464 1915896.00668 0
935553.418534 1915895.82993 0
935553.319519 1915895.64208 0
935553.220504 1915895.45423 0
935553.121659 1915895.28857 0
935553.031514 1915895.10065 0
935552.923799 1915894.93506 0
935552.833569 1915894.73605 0
935552.743594 1915894.57032 0
935552.635624 1915894.37144 0
935552.554518 1915894.20564 0
935552.455418 1915894.0067 0
935552.374313 1915893.8409 0
935552.275212 1915893.64196 0
935552.185237 1915893.47623 0
935552.086137 1915893.27729 0
935551.996077 1915893.10046 0
935551.905931 1915892.91255 0
935551.815786 1915892.72463 0
935551.716856 1915892.54787 0
935551.63558 1915892.35989 0
935551.53665 1915892.18313 0
935551.44659 1915892.00631 0
935551.347575 1915891.81846 0
935551.257429 1915891.63054 0
935551.149544 1915891.44276 0
935551.059484 1915891.26594 0
935550.960554 1915891.08918 0
935550.870579 1915890.92345 0
935550.780433 1915890.73553 0
935550.672718 1915890.56994 0
935550.582658 1915890.39312 0
935550.483728 1915890.21636 0
935550.393668 1915890.03954 0
935550.294738 1915889.86278 0
935550.195807 1915889.68603 0
935550.105832 1915889.5203 0
935550.006987 1915889.35464 0
935549.908057 1915889.17788 0
935549.809212 1915889.01222 0
935549.710282 1915888.83546 0
935549.611352 1915888.65871 0
935549.512507 1915888.49305 0
935549.422447 1915888.31622 0
935549.323601 1915888.15056 0
935549.224586 1915887.96271 0
935549.134611 1915887.79698 0
935549.035681 1915887.62023 0
935548.945706 1915887.4545 0
935548.846775 1915887.27774 0
935548.756715 1915887.10092 0
935548.666655 1915886.9241 0
935548.576679 1915886.75837 0
935548.486534 1915886.57045 0
935548.387774 1915886.41588 0
935548.297714 1915886.23906 0
935548.198868 1915886.0734 0
935548.108808 1915885.89657 0
935548.018748 1915885.71975 0
935547.919817 1915885.54299 0
935547.829757 1915885.36617 0
935547.721957 1915885.18948 0
935547.631897 1915885.01266 0
935547.532966 1915884.83591 0
935547.434036 1915884.65915 0
935547.335021 1915884.4713 0
935547.236176 1915884.30564 0
935547.12829 1915884.11786 0
935547.02936 1915883.9411 0
935546.93043 1915883.76435 0
935546.831415 1915883.5765 0
935546.741354 1915883.39967 0
935546.624599 1915883.21196 0
935546.543494 1915883.04616 0
935546.444478 1915882.85831 0
935546.354418 1915882.68149 0
935546.264272 1915882.49357 0
935546.156557 1915882.32798 0
935546.083981 1915882.11774 0
935545.98505 1915881.94098 0
935545.886035 1915881.75313 0
935545.804759 1915881.56515 0
935545.696874 1915881.37737 0
935545.624383 1915881.17822 0
935545.516583 1915881.00153 0
935545.435307 1915880.81355 0
935545.336376 1915880.63679 0
935545.246231 1915880.44887 0
935545.1473 1915880.27212 0
935545.06611 1915880.09523 0
935544.975964 1915879.90731 0
935544.885903 1915879.73049 0
935544.795843 1915879.55366 0
935544.714737 1915879.38786 0
935544.624677 1915879.21104 0
935544.525746 1915879.03429 0
935544.435771 1915878.86856 0
935544.34571 1915878.69173 0
935544.25565 1915878.51491 0
935544.165589 1915878.33809 0
935544.075614 1915878.17236 0
935543.976683 1915877.9956 0
935543.886623 1915877.81878 0
935543.796562 1915877.64195 0
935543.715457 1915877.47616 0
935543.625311 1915877.28824 0
935543.526381 1915877.11148 0
935543.43632 1915876.93466 0
935543.346174 1915876.74674 0
935543.256114 1915876.56992 0
935543.174923 1915876.39303 0
935543.075992 1915876.21627 0
935542.994802 1915876.03938 0
935542.904741 1915875.86256 0
935542.814595 1915875.67464 0
935542.724449 1915875.48672 0
935542.634389 1915875.3099 0
935542.544243 1915875.12198 0
935542.454182 1915874.94516 0
935542.364037 1915874.75724 0
935542.274146 1915874.60261 0
935542.183915 1915874.40359 0
935542.102895 1915874.24889 0
935542.012664 1915874.04988 0
935541.931558 1915873.88408 0
935541.832457 1915873.68514 0
935541.751437 1915873.53044 0
935541.652421 1915873.34259 0
935541.58027 1915873.18781 0
935541.48134 1915873.01106 0
935541.400149 1915872.83417 0
935541.310259 1915872.67953 0
935541.211328 1915872.50278 0
935541.121353 1915872.33705 0
935541.031292 1915872.16022 0
935540.959226 1915872.01655 0
935540.860296 1915871.83979 0
935540.788315 1915871.70721 0
935540.698255 1915871.53038 0
935540.626274 1915871.3978 0
935540.536213 1915871.22098 0
935540.473018 1915871.07723 0
935540.391912 1915870.91143 0
935540.319846 1915870.76776 0
935540.238741 1915870.60196 0
935540.16659 1915870.44719 0
935540.085484 1915870.28139 0
935540.004549 1915870.13778 0
935539.932313 1915869.97192 0
935539.851292 1915869.81721 0
935539.770271 1915869.66251 0
935539.689251 1915869.50781 0
935539.60823 1915869.3531 0
935539.536079 1915869.19833 0
935539.463929 1915869.04356 0
935539.382908 1915868.88886 0
935539.310757 1915868.73408 0
935539.220782 1915868.56835 0
935539.148546 1915868.40249 0
935539.067525 1915868.24779 0
935538.986419 1915868.08199 0
935538.914268 1915867.92722 0
935538.833248 1915867.77251 0
935538.761012 1915867.60665 0
935538.679906 1915867.44085 0
935538.598885 1915867.28615 0
935538.517779 1915867.12035 0
935538.355568 1915866.78875 0
935538.274547 1915866.63405 0
935538.184571 1915866.46832 0
935538.112335 1915866.30246 0
935538.031315 1915866.14775 0
935537.950209 1915865.98196 0
935537.877973 1915865.81609 0
935537.796952 1915865.66139 0
935537.715846 1915865.49559 0
935537.625871 1915865.32986 0
935537.544765 1915865.16406 0
935537.454789 1915864.99833 0
935537.373683 1915864.83254 0
935537.283708 1915864.66681 0
935537.202602 1915864.50101 0
935537.103756 1915864.33535 0
935537.022565 1915864.15846 0
935536.923635 1915863.9817 0
935536.833744 1915863.82707 0
935536.734728 1915863.63922 0
935536.644838 1915863.48458 0
935536.554692 1915863.29666 0
935536.473671 1915863.14196 0
935536.37474 1915862.9652 0
935536.284764 1915862.79948 0
935536.194789 1915862.63375 0
935536.104813 1915862.46802 0
935536.014837 1915862.30229 0
935535.924861 1915862.13656 0
935535.834886 1915861.97083 0
935535.753865 1915861.81613 0
935535.655019 1915861.65046 0
935535.573913 1915861.48467 0
935535.483938 1915861.31894 0
935535.402832 1915861.15314 0
935535.303901 1915860.97638 0
935535.222795 1915860.81059 0
935535.114994 1915860.6339 0
935535.033888 1915860.4681 0
935534.943913 1915860.30237 0
935534.853937 1915860.13664 0
935534.763876 1915859.95982 0
935534.6739 1915859.79409 0
935534.574969 1915859.61734 0
935534.484994 1915859.45161 0
935534.394933 1915859.27478 0
935534.296087 1915859.10912 0
935534.206026 1915858.9323 0
935534.11605 1915858.76657 0
935534.017205 1915858.60091 0
935533.918274 1915858.42415 0
935533.828128 1915858.23624 0
935533.720327 1915858.05955 0
935533.630181 1915857.87163 0
935533.522295 1915857.68385 0
935533.432149 1915857.49593 0
935533.333133 1915857.30808 0
935533.234117 1915857.12023 0
935533.126146 1915856.92136 0
935533.036 1915856.73344 0
935532.919159 1915856.53463 0
935532.820143 1915856.34679 0
935532.703302 1915856.14798 0
935532.613156 1915855.96006 0
935532.496315 1915855.76125 0
935532.397384 1915855.5845 0
935532.280543 1915855.38569 0
935532.172657 1915855.19791 0
935532.073556 1915854.99897 0
935531.956715 1915854.80016 0
935531.848829 1915854.61238 0
935531.749728 1915854.41344 0
935531.641842 1915854.22566 0
935531.534041 1915854.04897 0
935531.43494 1915853.85002 0
935531.336009 1915853.67327 0
935531.236908 1915853.47433 0
935531.129107 1915853.29764 0
935531.038961 1915853.10972 0
935530.94003 1915852.93297 0
935530.841099 1915852.75621 0
935530.751038 1915852.57939 0
935530.660976 1915852.40256 0
935530.562045 1915852.22581 0
935530.463114 1915852.04905 0
935530.373139 1915851.88333 0
935530.283077 1915851.7065 0
935530.193101 1915851.54077 0
935530.09417 1915851.36402 0
935530.01315 1915851.20931 0
935529.914219 1915851.03256 0
935529.824243 1915850.86683 0
935529.734181 1915850.69001 0
935529.635421 1915850.53544 0
935529.536405 1915850.34759 0
935529.455384 1915850.19289 0
935529.347498 1915850.00511 0
935529.257522 1915849.83938 0
935529.149636 1915849.6516 0
935529.05966 1915849.48587 0
935528.960643 1915849.29802 0
935528.861797 1915849.13236 0
935528.753911 1915848.94457 0
935528.663935 1915848.77885 0
935528.556049 1915848.59106 0
935528.457203 1915848.4254 0
935528.358272 1915848.24865 0
935528.268211 1915848.07182 0
935528.16041 1915847.89514 0
935528.061479 1915847.71838 0
935527.953593 1915847.5306 0
935527.863617 1915847.36487 0
935527.755731 1915847.17709 0
935527.656885 1915847.01143 0
935527.557869 1915846.82358 0
935527.450153 1915846.65799 0
935527.360007 1915846.47007 0
935527.252291 1915846.30448 0
935527.153275 1915846.11663 0
935527.054344 1915845.93987 0
935526.955412 1915845.76312 0
935526.847611 1915845.58643 0
935526.739725 1915845.39865 0
935526.649664 1915845.22183 0
935526.541863 1915845.04514 0
935526.442847 1915844.85729 0
935526.326176 1915844.68067 0
935526.23603 1915844.49275 0
935526.119274 1915844.30504 0
935526.020428 1915844.13938 0
935525.912456 1915843.94051 0
935525.813525 1915843.76375 0
935525.705639 1915843.57597 0
935525.606708 1915843.39921 0
935525.498736 1915843.20034 0
935525.408675 1915843.02352 0
935525.300789 1915842.83573 0
935525.201858 1915842.65898 0
935525.102756 1915842.46004 0
935525.003825 1915842.28328 0
935524.904723 1915842.08434 0
935524.796922 1915841.90765 0
935524.697821 1915841.70871 0
935524.607759 1915841.53188 0
935524.499873 1915841.3441 0
935524.400942 1915841.16735 0
935524.292971 1915840.96847 0
935524.202909 1915840.79165 0
935524.095023 1915840.60387 0
935524.004962 1915840.42705 0
935523.905945 1915840.2392 0
935523.815969 1915840.07347 0
935523.708168 1915839.89678 0
935523.618021 1915839.70886 0
935523.51909 1915839.53211 0
935523.420074 1915839.34426 0
935523.321142 1915839.1675 0
935523.222211 1915838.99075 0
935523.123195 1915838.8029 0
935523.033218 1915838.63717 0
935522.934287 1915838.46042 0
935522.835441 1915838.29475 0
935522.74538 1915838.11793 0
935522.565342 1915837.77538 0
935522.466325 1915837.58753 0
935522.376519 1915837.44399 0
935522.286458 1915837.26717 0
935522.196482 1915837.10144 0
935522.10642 1915836.92461 0
935522.016444 1915836.75888 0
935521.908472 1915836.56001 0
935521.818496 1915836.39428 0
935521.710525 1915836.1954 0
935521.611593 1915836.01865 0
935521.503537 1915835.80868 0
935521.395735 1915835.63199 0
935521.287764 1915835.43312 0
935521.188662 1915835.23418 0
935521.080691 1915835.0353 0
935520.972804 1915834.84752 0
935520.873702 1915834.64858 0
935520.765901 1915834.47189 0
935520.657844 1915834.26192 0
935520.550043 1915834.08523 0
935520.433202 1915833.88643 0
935520.32523 1915833.68755 0
935520.208559 1915833.51093 0
935520.109542 1915833.32308 0
935519.983916 1915833.13544 0
935519.884985 1915832.95868 0
935519.777098 1915832.7709 0
935519.660342 1915832.58319 0
935519.561411 1915832.40643 0
935519.453524 1915832.21865 0
935519.354593 1915832.0419 0
935519.255661 1915831.86514 0
935519.14786 1915831.68846 0
935519.057713 1915831.50054 0
935518.958782 1915831.32378 0
935518.859936 1915831.15812 0
935518.769874 1915830.9813 0
935518.670857 1915830.79345 0
935518.580881 1915830.62772 0
935518.490819 1915830.4509 0
935518.400758 1915830.27408 0
935518.301826 1915830.09732 0
935518.211765 1915829.9205 0
935518.112833 1915829.74374 0
935518.031727 1915829.57795 0
935517.92384 1915829.39016 0
935517.833864 1915829.22444 0
935517.743717 1915829.03652 0
935517.635916 1915828.85983 0
935517.536899 1915828.67198 0
935517.437967 1915828.49523 0
935517.338951 1915828.30738 0
935517.239934 1915828.11953 0
935517.141002 1915827.94277 0
935517.033116 1915827.75499 0
935516.934099 1915827.56714 0
935516.826213 1915827.37936 0
935516.727196 1915827.19151 0
935516.628179 1915827.00366 0
935516.520293 1915826.81588 0
935516.421361 1915826.63913 0
935516.322344 1915826.45128 0
935516.223413 1915826.27452 0
935516.124396 1915826.08668 0
935516.025464 1915825.90992 0
935515.935318 1915825.722 0
935515.836386 1915825.54525 0
935515.728585 1915825.36856 0
935515.638523 1915825.19174 0
935515.539506 1915825.00389 0
935515.44066 1915824.83823 0
935515.332688 1915824.63935 0
935515.233756 1915824.4626 0
935515.134739 1915824.27475 0
935515.026938 1915824.09806 0
935514.928006 1915823.92131 0
935514.829075 1915823.74455 0
935514.721188 1915823.55677 0
935514.622256 1915823.38002 0
935514.523325 1915823.20326 0
935514.415523 1915823.02657 0
935514.316592 1915822.84982 0
935514.21766 1915822.67306 0
935514.109944 1915822.50747 0
935514.011012 1915822.33072 0
935513.91208 1915822.15396 0
935513.813149 1915821.97721 0
935513.705347 1915821.80052 0
935513.597546 1915821.62383 0
935513.507569 1915821.4581 0
935513.408723 1915821.29244 0
935513.309876 1915821.12678 0
935513.20216 1915820.96119 0
935513.112098 1915820.78437 0
935513.013337 1915820.6298 0
935512.91449 1915820.46414 0
935512.815644 1915820.29848 0
935512.725667 1915820.13275 0
935512.617951 1915819.96716 0
935512.527974 1915819.80143 0
935512.429128 1915819.63577 0
935512.339151 1915819.47004 0
935512.240219 1915819.29328 0
935512.150328 1915819.13865 0
935512.051396 1915818.96189 0
935511.961505 1915818.80726 0
935511.880398 1915818.64146 0
935511.790421 1915818.47573 0
935511.7094 1915818.32103 0
935511.619423 1915818.1553 0
935511.529446 1915817.98957 0
935511.439384 1915817.81275 0
935511.349408 1915817.64702 0
935511.241606 1915817.47033 0
935511.151544 1915817.29351 0
935511.052527 1915817.10566 0
935510.95351 1915816.91781 0
935510.854493 1915816.72996 0
935510.746606 1915816.54218 0
935510.647589 1915816.35433 0
935510.548572 1915816.16648 0
935510.449641 1915815.98973 0
935510.350624 1915815.80188 0
935510.251607 1915815.61403 0
935510.15259 1915815.42618 0
935510.062613 1915815.26045 0
935509.963511 1915815.06151 0
935509.864664 1915814.89585 0
935509.66663 1915814.52015 0
935509.567613 1915814.3323 0
935509.477551 1915814.15548 0
935509.369664 1915813.9677 0
935509.270732 1915813.79094 0
935509.19841 1915813.61398 0
935509.081653 1915813.42627 0
935509.000546 1915813.26047 0
935508.892659 1915813.07269 0
935508.811467 1915812.8958 0
935508.712365 1915812.69686 0
935508.622473 1915812.54222 0
935508.523371 1915812.34328 0
935508.433394 1915812.17755 0
935508.334377 1915811.9897 0
935508.244486 1915811.83507 0
935508.163208 1915811.64708 0
935508.073317 1915811.49245 0
935507.983255 1915811.31562 0
935507.902233 1915811.16092 0
935507.812341 1915811.00628 0
935507.74019 1915810.85151 0
935507.659168 1915810.69681 0
935507.578231 1915810.5532 0
935507.506079 1915810.39843 0
935507.434098 1915810.26585 0
935507.353076 1915810.11114 0
935507.281095 1915809.97856 0
935507.209113 1915809.84598 0
935507.146002 1915809.71333 0
935507.074105 1915809.59184 0
935507.019864 1915809.45912 0
935506.956837 1915809.33756 0
935506.893896 1915809.2271 0
935506.83087 1915809.10554 0
935506.776713 1915808.98391 0
935506.722642 1915808.87338 0
935506.659786 1915808.77401 0
935506.605714 1915808.66348 0
935506.560598 1915808.56398 0
935506.524607 1915808.49768 0
935506.488617 1915808.43139 0
935506.452626 1915808.3651 0
935506.42559 1915808.30983 0
935506.398555 1915808.25457 0
935506.371519 1915808.1993 0
935506.344569 1915808.15513 0
935506.326488 1915808.11089 0
935506.308493 1915808.07775 0
935506.299452 1915808.05563 0
935506.290497 1915808.0446 0
935506.281542 1915808.03357 0
935506.281457 1915808.02248 0
935506.272502 1915808.01145 0
935506.272502 1915808.01145 0
935506.263547 1915808.00043 0
935506.263547 1915808.00043 0
935506.263547 1915808.00043 0
935506.263547 1915808.00043 0
