955569.022636 1956934.19055 1
955569.022636 1956934.19055 1
955569.022636 1956934.19055 1
955569.022636 1956934.19055 1
955569.022695 1956934.20164 1
955569.013869 1956934.20169 1
955568.996336 1956934.22397 1
955568.969918 1956934.23521 1
955568.943559 1956934.25754 1
955568.9172 1956934.27987 1
955568.873248 1956934.31339 1
955568.846889 1956934.33572 1
955568.794171 1956934.38038 1
955568.732627 1956934.42509 1
955568.662316 1956934.48095 1
955568.591946 1956934.5257 1
955568.504102 1956934.60384 1
955568.425025 1956934.67083 1
955568.328295 1956934.73792 1
955568.240452 1956934.81606 1
955568.152548 1956934.8831 1
955568.047172 1956934.98352 1
955567.968035 1956935.03941 1
955567.862598 1956935.12874 1
955567.774695 1956935.19578 1
955567.678085 1956935.28506 1
955567.590241 1956935.36319 1
955567.493571 1956935.44137 1
955567.388076 1956935.5196 1
955567.300291 1956935.60883 1
955567.194796 1956935.68706 1
955567.098185 1956935.77634 1
955567.019108 1956935.84334 1
955566.904905 1956935.9438 1
955566.817002 1956936.01084 1
955566.711625 1956936.11126 1
955566.623782 1956936.1894 1
955566.518345 1956936.27872 1
955566.430502 1956936.35686 1
955566.325125 1956936.45728 1
955566.228455 1956936.53546 1
955566.114252 1956936.63593 1
955566.026409 1956936.71406 1
955565.885787 1956936.82576 1
955565.798003 1956936.91499 1
955565.657501 1956937.04889 1
955565.543238 1956937.13826 1
955565.402677 1956937.26106 1
955565.279707 1956937.37267 1
955565.121493 1956937.49556 1
955564.980932 1956937.61836 1
955564.822718 1956937.74125 1
955564.673449 1956937.88628 1
955564.506409 1956938.00922 1
955564.348255 1956938.14321 1
955564.181215 1956938.26615 1
955564.005468 1956938.41132 1
955563.85608 1956938.53417 1
955563.680333 1956938.67935 1
955563.531005 1956938.81329 1
955563.363906 1956938.92513 1
955563.205751 1956939.05912 1
955563.038771 1956939.19315 1
955562.906976 1956939.30481 1
955562.73117 1956939.43889 1
955562.581663 1956939.53955 1
955562.432335 1956939.67349 1
955562.274002 1956939.77419 1
955562.115907 1956939.91927 1
955561.957574 1956940.01997 1
955561.79936 1956940.14287 1
955561.641206 1956940.27685 1
955561.482933 1956940.38865 1
955561.324779 1956940.52264 1
955561.157798 1956940.65667 1
955560.990818 1956940.79071 1
955560.815012 1956940.92479 1
955560.648151 1956941.08101 1
955560.472404 1956941.22619 1
955560.305424 1956941.36022 1
955560.120851 1956941.50545 1
955559.936278 1956941.65067 1
955559.760472 1956941.78475 1
955559.558307 1956941.94116 1
955559.373734 1956942.08639 1
955559.180335 1956942.23166 1
955558.969344 1956942.38812 1
955558.784771 1956942.53334 1
955558.57378 1956942.6898 1
955558.371555 1956942.83512 1
955558.169331 1956942.98044 1
955557.95834 1956943.1369 1
955557.756055 1956943.27112 1
955557.55389 1956943.42754 1
955557.351665 1956943.57286 1
955557.167033 1956943.70699 1
955556.982342 1956943.83002 1
955556.79771 1956943.96415 1
955556.613018 1956944.08718 1
955556.419679 1956944.24355 1
955556.243813 1956944.36654 1
955556.059181 1956944.50067 1
955555.874608 1956944.64589 1
955555.725102 1956944.74655 1
955555.522937 1956944.90296 1
955555.391023 1956944.99243 1
955555.188858 1956945.14884 1
955555.057063 1956945.26049 1
955554.87249 1956945.40572 1
955554.731869 1956945.51742 1
955554.547237 1956945.65155 1
955554.406616 1956945.76325 1
955554.23081 1956945.89734 1
955554.081363 1956946.00909 1
955553.914383 1956946.14312 1
955553.756169 1956946.26601 1
955553.597956 1956946.38891 1
955553.413324 1956946.52304 1
955553.263936 1956946.64588 1
955553.070538 1956946.79115 1
955552.903558 1956946.92519 1
955552.718926 1956947.05932 1
955552.560712 1956947.18221 1
955552.37614 1956947.32743 1
955552.226752 1956947.45028 1
955552.04218 1956947.5955 1
955551.892733 1956947.70725 1
955551.70816 1956947.85248 1
955551.558713 1956947.96423 1
955551.224753 1956948.2323 1
955551.048947 1956948.36638 1
955550.890794 1956948.50037 1
955550.73258 1956948.62326 1
955550.574426 1956948.75725 1
955550.425039 1956948.88009 1
955550.249233 1956949.01417 1
955550.117497 1956949.13692 1
955549.941692 1956949.271 1
955549.792304 1956949.39385 1
955549.616498 1956949.52793 1
955549.493529 1956949.63954 1
955549.300131 1956949.78481 1
955549.168336 1956949.89647 1
955548.992649 1956950.05274 1
955548.843143 1956950.1534 1
955548.667456 1956950.30967 1
955548.535602 1956950.41023 1
955548.342263 1956950.56659 1
955548.175283 1956950.70063 1
955547.990651 1956950.83476 1
955547.832557 1956950.97984 1
955547.647925 1956951.11397 1
955547.480945 1956951.248 1
955547.313965 1956951.38204 1
955547.138159 1956951.51612 1
955546.97112 1956951.63906 1
955546.795374 1956951.78424 1
955546.645927 1956951.89599 1
955546.443703 1956952.04131 1
955546.303082 1956952.15301 1
955546.100858 1956952.29833 2
955545.951411 1956952.41008 2
955545.758013 1956952.55535 2
955545.599799 1956952.67824 2
955545.415168 1956952.81237 2
955545.256895 1956952.92417 2
955545.054671 1956953.06949 2
955544.896398 1956953.18129 2
955544.703 1956953.32656 2
955544.527075 1956953.43845 2
955544.342503 1956953.58368 2
955544.166637 1956953.70666 2
955543.964413 1956953.85198 2
955543.779781 1956953.98611 2
955543.577438 1956954.10924 2
955543.38404 1956954.25451 2
955543.190523 1956954.3776 2
955542.979473 1956954.52296 2
955542.794841 1956954.65709 2
955542.592498 1956954.78022 2
955542.3991 1956954.92549 2
955542.187871 1956955.03757 2
955542.00318 1956955.16061 2
955541.791951 1956955.27269 2
955541.616026 1956955.38459 2
955541.413683 1956955.50771 2
955541.202395 1956955.6087 2
955541.008878 1956955.73179 2
955540.788644 1956955.81063 2
955540.586301 1956955.93376 2
955540.357302 1956956.02375 2
955540.154839 1956956.12469 2
955539.917073 1956956.22582 2
955539.705666 1956956.30462 2
955539.485492 1956956.39456 2
955539.256433 1956956.47345 2
955539.03614 1956956.5412 2
955538.815788 1956956.59786 2
955538.595495 1956956.66561 2
955538.35755 1956956.73346 2
955538.128313 1956956.77907 2
955537.890368 1956956.84691 2
955537.669897 1956956.88138 2
955537.414181 1956956.92713 2
955537.202535 1956956.96155 2
955536.964472 1956957.00721 2
955536.735174 1956957.04173 2
955536.497051 1956957.07629 2
955536.258868 1956957.09976 2
955535.994326 1956957.14556 2
955535.747317 1956957.16907 2
955535.500368 1956957.20368 2
955535.244593 1956957.23834 2
955535.00635 1956957.25071 2
955534.759282 1956957.26313 2
955534.512094 1956957.25336 2
955534.273792 1956957.25464 2
955534.035431 1956957.24483 2
955533.805776 1956957.21278 2
955533.576181 1956957.19182 2
955533.337641 1956957.14872 2
955533.107927 1956957.10557 2
955532.88698 1956957.05128 2
955532.657265 1956957.00814 2
955532.445144 1956956.9538 2
955532.224077 1956956.87732 2
955532.020603 1956956.78965 2
955531.808362 1956956.71313 2
955531.596062 1956956.62551 2
955531.366109 1956956.53798 2
955531.171342 1956956.42808 2
955530.958982 1956956.32937 2
955530.772981 1956956.20832 2
955530.560562 1956956.09851 2
955530.348023 1956955.96651 2
955530.14437 1956955.84556 2
955529.949484 1956955.71347 2
955529.754538 1956955.57028 2
955529.541999 1956955.43828 2
955529.329341 1956955.2841 2
955529.116743 1956955.141 2
955528.921738 1956954.98672 2
955528.70902 1956954.82144 2
955528.514015 1956954.66716 2
955528.310183 1956954.51292 2
955528.106232 1956954.3365 2
955527.928759 1956954.15993 2
955527.742401 1956953.97232 2
955527.547217 1956953.78476 2
955527.387336 1956953.597 2
955527.218511 1956953.3871 2
955527.067457 1956953.1993 2
955526.925109 1956952.98926 2
955526.773936 1956952.77927 2
955526.640533 1956952.59137 2
955526.4893 1956952.37029 2
955526.355838 1956952.17129 2
955526.222495 1956951.99449 2
955526.062555 1956951.79564 2
955525.929093 1956951.59665 2
955525.778039 1956951.40885 2
955525.618099 1956951.21 2
955525.458159 1956951.01115 2
955525.31599 1956950.83439 2
955525.147284 1956950.64668 2
955525.005115 1956950.46993 2
955524.845294 1956950.29327 2
955524.694358 1956950.12765 2
955524.525652 1956949.93995 2
955524.36595 1956949.78548 2
955524.20607 1956949.59772 2
955524.064079 1956949.45425 2
955523.895432 1956949.27764 2
955523.762268 1956949.13412 2
955523.593681 1956948.9686 2
955523.460516 1956948.82508 2
955523.274277 1956948.65966 2
955523.158824 1956948.52714 2
955522.98147 1956948.37276 2
955522.83948 1956948.22929 2
955522.688604 1956948.07477 2
955522.528962 1956947.93139 2
955522.378145 1956947.78797 2
955522.227389 1956947.65564 2
955522.05898 1956947.5234 2
955521.899456 1956947.40222 2
955521.748819 1956947.29208 2
955521.571703 1956947.18208 2
955521.421065 1956947.07194 2
955521.226357 1956946.97313 2
955521.058127 1956946.87418 2
955520.872304 1956946.78642 2
955520.704074 1956946.68746 2
955520.509544 1956946.62194 2
955520.341433 1956946.54518 2
955520.129252 1956946.47975 2
955519.96126 1956946.42517 2
955519.757904 1956946.3597 2
955519.581205 1956946.32736 2
955519.377909 1956946.27298 2
955519.192385 1956946.24069 2
955518.998034 1956946.20845 2
955518.803861 1956946.20949 2
955518.60957 1956946.18834 2
955518.424164 1956946.17824 2
955518.221166 1956946.17933 2
955518.026934 1956946.16928 2
955517.841648 1956946.18137 2
955517.656421 1956946.20455 2
955517.471134 1956946.21664 2
955517.27714 1956946.25097 2
955517.109506 1956946.26297 2
955516.906686 1956946.29734 2
955516.730404 1956946.34266 2
955516.53647 1956946.38809 2
955516.360188 1956946.43341 2
955516.183966 1956946.48983 2
955516.01657 1956946.54621 2
955515.840407 1956946.61372 2
955515.67307 1956946.68119 2
955515.347222 1956946.81608 2
955515.179945 1956946.89464 2
955515.03038 1956946.9842 2
955514.871988 1956947.07381 2
955514.722363 1956947.15228 2
955514.572857 1956947.25294 2
955514.414584 1956947.36473 2
955514.273904 1956947.46534 2
955514.115691 1956947.58824 2
955513.975011 1956947.68885 2
955513.83445 1956947.81165 2
955513.685123 1956947.94559 2
955513.579866 1956948.06819 2
955513.439424 1956948.21318 2
955513.325401 1956948.34693 2
955513.193905 1956948.51406 2
955513.079881 1956948.64781 2
955512.983689 1956948.81475 2
955512.878491 1956948.94846 2
955512.782299 1956949.1154 2
955512.703639 1956949.26005 2
955512.607447 1956949.42699 2
955512.546379 1956949.56046 2
955512.467958 1956949.7495 2
955512.406891 1956949.88296 2
955512.346062 1956950.06081 2
955512.285054 1956950.20537 2
955512.250644 1956950.37198 2
955512.198462 1956950.51649 2
955512.164052 1956950.6831 2
955512.129582 1956950.83861 2
955512.095171 1956951.00522 2
955512.087239 1956951.17169 2
955512.061654 1956951.33825 2
955512.053722 1956951.50471 2
955512.045908 1956951.69337 2
955512.037916 1956951.84874 2
955512.038869 1956952.02625 2
955512.057475 1956952.20367 2
955512.07608 1956952.38109 2
955512.094566 1956952.53632 2
955512.121997 1956952.71369 2
955512.149368 1956952.87997 2
955512.185506 1956953.0351 2
955512.221823 1956953.22352 2
955512.25802 1956953.38975 2
955512.31193 1956953.56698 2
955512.356894 1956953.72207 2
955512.437281 1956953.89915 2
955512.499837 1956954.04305 2
955512.580224 1956954.22014 2
955512.651666 1956954.37508 2
955512.74082 1956954.54103 2
955512.83874 1956954.69583 2
955512.9366 1956954.83954 2
955513.043346 1956954.9943 2
955513.150032 1956955.13796 2
955513.2566 1956955.25943 2
955513.372172 1956955.41414 2
955513.478798 1956955.5467 2
955513.585485 1956955.69036 2
955513.692052 1956955.81184 2
955513.81639 1956955.9554 2
955513.922958 1956956.07687 2
955514.038529 1956956.23158 2
955514.153923 1956956.35301 2
955514.269375 1956956.48552 2
955514.384828 1956956.61804 2
955514.48251 1956956.72847 2
955514.606789 1956956.86094 2
955514.686699 1956956.94927 2
955514.78444 1956957.07079 2
955514.890829 1956957.15898 2
955514.979625 1956957.25835 2
955515.068302 1956957.33554 2
955515.157098 1956957.43492 2
955515.228123 1956957.5122 2
955515.325685 1956957.60044 2
955515.387825 1956957.66667 2
955515.45885 1956957.74396 2
955515.503158 1956957.777 2
955515.556472 1956957.84329 2
955515.60078 1956957.87633 2
955515.653975 1956957.92043 2
955515.680631 1956957.95357 2
955515.725 1956957.99771 2
955515.751656 1956958.03085 2
955515.787079 1956958.05285 2
955515.804851 1956958.07495 2
955515.831448 1956958.09699 2
955515.849159 1956958.10799 2
955515.858045 1956958.11904 2
955515.86693 1956958.13009 2
955515.86693 1956958.13009 2
955515.86693 1956958.13009 2
955515.86693 1956958.13009 2
955515.858104 1956958.13014 2
955515.849278 1956958.13018 2
955515.849219 1956958.11909 2
955515.849219 1956958.11909 2
955515.849219 1956958.11909 2
955515.840393 1956958.11914 2
955515.831567 1956958.11918 2
955515.831567 1956958.11918 2
955515.822741 1956958.11923 2
955515.822741 1956958.11923 2
