935533.888017 1915848.70546
935533.888017 1915848.70546
935533.888017 1915848.70546
935533.888017 1915848.70546
935533.896886 1915848.70539
935533.896801 1915848.69429
935533.896886 1915848.70539
935533.896886 1915848.70539
935533.896972 1915848.71648
935533.888017 1915848.70546
935533.888102 1915848.71655
935533.896972 1915848.71648
935533.896972 1915848.71648
935533.896886 1915848.70539
935533.896886 1915848.70539
935533.896886 1915848.70539
935533.896886 1915848.70539
935533.896801 1915848.69429
935533.887931 1915848.69436
935533.888017 1915848.70546
935533.879147 1915848.70552
935533.879147 1915848.70552
935533.879147 1915848.70552
935533.888017 1915848.70546
935533.879147 1915848.70552
935533.888017 1915848.70546
935533.888017 1915848.70546
935533.888017 1915848.70546
935533.888017 1915848.70546
935533.888017 1915848.70546
935533.888102 1915848.71655
935533.888187 1915848.72764
935533.897227 1915848.74976
935533.906182 1915848.76079
935533.915307 1915848.794
935533.933217 1915848.81606
935533.960083 1915848.84913
935533.986862 1915848.87112
935534.013813 1915848.91529
935534.031808 1915848.94843
935534.067543 1915848.98144
935534.094408 1915849.01452
935534.121443 1915849.06979
935534.148564 1915849.13615
935534.184469 1915849.19135
935534.211589 1915849.2577
935534.238539 1915849.30188
935534.26566 1915849.36824
935534.29261 1915849.41241
935534.31956 1915849.45658
935534.355721 1915849.54506
935534.382927 1915849.62251
935534.418917 1915849.68881
935534.463777 1915849.75503
935534.499768 1915849.82132
935534.544628 1915849.88754
935534.580618 1915849.95384
935534.616694 1915850.03122
935534.652769 1915850.10861
935534.68876 1915850.1749
935534.733535 1915850.23003
935534.769525 1915850.29632
935534.8143 1915850.35145
935534.85029 1915850.41774
935534.886366 1915850.49513
935534.931226 1915850.56135
935534.967216 1915850.62764
935535.003292 1915850.70503
935535.030583 1915850.79358
935535.066573 1915850.85987
935535.102649 1915850.93725
935535.147594 1915851.01457
935535.183499 1915851.06977
935535.228359 1915851.13599
935535.26452 1915851.22447
935535.300596 1915851.30186
935535.345456 1915851.36808
935535.381446 1915851.43437
935535.417607 1915851.52285
935535.462467 1915851.58908
935535.498628 1915851.67756
935535.534618 1915851.74385
935535.588433 1915851.8211
935535.615724 1915851.90965
935535.660584 1915851.97587
935535.714314 1915852.04203
935535.741605 1915852.13057
935535.777595 1915852.19687
935535.813756 1915852.28534
935535.849831 1915852.36273
935535.894777 1915852.44005
935535.939722 1915852.51737
935535.975798 1915852.59475
935536.020743 1915852.67207
935536.056819 1915852.74945
935536.101764 1915852.82677
935536.146794 1915852.91518
935536.18287 1915852.99257
935536.227815 1915853.06989
935536.263976 1915853.15837
935536.317876 1915853.24671
935536.371691 1915853.32396
935536.416637 1915853.40128
935536.470452 1915853.47853
935536.515482 1915853.56694
935536.569127 1915853.622
935536.631727 1915853.68809
935536.712152 1915853.76513
935536.783536 1915853.82006
935536.855006 1915853.88608
935536.944215 1915853.95196
935537.015515 1915853.99579
935537.104554 1915854.03949
935537.202462 1915854.08312
935537.282546 1915854.11578
935537.371585 1915854.15948
935537.460539 1915854.19208
935537.558363 1915854.22461
935537.647232 1915854.24612
935537.74497 1915854.26756
935537.833839 1915854.28907
935537.922707 1915854.31057
935538.020446 1915854.33201
935538.100445 1915854.35359
935538.189228 1915854.364
935538.286882 1915854.37435
935538.358011 1915854.39599
935538.446794 1915854.4064
935538.535578 1915854.41682
935538.615406 1915854.4162
935538.69532 1915854.42669
935538.775148 1915854.42607
935538.846192 1915854.43662
935538.917236 1915854.44717
935538.988195 1915854.44663
935539.059154 1915854.44608
935539.130197 1915854.45663
935539.209941 1915854.44492
935539.2722 1915854.46664
935539.352028 1915854.46602
935539.414202 1915854.47664
935539.502986 1915854.48705
935539.573945 1915854.48651
935539.653943 1915854.50808
935539.733772 1915854.50747
935539.82247 1915854.50679
935539.902384 1915854.51727
935539.982213 1915854.51666
935540.062126 1915854.52714
935540.15091 1915854.53755
935540.230823 1915854.54803
935540.319607 1915854.55845
935540.399521 1915854.56893
935540.479434 1915854.57941
935540.585957 1915854.58969
935540.674826 1915854.61119
935540.772394 1915854.61045
935540.870133 1915854.63188
935540.958831 1915854.6312
935541.05657 1915854.65264
935541.145353 1915854.66306
935541.243006 1915854.6734
935541.331875 1915854.69491
935541.420659 1915854.70532
935541.509527 1915854.72683
935541.607181 1915854.73717
935541.704834 1915854.74752
935541.793532 1915854.74684
935541.873446 1915854.75732
935541.971099 1915854.76766
935542.059883 1915854.77808
935542.148666 1915854.78849
935542.23745 1915854.7989
935542.317364 1915854.80938
935542.406147 1915854.8198
935542.486146 1915854.84137
935542.565974 1915854.84076
935542.628148 1915854.85138
935542.699192 1915854.86193
935542.770151 1915854.86138
935542.832325 1915854.872
935542.885544 1915854.87159
935542.938763 1915854.87118
935542.983197 1915854.88194
935543.027546 1915854.8816
935543.045371 1915854.89255
935543.071981 1915854.89235
935543.080765 1915854.88119
935543.09859 1915854.89215
935543.107375 1915854.88098
935543.107375 1915854.88098
935543.10746 1915854.89208
935543.10746 1915854.89208
935543.09859 1915854.89215
935543.09859 1915854.89215
935543.10746 1915854.89208
935543.09859 1915854.89215
935543.09859 1915854.89215
935543.09859 1915854.89215
935543.09859 1915854.89215
935543.09859 1915854.89215
935543.10746 1915854.89208
935543.116245 1915854.88092
935543.133984 1915854.88078
935543.151724 1915854.88064
935543.196073 1915854.8803
935543.222683 1915854.8801
935543.275902 1915854.87969
935543.337991 1915854.87921
935543.391295 1915854.8899
935543.453384 1915854.88942
935543.506688 1915854.90011
935543.586602 1915854.91059
935543.648861 1915854.9323
935543.728689 1915854.93169
935543.799733 1915854.94224
935543.879562 1915854.94162
935543.950605 1915854.95217
935544.012779 1915854.96279
935544.083738 1915854.96225
935544.154782 1915854.9728
935544.225741 1915854.97225
935544.287829 1915854.97177
935544.350003 1915854.98239
935544.420962 1915854.98185
935544.474181 1915854.98144
935544.527485 1915854.99212
935544.580704 1915854.99172
935544.625139 1915855.00247
935544.678358 1915855.00206
935544.713837 1915855.00179
935544.749316 1915855.00152
935544.775926 1915855.00131
935544.793665 1915855.00118
935544.811405 1915855.00104
935544.80262 1915855.0122
935544.80262 1915855.0122
935544.784881 1915855.01234
935544.767141 1915855.01247
935544.740532 1915855.01268
935544.713837 1915855.00179
935544.660703 1915855.01329
935544.616184 1915854.99144
935544.571834 1915854.99178
935544.5274 1915854.98103
935544.465311 1915854.98151
935544.412092 1915854.98192
935544.349918 1915854.9713
935544.287915 1915854.98287
935544.225826 1915854.98335
935544.154867 1915854.98389
935544.074953 1915854.97341
935544.012865 1915854.97389
935543.941821 1915854.96334
935543.870862 1915854.96388
935543.799903 1915854.96443
935543.728945 1915854.96497
935543.657901 1915854.95442
935543.569117 1915854.94401
935543.498159 1915854.94455
935543.418245 1915854.93407
935543.347201 1915854.92352
935543.267287 1915854.91304
935543.196244 1915854.90249
935543.125285 1915854.90304
935543.054241 1915854.89249
935542.983282 1915854.89303
935542.903369 1915854.88255
935542.83241 1915854.88309
935542.752496 1915854.87261
935542.672583 1915854.86213
935542.592669 1915854.85165
935542.52171 1915854.85219
935542.450667 1915854.84165
935542.388493 1915854.83103
935542.308664 1915854.83164
935542.22875 1915854.82116
935542.166662 1915854.82164
935542.095703 1915854.82218
935542.015789 1915854.8117
935541.93579 1915854.79012
935541.873616 1915854.77951
935541.793788 1915854.78012
935541.731614 1915854.7695
935541.660655 1915854.77005
935541.580741 1915854.75957
935541.500913 1915854.76018
935541.438654 1915854.73847
935541.36761 1915854.72792
935541.278826 1915854.7175
935541.207697 1915854.69586
935541.127784 1915854.68538
935541.056825 1915854.68592
935540.976911 1915854.67544
935540.896998 1915854.66496
935540.808214 1915854.65455
935540.737256 1915854.65509
935540.666297 1915854.65564
935540.586383 1915854.64516
935540.50647 1915854.63468
935540.435426 1915854.62413
935540.373337 1915854.6246
935540.293508 1915854.62522
935540.222464 1915854.61467
935540.142636 1915854.61528
935540.071677 1915854.61582
935539.991849 1915854.61644
935539.92089 1915854.61698
935539.849846 1915854.60643
935539.769933 1915854.59595
935539.690104 1915854.59656
935539.61019 1915854.58608
935539.539232 1915854.58663
935539.459318 1915854.57615
935539.37949 1915854.57676
935539.290791 1915854.57744
935539.219747 1915854.56689
935539.139834 1915854.55641
935539.05992 1915854.54593
935538.980006 1915854.53545
935538.900093 1915854.52497
935538.828964 1915854.50332
935538.74905 1915854.49284
935538.677921 1915854.4712
935538.606877 1915854.46065
935538.535748 1915854.439
935538.464619 1915854.41736
935538.38462 1915854.39579
935538.313321 1915854.35195
935538.242107 1915854.31922
935538.162023 1915854.28655
935538.090809 1915854.25381
935538.019594 1915854.22107
935537.948295 1915854.17724
935537.859341 1915854.14464
935537.787957 1915854.08972
935537.725612 1915854.05691
935537.645358 1915854.00205
935537.582843 1915853.94706
935537.520329 1915853.89207
935537.449115 1915853.85933
935537.377645 1915853.79331
935537.31513 1915853.73832
935537.243746 1915853.68339
935537.181146 1915853.6173
935537.109591 1915853.54019
935537.064646 1915853.46287
935536.993261 1915853.40795
935536.939531 1915853.34179
935536.859362 1915853.29803
935536.787807 1915853.22091
935536.707383 1915853.14387
935536.644783 1915853.07778
935536.590968 1915853.00053
935536.528368 1915852.93444
935536.465683 1915852.85726
935536.394213 1915852.79124
935536.331613 1915852.72516
935536.277883 1915852.659
935536.224153 1915852.59285
935536.161553 1915852.52676
935536.107823 1915852.4606
935536.071748 1915852.38322
935536.026888 1915852.31699
935535.982027 1915852.25077
935535.946122 1915852.19557
935535.910132 1915852.12928
935535.892052 1915852.08504
935535.874056 1915852.05189
935535.864931 1915852.01868
935535.855806 1915851.98547
935535.846851 1915851.97444
935535.855635 1915851.96328
935535.855635 1915851.96328
935535.855721 1915851.97437
935535.864676 1915851.9854
935535.864931 1915852.01868
935535.873886 1915852.02971
935535.891796 1915852.05176
935535.918406 1915852.05155
935535.954055 1915852.07347
935535.963095 1915852.09559
935535.981091 1915852.12873
935535.990216 1915852.16195
935536.008296 1915852.20619
935536.026377 1915852.25043
935536.044457 1915852.29467
935536.071492 1915852.34993
935536.089573 1915852.39417
935536.107738 1915852.44951
935536.125989 1915852.51594
935536.153194 1915852.59339
935536.17136 1915852.64872
935536.198566 1915852.72618
935536.225856 1915852.81473
935536.253062 1915852.89218
935536.289138 1915852.96956
935536.325298 1915853.05804
935536.370244 1915853.13536
935536.39762 1915853.235
935536.44265 1915853.32342
935536.487851 1915853.43402
935536.532881 1915853.52243
935536.569127 1915853.622
935536.605203 1915853.69939
935536.650318 1915853.79889
935536.686564 1915853.89847
935536.73168 1915853.99797
935536.767926 1915854.09755
935536.821826 1915854.18589
935536.857987 1915854.27437
935536.911887 1915854.36271
935536.956917 1915854.45112
935536.993078 1915854.5396
935537.038108 1915854.62802
935537.074184 1915854.7054
935537.119214 1915854.79381
935537.164245 1915854.88222
935537.218145 1915854.97057
935537.263091 1915855.04789
935537.308036 1915855.1252
935537.353066 1915855.21362
935537.406881 1915855.29087
935537.451827 1915855.36818
935537.487902 1915855.44557
935537.532933 1915855.53398
935537.577963 1915855.62239
935537.631949 1915855.72183
935537.677064 1915855.82134
935537.71314 1915855.89872
935537.75817 1915855.98713
935537.812071 1915856.07548
935537.857186 1915856.17498
935537.902131 1915856.2523
935537.955947 1915856.32955
935538.000892 1915856.40687
935538.054707 1915856.48412
935538.108522 1915856.56137
935538.171122 1915856.62745
935538.224852 1915856.69361
935538.296151 1915856.73744
935538.367621 1915856.80346
935538.44779 1915856.84722
935538.519089 1915856.89105
935538.590474 1915856.94598
935538.688297 1915856.97851
935538.786121 1915857.01105
935538.892644 1915857.02132
935538.990383 1915857.04276
935539.079166 1915857.05318
935539.176905 1915857.07461
935539.274643 1915857.09605
935539.363341 1915857.09537
935539.460995 1915857.10572
935539.549693 1915857.10504
935539.647261 1915857.10429
935539.73596 1915857.10361
935539.833528 1915857.10286
935539.939966 1915857.10204
935540.046319 1915857.09013
935540.143887 1915857.08938
935540.241455 1915857.08863
935540.330238 1915857.09905
935540.427892 1915857.10939
935540.51659 1915857.10871
935540.605374 1915857.11912
935540.702942 1915857.11837
935540.80051 1915857.11762
935540.889293 1915857.12804
935540.986947 1915857.13838
935541.093385 1915857.13757
935541.190953 1915857.13682
935541.288521 1915857.13607
935541.395044 1915857.14634
935541.492612 1915857.1456
935541.590266 1915857.15594
935541.696704 1915857.15512
935541.812097 1915857.16533
935541.918705 1915857.1867
935542.025228 1915857.19698
935542.131751 1915857.20726
935542.238274 1915857.21754
935542.336013 1915857.23897
935542.451406 1915857.24918
935542.566799 1915857.25939
935542.673237 1915857.25857
935542.77106 1915857.29111
935542.877669 1915857.31248
935542.975322 1915857.32282
935543.081845 1915857.3331
935543.188453 1915857.35447
935543.295062 1915857.37584
935543.392715 1915857.38619
935543.508193 1915857.40749
935543.614716 1915857.41777
935543.721325 1915857.43914
935543.818978 1915857.44948
935543.934286 1915857.4486
935544.049679 1915857.45881
935544.165072 1915857.46902
935544.271595 1915857.47929
935544.369163 1915857.47855
935544.466816 1915857.48889
935544.564384 1915857.48814
935544.662123 1915857.50958
935544.759691 1915857.50883
935544.848474 1915857.51925
935544.946043 1915857.5185
935545.025956 1915857.52898
935545.10587 1915857.53946
935545.194568 1915857.53878
935545.265612 1915857.54933
935545.345441 1915857.54871
935545.425184 1915857.53701
935545.496228 1915857.54756
935545.549361 1915857.53605
935545.61128 1915857.51339
935545.664499 1915857.51298
935545.708848 1915857.51264
935545.753112 1915857.50121
935545.770852 1915857.50107
935545.788592 1915857.50093
935545.806416 1915857.51189
935545.806331 1915857.5008
935545.797461 1915857.50087
935545.797461 1915857.50087
935545.770852 1915857.50107
935545.753112 1915857.50121
935545.708848 1915857.51264
935545.673369 1915857.51291
935545.629105 1915857.52435
935545.575801 1915857.51366
935545.513712 1915857.51414
935545.460408 1915857.50345
935545.380579 1915857.50407
935545.30945 1915857.48242
935545.238406 1915857.47187
935545.149708 1915857.47255
935545.069965 1915857.48426
935544.999006 1915857.48481
935544.945702 1915857.47412
935544.874658 1915857.46357
935544.79483 1915857.46418
935544.715001 1915857.4648
935544.652827 1915857.45418
935544.590738 1915857.45466
935544.510825 1915857.44417
935544.422126 1915857.44486
935544.342298 1915857.44547
935544.271254 1915857.43492
935544.182471 1915857.42451
935544.102642 1915857.42512
935544.013859 1915857.4147
935543.9429 1915857.41525
935543.863072 1915857.41586
935543.792028 1915857.40531
935543.703159 1915857.38381
935543.6322 1915857.38435
935543.561157 1915857.3738
935543.481328 1915857.37441
935543.410284 1915857.36386
935543.339155 1915857.34222
935543.259242 1915857.33174
935543.179328 1915857.32126
935543.108284 1915857.31071
935543.037326 1915857.31125
935542.957412 1915857.30077
935542.877583 1915857.30139
935542.806625 1915857.30193
935542.717841 1915857.29152
935542.638013 1915857.29213
935542.558099 1915857.28165
935542.460531 1915857.2824
935542.389402 1915857.26075
935542.318443 1915857.2613
935542.2474 1915857.25075
935542.158616 1915857.24034
935542.070003 1915857.25211
935541.990089 1915857.24163
935541.901391 1915857.24231
935541.821477 1915857.23183
935541.750348 1915857.21019
935541.652695 1915857.19984
935541.581566 1915857.1782
935541.501652 1915857.16772
935541.439478 1915857.1571
935541.359565 1915857.14662
935541.279651 1915857.13614
935541.199737 1915857.12565
935541.119824 1915857.11517
935541.039825 1915857.0936
935540.959826 1915857.07202
935540.879827 1915857.05045
935540.799743 1915857.01778
935540.719745 1915856.9962
935540.639746 1915856.97463
935540.533137 1915856.95326
935540.435399 1915856.93182
935540.346445 1915856.89922
935540.248622 1915856.86668
935540.159668 1915856.83408
935540.061929 1915856.81264
935539.97289 1915856.76895
935539.883936 1915856.73635
935539.794983 1915856.70375
935539.697159 1915856.67121
935539.590466 1915856.63875
935539.492557 1915856.59512
935539.403433 1915856.54033
935539.305609 1915856.5078
935539.22544 1915856.46403
935539.136231 1915856.39815
935539.047192 1915856.35446
935538.967022 1915856.31069
935538.877983 1915856.267
935538.788944 1915856.2233
935538.70869 1915856.16845
935538.628521 1915856.12468
935538.548267 1915856.06982
935538.476797 1915856.00381
935538.405413 1915855.94888
935538.342813 1915855.88279
935538.280213 1915855.81671
935538.208829 1915855.76178
935538.155099 1915855.69562
935538.092499 1915855.62954
935538.038684 1915855.55229
935537.993738 1915855.47497
935537.948878 1915855.40875
935537.912888 1915855.34245
935537.868028 1915855.27623
935537.832037 1915855.20994
935537.796132 1915855.15474
935537.769097 1915855.09948
935537.733107 1915855.03318
935537.688246 1915854.96696
935537.661041 1915854.88951
935537.63392 1915854.82315
935537.606715 1915854.74569
935537.579509 1915854.66824
935537.561173 1915854.59072
935537.525183 1915854.52442
935537.489193 1915854.45813
935537.444503 1915854.4141
935537.391028 1915854.38122
935537.355293 1915854.34821
935537.319559 1915854.3152
935537.265914 1915854.26014
935537.230094 1915854.21604
935537.194189 1915854.16084
935537.149329 1915854.09462
935537.113338 1915854.02833
935537.068308 1915853.93991
935537.032232 1915853.86253
935536.996072 1915853.77405
935536.977736 1915853.69653
935536.950615 1915853.63017
935536.932365 1915853.56374
935536.914114 1915853.49731
935536.913688 1915853.44184
935536.913177 1915853.37528
935536.921621 1915853.31974
935536.93015 1915853.27529
935536.930065 1915853.2642
935536.930065 1915853.2642
935536.930236 1915853.28639
935536.930491 1915853.31967
935536.939616 1915853.35288
935536.966652 1915853.40815
935536.976033 1915853.47465
935536.985498 1915853.55224
935536.994964 1915853.62983
935537.004601 1915853.7296
935537.005197 1915853.80726
935537.014918 1915853.91814
935537.0156 1915854.00689
935537.025151 1915854.09557
935537.034787 1915854.19535
935537.044423 1915854.29513
935537.053975 1915854.38381
935537.063611 1915854.48359
935537.081947 1915854.56111
935537.082543 1915854.63877
935537.092094 1915854.72745
935537.110259 1915854.78279
935537.11077 1915854.84935
935537.137806 1915854.90462
935537.155971 1915854.95995
935537.182921 1915855.00412
935537.201087 1915855.05946
935537.219252 1915855.11479
935537.237503 1915855.18122
935537.264709 1915855.25867
935537.309739 1915855.34708
935537.33703 1915855.43563
935537.373276 1915855.53521
935537.418221 1915855.61252
935537.463337 1915855.71203
935537.517322 1915855.81147
935537.553568 1915855.91104
935537.607639 1915856.02157
935537.652669 1915856.10998
935537.706654 1915856.20942
935537.751855 1915856.32002
935537.805841 1915856.41946
935537.859911 1915856.52999
935537.913812 1915856.61833
935537.976667 1915856.7177
935538.039437 1915856.80598
935538.093508 1915856.91651
935538.147493 1915857.01595
935538.219218 1915857.11525
935538.281988 1915857.20353
935538.344844 1915857.30289
935538.407699 1915857.40226
935538.4529 1915857.51286
935538.51567 1915857.60114
935538.57861 1915857.7116
935538.64138 1915857.79988
935538.695281 1915857.88822
935538.740396 1915857.98773
935538.803251 1915858.0871
935538.857152 1915858.17544
935538.911137 1915858.27488
935538.965208 1915858.38541
935539.019108 1915858.47375
935539.090833 1915858.57306
935539.144733 1915858.6614
935539.216288 1915858.73851
935539.279058 1915858.82679
935539.359653 1915858.92602
935539.431208 1915859.00313
935539.511547 1915859.06909
935539.609712 1915859.14599
935539.690051 1915859.21195
935539.788045 1915859.26667
935539.894909 1915859.32132
935539.983948 1915859.36502
935540.099681 1915859.4196
935540.20646 1915859.46316
935540.313238 1915859.50672
935540.419932 1915859.53918
935540.526625 1915859.57165
935540.633234 1915859.59302
935540.731057 1915859.62555
935540.837666 1915859.64692
935540.935404 1915859.66836
935541.024187 1915859.67878
935541.130625 1915859.67796
935541.228279 1915859.6883
935541.325932 1915859.69865
935541.423585 1915859.70899
935541.530108 1915859.71927
935541.609937 1915859.71866
935541.69872 1915859.72907
935541.778634 1915859.73955
935541.858462 1915859.73894
935541.947161 1915859.73826
935542.035859 1915859.73758
935542.124557 1915859.7369
935542.22204 1915859.72505
935542.319608 1915859.72431
935542.417176 1915859.72356
935542.51483 1915859.7339
935542.603698 1915859.75541
935542.701267 1915859.75466
935542.80779 1915859.76494
935542.914398 1915859.78631
935543.038576 1915859.78536
935543.145099 1915859.79563
935543.242667 1915859.79488
935543.35806 1915859.80509
935543.464583 1915859.81537
935543.579891 1915859.81448
935543.695284 1915859.82469
935543.810676 1915859.8349
935543.926069 1915859.84511
935544.041462 1915859.85532
935544.156855 1915859.86553
935544.263378 1915859.87581
935544.378771 1915859.88601
935544.494079 1915859.88513
935544.591732 1915859.89548
935544.70704 1915859.89459
935544.813563 1915859.90487
935544.928956 1915859.91508
935545.035479 1915859.92535
935545.150957 1915859.94666
935545.257481 1915859.95693
935545.364004 1915859.96721
935545.461572 1915859.96646
935545.55914 1915859.96571
935545.656793 1915859.97606
935545.754361 1915859.97531
935545.860799 1915859.97449
935545.958367 1915859.97374
935546.055936 1915859.97299
935546.153589 1915859.98334
935546.251242 1915859.99368
935546.357765 1915860.00396
935546.455333 1915860.00321
935546.553072 1915860.02465
935546.659425 1915860.01274
935546.739423 1915860.03432
935546.837077 1915860.04466
935546.925775 1915860.04398
935547.014558 1915860.05439
935547.094472 1915860.06487
935547.174386 1915860.07536
935547.245429 1915860.08591
935547.325258 1915860.08529
935547.387432 1915860.09591
935547.449606 1915860.10653
935547.50291 1915860.11721
935547.556129 1915860.1168
935547.600478 1915860.11646
935547.636128 1915860.13838
935547.662737 1915860.13818
935547.689432 1915860.14907
935547.698301 1915860.149
935547.698387 1915860.16009
935547.689432 1915860.14907
935547.671692 1915860.1492
935547.636213 1915860.14947
935547.591864 1915860.14981
935547.556299 1915860.13899
935547.51195 1915860.13933
935547.476471 1915860.13961
935547.423252 1915860.14001
935547.361163 1915860.14049
935547.290204 1915860.14104
935547.2369 1915860.13035
935547.157072 1915860.13096
935547.086113 1915860.13151
935547.015069 1915860.12096
935546.944111 1915860.1215
935546.864282 1915860.12211
935546.784368 1915860.11163
935546.722195 1915860.10102
935546.633411 1915860.0906
935546.544798 1915860.10238
935546.455929 1915860.08087
935546.376101 1915860.08148
935546.296272 1915860.0821
935546.207574 1915860.08278
935546.109921 1915860.07243
935546.021223 1915860.07311
935545.914699 1915860.06284
935545.817131 1915860.06358
935545.719563 1915860.06433
935545.621995 1915860.06508
935545.533297 1915860.06576
935545.435729 1915860.06651
935545.329291 1915860.06733
935545.231637 1915860.05698
935545.133984 1915860.04664
935545.027461 1915860.03636
935544.920938 1915860.02608
935544.832154 1915860.01567
935544.734586 1915860.01642
935544.636933 1915860.00607
935544.539365 1915860.00682
935544.441712 1915859.99648
935544.361883 1915859.99709
935544.26423 1915859.98675
935544.184231 1915859.96517
935544.104232 1915859.9436
935544.015449 1915859.93318
935543.935535 1915859.9227
935543.837882 1915859.91236
935543.749099 1915859.90194
935543.660315 1915859.89153
935543.571447 1915859.87002
935543.482663 1915859.85961
935543.393794 1915859.8381
935543.313881 1915859.82762
935543.233967 1915859.81714
935543.154054 1915859.80666
935543.065355 1915859.80734
935542.976572 1915859.79693
935542.887788 1915859.78651
935542.799005 1915859.7761
935542.719006 1915859.75452
935542.630138 1915859.73302
935542.550224 1915859.72254
935542.46144 1915859.71212
935542.372657 1915859.70171
935542.283874 1915859.6913
935542.19509 1915859.68088
935542.106307 1915859.67047
935542.017523 1915859.66006
935541.937524 1915859.63848
935541.839871 1915859.62814
935541.768827 1915859.61759
935541.680044 1915859.60717
935541.60013 1915859.59669
935541.511347 1915859.58628
935541.413608 1915859.56484
935541.315955 1915859.5545
935541.235871 1915859.52183
935541.147003 1915859.50032
935541.058134 1915859.47881
935540.96918 1915859.44621
935540.880397 1915859.4358
935540.800398 1915859.41422
935540.711529 1915859.39271
935540.622575 1915859.36011
935540.533707 1915859.33861
935540.453623 1915859.30594
935540.364669 1915859.27334
935540.275715 1915859.24073
935540.204672 1915859.23019
935540.133457 1915859.19745
935540.071283 1915859.18683
935540.017979 1915859.17615
935539.96459 1915859.15437
935539.920156 1915859.14361
935539.902331 1915859.13265
935539.875721 1915859.13286
935539.884591 1915859.13279
935539.902246 1915859.12156
935539.920071 1915859.13252
935539.955635 1915859.14334
935539.982415 1915859.16532
935540.009195 1915859.18731
935540.044844 1915859.20922
935540.107018 1915859.21984
935540.178062 1915859.23039
935540.240151 1915859.22991
935540.32015 1915859.25149
935540.409018 1915859.273
935540.462322 1915859.28368
935540.533451 1915859.30532
935540.595796 1915859.33813
935540.65797 1915859.34875
935540.720229 1915859.37046
935540.782318 1915859.36998
935540.835537 1915859.36957
935540.897796 1915859.39128
935540.968754 1915859.39074
935541.021973 1915859.39033
935541.057367 1915859.37897
935541.092762 1915859.3676
935541.119371 1915859.36739
935541.13694 1915859.34507
935541.154595 1915859.33384
935541.181119 1915859.32254
935541.189989 1915859.32247
935541.189989 1915859.32247
935541.189989 1915859.32247
935541.181204 1915859.33364
935541.172335 1915859.3337
935541.172335 1915859.3337
935541.172335 1915859.3337
935541.172335 1915859.3337
935541.172335 1915859.3337
935541.172335 1915859.3337
935541.172335 1915859.3337
935541.172335 1915859.3337
935541.172335 1915859.3337
935541.172335 1915859.3337
935541.172335 1915859.3337
935541.172335 1915859.3337
935541.172335 1915859.3337
935541.181204 1915859.33364
935541.172335 1915859.3337
935541.172335 1915859.3337
935541.172335 1915859.3337
935541.17242 1915859.3448
935541.172335 1915859.3337
935541.172335 1915859.3337
935541.181204 1915859.33364
935541.172335 1915859.3337
935541.172335 1915859.3337
935541.172335 1915859.3337
935541.172335 1915859.3337
935541.181204 1915859.33364
935541.172249 1915859.32261
935541.181119 1915859.32254
935541.172335 1915859.3337
935541.181119 1915859.32254
935541.181119 1915859.32254
935541.181119 1915859.32254
935541.181034 1915859.31145
935541.181119 1915859.32254
935541.181119 1915859.32254
935541.181119 1915859.32254
935541.181119 1915859.32254
935541.172164 1915859.31152
935541.172164 1915859.31152
935541.163294 1915859.31158
935541.12773 1915859.30076
935541.083381 1915859.3011
935541.038947 1915859.29035
935540.959118 1915859.29096
935540.879204 1915859.28048
935540.799376 1915859.28109
935540.737202 1915859.27048
935540.692597 1915859.23753
935540.630338 1915859.21582
935540.550339 1915859.19425
935540.479211 1915859.1726
935540.407996 1915859.13987
935540.319043 1915859.10727
935540.230089 1915859.07466
935540.14992 1915859.0309
935540.061051 1915859.00939
935539.972097 1915858.97679
935539.892013 1915858.94412
935539.811929 1915858.91145
935539.740715 1915858.87872
935539.669416 1915858.83489
935539.598117 1915858.79105
935539.526903 1915858.75832
935539.455603 1915858.71449
935539.393174 1915858.67059
935539.330659 1915858.61559
935539.259275 1915858.56067
935539.214585 1915858.51663
935539.161111 1915858.48376
935539.116506 1915858.45082
935539.054076 1915858.40692
935539.009216 1915858.34069
935538.964356 1915858.27447
935538.919581 1915858.21934
935538.874891 1915858.1753
935538.865766 1915858.14209
935538.838901 1915858.10901
935538.812036 1915858.07594
935538.793871 1915858.0206
935538.766921 1915857.97643
935538.757625 1915857.92103
935538.748329 1915857.86563
935538.739034 1915857.81022
935538.738778 1915857.77694
935538.747818 1915857.79906
935538.747989 1915857.82125
935538.757029 1915857.84337
935538.766069 1915857.86549
935538.792849 1915857.88747
935538.828413 1915857.89829
935538.837453 1915857.92041
935538.837794 1915857.96479
935538.829265 1915858.00923
935538.82952 1915858.04252
935538.829776 1915858.0758
935538.830031 1915858.10908
935538.839071 1915858.1312
935538.856981 1915858.15325
935538.874891 1915858.1753
935538.892972 1915858.21954
935538.919837 1915858.25262
935538.955657 1915858.29673
935538.982692 1915858.35199
935539.027382 1915858.39603
935539.063457 1915858.47341
935539.099533 1915858.5508
935539.126653 1915858.61716
935539.162729 1915858.69454
935539.198804 1915858.77193
935539.226095 1915858.86048
935539.26217 1915858.93786
935539.280506 1915859.01539
935539.307882 1915859.11503
935539.352827 1915859.19235
935539.397943 1915859.29185
935539.443058 1915859.39136
935539.497044 1915859.49079
935539.542159 1915859.5903
935539.604929 1915859.67858
935539.659 1915859.78911
935539.695161 1915859.87759
935539.757931 1915859.96586
935539.802961 1915860.05427
935539.856947 1915860.15371
935539.919631 1915860.23089
935539.973617 1915860.33033
935540.027602 1915860.42977
935540.081503 1915860.51811
935540.144443 1915860.62858
935540.207128 1915860.70576
935540.252073 1915860.78308
935540.305973 1915860.87142
935540.359788 1915860.94867
935540.422644 1915861.04804
935540.476544 1915861.13638
935540.521659 1915861.23589
935540.57573 1915861.34642
935540.638585 1915861.44579
935540.701355 1915861.53406
935540.75517 1915861.61131
935540.81794 1915861.69959
935540.880625 1915861.77677
935540.96105 1915861.85382
935541.041474 1915861.93086
935541.121899 1915862.00791
935541.211108 1915862.07379
935541.300317 1915862.13967
935541.407266 1915862.20542
935541.496476 1915862.2713
935541.603339 1915862.32596
935541.692463 1915862.38075
935541.790372 1915862.42437
935541.897151 1915862.46793
935542.003929 1915862.51149
935542.110623 1915862.54396
935542.217231 1915862.56533
935542.332624 1915862.57554
935542.430277 1915862.58588
935542.52793 1915862.59623
935542.634283 1915862.58432
935542.749506 1915862.57234
935542.855688 1915862.53824
935542.961956 1915862.51523
935543.068223 1915862.49223
935543.174576 1915862.48032
935543.263189 1915862.46854
935543.369457 1915862.44554
935543.458155 1915862.44486
935543.564423 1915862.42185
935543.66182 1915862.39891
935543.759303 1915862.38707
935543.856786 1915862.37523
935543.971924 1915862.35215
935544.087061 1915862.32908
935544.184629 1915862.32833
935544.273328 1915862.32765
935544.370896 1915862.3269
935544.477334 1915862.32609
935544.583857 1915862.33636
935544.69038 1915862.34664
935544.788118 1915862.36808
935544.894726 1915862.38945
935544.99238 1915862.3998
935545.098988 1915862.42117
935545.205511 1915862.43144
935545.312034 1915862.44172
935545.409687 1915862.45207
935545.507511 1915862.4846
935545.596294 1915862.49501
935545.693947 1915862.50536
935545.800556 1915862.52673
935545.898209 1915862.53707
935546.013772 1915862.56947
935546.11134 1915862.56872
935546.217948 1915862.59009
935546.324471 1915862.60037
935546.42221 1915862.62181
935546.510908 1915862.62113
935546.599692 1915862.63154
935546.69726 1915862.63079
935546.803527 1915862.60779
935546.89214 1915862.59601
935546.972054 1915862.60649
935547.052053 1915862.62807
935547.140751 1915862.62739
935547.21188 1915862.64903
935547.291793 1915862.65951
935547.371707 1915862.66999
935547.442751 1915862.68054
935547.522579 1915862.67993
935547.584753 1915862.69055
935547.646842 1915862.69007
935547.708931 1915862.6896
935547.77102 1915862.68912
935547.833023 1915862.67755
935547.903897 1915862.66591
935547.9659 1915862.65434
935548.027904 1915862.64277
935548.098777 1915862.63113
935548.160781 1915862.61956
935548.19626 1915862.61929
935548.240695 1915862.63004
935548.276174 1915862.62977
935548.311568 1915862.6184
935548.347047 1915862.61813
935548.364872 1915862.62909
935548.382612 1915862.62895
935548.382612 1915862.62895
935548.382612 1915862.62895
935548.373742 1915862.62902
935548.356002 1915862.62916
935548.347133 1915862.62922
935548.329393 1915862.62936
935548.302783 1915862.62956
935548.276174 1915862.62977
935548.249479 1915862.61888
935548.22287 1915862.61908
935548.20513 1915862.61922
935548.178606 1915862.63052
935548.143212 1915862.64188
935548.107818 1915862.65325
935548.063468 1915862.65359
935548.010249 1915862.654
935547.96573 1915862.63215
935547.894771 1915862.6327
935547.832597 1915862.62208
935547.761639 1915862.62262
935547.68181 1915862.62324
935547.601897 1915862.61275
935547.522068 1915862.61337
935547.44207 1915862.59179
935547.353371 1915862.59247
935547.273458 1915862.58199
935547.18476 1915862.58267
935547.069537 1915862.59465
935546.980924 1915862.60643
935546.90101 1915862.59594
935546.812227 1915862.58553
935546.714659 1915862.58628
935546.617005 1915862.57593
935546.519523 1915862.58778
935546.421954 1915862.58853
935546.333256 1915862.58921
935546.235603 1915862.57886
935546.13795 1915862.56852
935546.049166 1915862.5581
935545.951513 1915862.54776
935545.85386 1915862.53741
935545.756292 1915862.53816
935545.667508 1915862.52775
935545.56994 1915862.5285
935545.481242 1915862.52918
935545.392458 1915862.51877
935545.29489 1915862.51951
935545.197407 1915862.53136
935545.126364 1915862.52081
935545.03758 1915862.51039
935544.957752 1915862.51101
935544.860099 1915862.50066
935544.7801 1915862.47909
935544.691402 1915862.47977
935544.602618 1915862.46935
935544.51392 1915862.47004
935544.407397 1915862.45976
935544.300959 1915862.46058
935544.212175 1915862.45016
935544.114522 1915862.43982
935544.016784 1915862.41838
935543.927915 1915862.39687
935543.839132 1915862.38646
935543.741393 1915862.36502
935543.634955 1915862.36584
935543.519563 1915862.35563
935543.413125 1915862.35644
935543.315471 1915862.3461
935543.226688 1915862.33569
935543.129035 1915862.32534
935543.040166 1915862.30383
935542.951298 1915862.28233
935542.853644 1915862.27198
935542.764946 1915862.27266
935542.676163 1915862.26225
935542.569725 1915862.26307
935542.481026 1915862.26375
935542.383373 1915862.2534
935542.303374 1915862.23183
935542.205636 1915862.21039
935542.116767 1915862.18888
935542.019114 1915862.17853
935541.9392 1915862.16805
935541.859287 1915862.15757
935541.779373 1915862.14709
935541.699375 1915862.12552
935541.619461 1915862.11503
935541.557031 1915862.07113
935541.494687 1915862.03833
935541.423388 1915861.9945
935541.343134 1915861.93964
935541.289659 1915861.90677
935541.21836 1915861.86294
935541.147146 1915861.8302
935541.075847 1915861.78637
935540.995678 1915861.7426
935540.933248 1915861.6987
935540.861864 1915861.64378
935540.808134 1915861.57762
935540.745449 1915861.50044
935540.700504 1915861.42312
935540.646774 1915861.35697
935540.601829 1915861.27965
935540.556968 1915861.21343
935540.520893 1915861.13604
935540.484732 1915861.04756
935540.448657 1915860.97018
935540.403541 1915860.87067
935540.358426 1915860.77116
935540.313395 1915860.68275
935540.25941 1915860.58331
935540.20551 1915860.49497
935540.178134 1915860.39533
935540.133018 1915860.29582
935540.087903 1915860.19632
935540.042872 1915860.10791
935540.006797 1915860.03052
935539.961681 1915859.93101
935539.925606 1915859.85363
935539.880661 1915859.77631
935539.844585 1915859.69893
935539.799725 1915859.6327
935539.772434 1915859.54415
935539.745229 1915859.4667
935539.718023 1915859.38925
935539.690903 1915859.32289
935539.672652 1915859.25646
935539.654487 1915859.20112
935539.627366 1915859.13476
935539.600416 1915859.09059
935539.591206 1915859.04629
935539.58208 1915859.01307
935539.56417 1915858.99102
935539.555215 1915858.97999
935539.55513 1915858.9689
935539.5553 1915858.99109
935539.564341 1915859.01321
935539.582165 1915859.02417
935539.609286 1915859.09052
935539.636321 1915859.14579
935539.663356 1915859.20106
935539.690477 1915859.26742
935539.708727 1915859.33384
935539.736018 1915859.42239
935539.763309 1915859.51094
935539.79947 1915859.59942
935539.84467 1915859.71002
935539.889871 1915859.82062
935539.943857 1915859.92006
935539.989057 1915860.03066
935540.043128 1915860.14119
935540.097028 1915860.22953
935540.142229 1915860.34013
935540.196214 1915860.43957
935540.241415 1915860.55017
935540.304355 1915860.66063
935540.349556 1915860.77123
935540.412496 1915860.8817
935540.466397 1915860.97004
935540.538207 1915861.08043
935540.592277 1915861.19097
935540.646348 1915861.3015
935540.691464 1915861.401
935540.727965 1915861.53386
935540.781865 1915861.6222
935540.844805 1915861.73267
935540.907746 1915861.84313
935540.961816 1915861.95366
935541.033627 1915862.06406
935541.078742 1915862.16356
935541.132813 1915862.27409
935541.177928 1915862.3736
935541.223214 1915862.49529
935541.277199 1915862.59473
935541.33127 1915862.70526
935541.385255 1915862.8047
935541.439241 1915862.90414
935541.484356 1915863.00364
935541.538427 1915863.11418
935541.592412 1915863.21361
935541.637613 1915863.32421
935541.682814 1915863.43481
935541.745584 1915863.52309
935541.799739 1915863.64471
935541.862594 1915863.74408
935541.943104 1915863.83222
935542.014829 1915863.93152
935542.095339 1915864.01966
935542.175849 1915864.1078
935542.265143 1915864.18478
935542.354437 1915864.26176
935542.461471 1915864.3386
935542.57729 1915864.40428
935542.684324 1915864.48112
935542.782403 1915864.54693
935542.889352 1915864.61268
935542.996301 1915864.67843
935543.103164 1915864.73308
935543.210028 1915864.78773
935543.307937 1915864.83136
935543.39689 1915864.86396
935543.503584 1915864.89643
935543.592537 1915864.92903
935543.690361 1915864.96156
935543.788099 1915864.983
935543.894793 1915865.01547
935544.027925 1915865.02554
935544.134448 1915865.03582
935544.258711 1915865.04596
935544.374019 1915865.04507
935544.489241 1915865.03309
935544.613419 1915865.03214
935544.710987 1915865.03139
935544.817425 1915865.03057
935544.932732 1915865.02969
935545.0303 1915865.02894
935545.127868 1915865.02819
935545.243091 1915865.01621
935545.349529 1915865.0154
935545.447097 1915865.01465
935545.553535 1915865.01383
935545.668843 1915865.01294
935545.77528 1915865.01213
935545.890673 1915865.02234
935545.997196 1915865.03261
935546.112589 1915865.04282
935546.227982 1915865.05303
935546.334505 1915865.06331
935546.458768 1915865.07345
935546.574076 1915865.07256
935546.689554 1915865.09387
935546.813646 1915865.08182
935546.937994 1915865.10306
935547.071211 1915865.12422
935547.195474 1915865.13436
935547.319822 1915865.1556
935547.44417 1915865.17683
935547.568433 1915865.18697
935547.675041 1915865.20835
935547.790434 1915865.21855
935547.914696 1915865.2287
935548.021304 1915865.25007
935548.145567 1915865.26021
935548.26983 1915865.27035
935548.394178 1915865.29158
935548.518355 1915865.29063
935548.633748 1915865.30084
935548.758011 1915865.31098
935548.864534 1915865.32126
935548.971142 1915865.34263
935549.077665 1915865.35291
935549.193058 1915865.36311
935549.308366 1915865.36223
935549.406019 1915865.37257
935549.512542 1915865.38285
935549.601325 1915865.39326
935549.707848 1915865.40354
935549.787677 1915865.40293
935549.86759 1915865.41341
935549.956288 1915865.41273
935550.027247 1915865.41219
935550.107161 1915865.42267
935550.178119 1915865.42212
935550.249163 1915865.43267
935550.311337 1915865.44329
935550.373511 1915865.45391
935550.435599 1915865.45343
935550.479949 1915865.45309
935550.524298 1915865.45275
935550.551077 1915865.47473
935550.577687 1915865.47453
935550.604296 1915865.47432
935550.613166 1915865.47426
935550.622036 1915865.47419
935550.613166 1915865.47426
935550.604211 1915865.46323
935550.568732 1915865.4635
935550.524383 1915865.46384
935550.471079 1915865.45316
935550.417775 1915865.44247
935550.364471 1915865.43179
935550.302297 1915865.42117
935550.231423 1915865.43281
935550.16055 1915865.44445
935550.080806 1915865.45615
935550.001063 1915865.46786
935549.921235 1915865.46847
935549.841321 1915865.45799
935549.761408 1915865.44751
935549.699319 1915865.44799
935549.610536 1915865.43757
935549.530622 1915865.42709
935549.433054 1915865.42784
935549.344356 1915865.42852
935549.246788 1915865.42927
935549.158089 1915865.42995
935549.051652 1915865.43077
935548.971823 1915865.43138
935548.874255 1915865.43213
935548.785557 1915865.43281
935548.696773 1915865.4224
935548.599205 1915865.42315
935548.501637 1915865.42389
935548.403984 1915865.41355
935548.315286 1915865.41423
935548.217803 1915865.42607
935548.12015 1915865.41573
935548.022582 1915865.41648
935547.933883 1915865.41716
935547.836315 1915865.41791
935547.738577 1915865.39647
935547.632139 1915865.39728
935547.525701 1915865.3981
935547.428048 1915865.38776
935547.33935 1915865.38844
935547.232827 1915865.37816
935547.144043 1915865.36775
935547.04639 1915865.3574
935546.939952 1915865.35822
935546.851084 1915865.33671
935546.744646 1915865.33753
935546.655948 1915865.33821
935546.567164 1915865.3278
935546.478381 1915865.31738
935546.371943 1915865.3182
935546.28316 1915865.30779
935546.176722 1915865.3086
935546.070199 1915865.29833
935545.954891 1915865.29921
935545.865937 1915865.26661
935545.768369 1915865.26736
935545.679671 1915865.26804
935545.573233 1915865.26886
935545.46671 1915865.25858
935545.368972 1915865.23714
935545.271318 1915865.22679
935545.18245 1915865.20529
935545.075927 1915865.19501
935544.987058 1915865.1735
935544.898275 1915865.16309
935544.791667 1915865.14172
935544.693928 1915865.12028
935544.58732 1915865.09891
935544.480712 1915865.07754
935544.373933 1915865.03398
935544.28498 1915865.00138
935544.178201 1915864.95782
935544.071423 1915864.91426
935543.973514 1915864.87063
935543.884475 1915864.82694
935543.795521 1915864.79434
935543.706483 1915864.75064
935543.617444 1915864.70694
935543.528405 1915864.66325
935543.45702 1915864.60832
935543.376766 1915864.55347
935543.296342 1915864.47642
935543.216002 1915864.41047
935543.144533 1915864.34445
935543.073063 1915864.27843
935542.992724 1915864.21248
935542.912385 1915864.14653
935542.8497 1915864.06935
935542.77823 1915864.00333
935542.72433 1915863.91498
935542.679385 1915863.83767
935542.625485 1915863.74932
935542.589409 1915863.67194
935542.553334 1915863.59455
935542.517344 1915863.52826
935542.481268 1915863.45087
935542.445108 1915863.36239
935542.426942 1915863.30706
935542.426516 1915863.25159
935542.44383 1915863.19598
935542.452274 1915863.14045
935542.460804 1915863.096
935542.469418 1915863.06265
935542.495857 1915863.04026
935542.495772 1915863.02917
935542.495857 1915863.04026
935542.478373 1915863.07368
935542.487413 1915863.0958
935542.505408 1915863.12894
935542.532188 1915863.15093
935542.541313 1915863.18414
935542.532784 1915863.22858
935542.524255 1915863.27303
935542.53338 1915863.30624
935542.55129 1915863.32829
935542.578155 1915863.36137
935542.59615 1915863.39452
935542.614316 1915863.44985
935542.623611 1915863.50525
935542.632907 1915863.56066
935542.598024 1915863.63859
935542.571925 1915863.70536
935542.545912 1915863.78322
935542.519813 1915863.84999
935542.511454 1915863.91662
935542.49414 1915863.97222
935542.476912 1915864.03892
935542.477337 1915864.09439
935542.477763 1915864.14986
935542.486974 1915864.19417
935542.496184 1915864.23848
935542.50548 1915864.29388
935542.51486 1915864.36038
935542.524071 1915864.40469
935542.542066 1915864.43783
935542.551276 1915864.48214
935542.551617 1915864.52652
935542.569612 1915864.55966
935542.578738 1915864.59288
935542.587948 1915864.63718
935542.606113 1915864.69252
935542.624279 1915864.74785
935542.651484 1915864.82531
935542.687475 1915864.8916
935542.714765 1915864.98015
935542.741971 1915865.0576
935542.769176 1915865.13505
935542.805252 1915865.21244
935542.841327 1915865.28983
935542.859663 1915865.36735
935542.895738 1915865.44473
935542.931899 1915865.53321
935542.976929 1915865.62162
935543.02196 1915865.71004
935543.06699 1915865.79845
935543.11202 1915865.88686
935543.156966 1915865.96418
935543.201996 1915866.05259
935543.247111 1915866.15209
935543.292142 1915866.24051
935543.346042 1915866.32885
935543.399942 1915866.41719
935543.471582 1915866.5054
935543.534267 1915866.58258
935543.597037 1915866.67086
935543.668677 1915866.75907
935543.740231 1915866.83618
935543.820571 1915866.90213
935543.892125 1915866.97924
935543.972379 1915867.0341
935544.061589 1915867.09998
935544.150798 1915867.16587
935544.248792 1915867.22059
935544.3467 1915867.26422
935544.444779 1915867.33003
935544.542688 1915867.37366
935544.649381 1915867.40612
935544.75616 1915867.44968
935544.862768 1915867.47105
935544.960591 1915867.50359
935545.067285 1915867.53605
935545.164938 1915867.5464
935545.253891 1915867.579
935545.369369 1915867.6003
935545.484677 1915867.59942
935545.582415 1915867.62086
935545.688938 1915867.63113
935545.786506 1915867.63038
935545.892944 1915867.62957
935545.999467 1915867.63984
935546.11469 1915867.62786
935546.212343 1915867.63821
935546.336435 1915867.62616
935546.451743 1915867.62528
935546.567051 1915867.62439
935546.655749 1915867.62371
935546.753317 1915867.62296
935546.850885 1915867.62221
935546.975063 1915867.62126
935547.09037 1915867.62038
935547.196893 1915867.63065
935547.312201 1915867.62977
935547.427509 1915867.62888
935547.542901 1915867.63909
935547.658294 1915867.6493
935547.773687 1915867.65951
935547.88908 1915867.66972
935548.004473 1915867.67993
935548.119951 1915867.70123
935548.235344 1915867.71144
935548.359606 1915867.72158
935548.474999 1915867.73179
935548.599176 1915867.73084
935548.723439 1915867.74098
935548.838832 1915867.75119
935548.963095 1915867.76133
935549.078487 1915867.77154
935549.19388 1915867.78175
935549.309273 1915867.79195
935549.424666 1915867.80216
935549.531104 1915867.80135
935549.628757 1915867.81169
935549.735195 1915867.81088
935549.832848 1915867.82122
935549.94807 1915867.80924
935550.045724 1915867.81959
935550.134422 1915867.81891
935550.23199 1915867.81816
935550.329558 1915867.81741
935550.427126 1915867.81666
935550.50704 1915867.82714
935550.586953 1915867.83762
935550.657912 1915867.83708
935550.728955 1915867.84763
935550.799999 1915867.85818
935550.853218 1915867.85777
935550.888782 1915867.86859
935550.933132 1915867.86825
935550.959826 1915867.87914
935550.986436 1915867.87893
935551.004175 1915867.8788
935551.022 1915867.88976
935551.048609 1915867.88955
935551.048609 1915867.88955
935551.03974 1915867.88962
935551.03974 1915867.88962
935551.03974 1915867.88962
935551.03974 1915867.88962
935551.048609 1915867.88955
935551.048609 1915867.88955
935551.03974 1915867.88962
935551.03974 1915867.88962
935551.039655 1915867.87853
935551.03974 1915867.88962
935551.039655 1915867.87853
935551.039655 1915867.87853
935551.039655 1915867.87853
935551.039655 1915867.87853
935551.039655 1915867.87853
935551.03974 1915867.88962
935551.03974 1915867.88962
935551.03974 1915867.88962
935551.03974 1915867.88962
935551.039825 1915867.90071
