935534.381394 1915849.42282
935534.354699 1915849.41193
935534.345744 1915849.40091
935534.336704 1915849.37879
935534.318879 1915849.36783
935534.318623 1915849.33455
935534.336278 1915849.32332
935534.345148 1915849.32325
935534.354018 1915849.32318
935534.354018 1915849.32318
935534.345148 1915849.32325
935534.336363 1915849.33441
935534.327578 1915849.34557
935534.327664 1915849.35667
935534.327749 1915849.36776
935534.328004 1915849.40104
935534.337215 1915849.44535
935534.364165 1915849.48952
935534.382331 1915849.54486
935534.418321 1915849.61115
935534.445441 1915849.67751
935534.481347 1915849.7327
935534.667954 1915849.77565
935534.730469 1915849.83064
935534.766459 1915849.89694
935534.802449 1915849.96323
935534.82957 1915850.02959
935534.865645 1915850.10697
935534.892681 1915850.16224
935534.937626 1915850.23956
935534.982486 1915850.30578
935535.036301 1915850.38303
935535.072292 1915850.44932
935535.108453 1915850.5378
935535.153398 1915850.61512
935535.198343 1915850.69244
935535.234419 1915850.76982
935535.270494 1915850.84721
935535.30657 1915850.92459
935535.34273 1915851.01307
935535.396631 1915851.10142
935535.441576 1915851.17873
935535.486607 1915851.26715
935535.531552 1915851.34446
935535.576497 1915851.42178
935535.621528 1915851.51019
935535.675343 1915851.58744
935535.720288 1915851.66476
935535.782888 1915851.73085
935535.836703 1915851.8081
935535.908173 1915851.87412
935535.961988 1915851.95137
935536.024588 1915852.01745
935536.087188 1915852.08354
935536.149873 1915852.16072
935536.203688 1915852.23797
935536.257503 1915852.31522
935536.320103 1915852.38131
935536.382703 1915852.4474
935536.454173 1915852.51342
935536.525642 1915852.57944
935536.579372 1915852.64559
935536.641972 1915852.71168
935536.713527 1915852.78879
935536.776127 1915852.85488
935536.847597 1915852.9209
935536.910196 1915852.98699
935536.972711 1915853.04198
935537.061835 1915853.09677
935537.12435 1915853.15176
935537.19582 1915853.21778
935537.267289 1915853.2838
935537.338674 1915853.33873
935537.419013 1915853.40468
935537.499438 1915853.48172
935537.579692 1915853.53658
935537.659862 1915853.58034
935537.740116 1915853.6352
935537.820285 1915853.67896
935537.89167 1915853.73389
935537.954099 1915853.77779
935538.034353 1915853.83265
935538.114523 1915853.87641
935538.194777 1915853.93127
935538.266076 1915853.9751
935538.34616 1915854.00777
935538.426244 1915854.04044
935538.506328 1915854.07311
935538.630847 1915854.11653
935538.693617 1915854.2048
935538.782656 1915854.2485
935538.87161 1915854.2811
935538.951608 1915854.30268
935539.022652 1915854.31323
935539.120306 1915854.32357
935539.208919 1915854.3118
935539.404311 1915854.34358
935539.501964 1915854.35393
935539.537699 1915854.38693
935539.626482 1915854.39735
935539.715181 1915854.39667
935539.803879 1915854.39599
935539.892492 1915854.38421
935540.114323 1915854.3936
935540.221017 1915854.42607
935540.318755 1915854.44751
935540.407454 1915854.44683
935540.549712 1915854.49011
935540.64728 1915854.48936
935540.744848 1915854.48862
935540.833632 1915854.49903
935540.931285 1915854.50937
935541.037808 1915854.51965
935541.126592 1915854.53006
935541.233115 1915854.54034
935541.357718 1915854.59486
935541.455286 1915854.59411
935541.543985 1915854.59343
935541.641638 1915854.60377
935541.730422 1915854.61419
935541.828075 1915854.62453
935541.934683 1915854.6459
935542.032337 1915854.65625
935542.09434 1915854.64468
935542.191994 1915854.65502
935542.289562 1915854.65427
935542.378345 1915854.66469
935542.467129 1915854.6751
935542.546957 1915854.67449
935542.626871 1915854.68497
935542.698 1915854.70661
935542.760174 1915854.71723
935542.822263 1915854.71675
935542.884352 1915854.71628
935542.937571 1915854.71587
935542.973135 1915854.72669
935543.017484 1915854.72635
935543.044179 1915854.73724
935543.061919 1915854.7371
935543.070789 1915854.73703
935543.079658 1915854.73697
935543.088528 1915854.7369
935543.088528 1915854.7369
935543.097398 1915854.73683
935543.097398 1915854.73683
935543.106268 1915854.73676
935543.106183 1915854.72567
935543.088443 1915854.7258
935543.079573 1915854.72587
935543.052879 1915854.71498
935543.017314 1915854.70416
935542.981835 1915854.70443
935542.928616 1915854.70484
935542.875397 1915854.70525
935542.804523 1915854.71689
935542.715825 1915854.71757
935542.627127 1915854.71825
935542.529558 1915854.719
935542.440775 1915854.70859
935542.351991 1915854.69817
935542.254338 1915854.68783
935542.165555 1915854.67741
935542.068071 1915854.68926
935541.979373 1915854.68994
935541.87302 1915854.70185
935541.775452 1915854.7026
935541.677884 1915854.70335
935541.580316 1915854.7041
935541.482833 1915854.71594
935541.385264 1915854.71669
935541.278912 1915854.7286
935541.190213 1915854.72928
935541.101515 1915854.72996
935541.012902 1915854.74174
935540.924203 1915854.74242
935540.83542 1915854.732
935540.764376 1915854.72145
935540.684462 1915854.71097
935540.595594 1915854.68946
935540.49794 1915854.67912
935540.400372 1915854.67987
935540.311589 1915854.66946
935540.21402 1915854.6702
935540.107497 1915854.65993
935539.992104 1915854.64972
935539.876711 1915854.63951
935539.770103 1915854.61814
935539.681319 1915854.60773
935539.583751 1915854.60847
935539.503923 1915854.60909
935539.415139 1915854.59867
935539.326441 1915854.59936
935539.228787 1915854.58901
935539.113394 1915854.5788
935539.006786 1915854.55743
935538.900178 1915854.53606
935538.793569 1915854.51469
935538.686961 1915854.49332
935538.580268 1915854.46085
935538.473574 1915854.42839
935538.358011 1915854.39599
935538.242447 1915854.36359
935538.135754 1915854.33113
935538.028975 1915854.28757
935537.930981 1915854.23285
935537.842027 1915854.20025
935537.752903 1915854.14546
935537.672649 1915854.0906
935537.592309 1915854.02465
935537.52084 1915853.95863
935537.449455 1915853.9037
935537.369116 1915853.83775
935537.288861 1915853.7829
935537.208522 1915853.71694
935537.145922 1915853.65086
935537.092107 1915853.57361
935537.029592 1915853.51861
935536.966992 1915853.45253
935536.895438 1915853.37541
935536.832838 1915853.30933
935536.779108 1915853.24317
935536.725548 1915853.1992
935536.680688 1915853.13298
935536.635998 1915853.08894
935536.609048 1915853.04477
935536.599923 1915853.01156
935536.599752 1915852.98937
935536.608452 1915852.96711
935536.617236 1915852.95595
935536.617151 1915852.94486
935536.626021 1915852.94479
935536.634891 1915852.94472
935536.643931 1915852.96684
935536.652971 1915852.98896
935536.662267 1915853.04436
935536.680432 1915853.0997
935536.698768 1915853.17722
935536.717189 1915853.26584
935536.72674 1915853.35452
935536.745161 1915853.44314
935536.772537 1915853.54278
935536.817653 1915853.64228
935536.844944 1915853.73083
935536.87232 1915853.83047
935536.899696 1915853.93011
935536.927157 1915854.04085
935536.963488 1915854.15152
935536.999904 1915854.27328
935537.02728 1915854.37292
935537.072396 1915854.47243
935537.117596 1915854.58303
935537.171582 1915854.68246
935537.216612 1915854.77088
935537.261728 1915854.87038
935537.315628 1915854.95873
935537.369529 1915855.04707
935537.423599 1915855.1576
935537.46863 1915855.24601
935537.522615 1915855.34545
935537.58547 1915855.44482
935537.657196 1915855.54412
935537.728836 1915855.63233
935537.791606 1915855.7206
935537.872115 1915855.80874
935537.9348 1915855.88592
935538.00644 1915855.97413
935538.07808 1915856.06234
935538.14972 1915856.15055
935538.22119 1915856.21657
935538.301615 1915856.29361
935538.390824 1915856.35949
935538.471078 1915856.41435
935538.569157 1915856.48017
935538.649412 1915856.53502
935538.738536 1915856.58981
935538.83653 1915856.64453
935538.934609 1915856.71035
935539.032603 1915856.76507
935539.130512 1915856.8087
935539.22842 1915856.85233
935539.335114 1915856.88479
935539.433023 1915856.92842
935539.521891 1915856.94992
935539.619715 1915856.98246
935539.717539 1915857.01499
935539.824317 1915857.05855
935539.922141 1915857.09108
935540.019879 1915857.11252
935540.126573 1915857.14499
935540.233096 1915857.15526
935540.339704 1915857.17664
935540.446227 1915857.18691
935540.543881 1915857.19726
935540.641619 1915857.2187
935540.757097 1915857.24
935540.863791 1915857.27246
935540.961444 1915857.28281
935541.067967 1915857.29309
935541.174405 1915857.29227
935541.280928 1915857.30255
935541.378497 1915857.3018
935541.47615 1915857.31214
935541.573718 1915857.31139
935541.671457 1915857.33283
935541.769025 1915857.33208
935541.875463 1915857.33127
935541.981816 1915857.31936
935542.097038 1915857.30738
935542.194521 1915857.29553
935542.28322 1915857.29485
935542.389572 1915857.28294
935542.49584 1915857.25994
935542.602193 1915857.24803
935542.699676 1915857.23618
935542.788289 1915857.22441
935542.876902 1915857.21263
935542.97447 1915857.21188
935543.080823 1915857.19997
935543.169522 1915857.19929
935543.267175 1915857.20964
935543.355873 1915857.20896
935543.444742 1915857.23046
935543.533525 1915857.24088
935543.613439 1915857.25136
935543.693267 1915857.25075
935543.773096 1915857.25013
935543.861794 1915857.24945
935543.941623 1915857.24884
935543.994927 1915857.25952
935544.030491 1915857.27035
935544.048231 1915857.27021
935544.09258 1915857.26987
935544.110235 1915857.25864
935544.127974 1915857.2585
935544.145544 1915857.23618
935544.163283 1915857.23604
935544.181108 1915857.247
935544.190063 1915857.25803
935544.199103 1915857.28015
935544.216928 1915857.2911
935544.243623 1915857.30199
935544.270232 1915857.30179
935544.288057 1915857.31275
935544.296927 1915857.31268
935544.323622 1915857.32357
935544.323622 1915857.32357
935544.314837 1915857.33473
935544.297012 1915857.32377
935544.288142 1915857.32384
935544.288313 1915857.34603
935544.288313 1915857.34603
935544.288227 1915857.33494
935544.288227 1915857.33494
935544.288227 1915857.33494
935544.297097 1915857.33487
935544.297012 1915857.32377
935544.297012 1915857.32377
935544.297012 1915857.32377
935544.305882 1915857.32371
935544.305882 1915857.32371
935544.296927 1915857.31268
935544.270403 1915857.32398
935544.217269 1915857.33548
935544.19083 1915857.35787
935544.15535 1915857.35815
935544.128911 1915857.38054
935544.084562 1915857.38088
935544.040213 1915857.38122
935543.995864 1915857.38156
935543.960384 1915857.38183
935543.916035 1915857.38217
935543.889426 1915857.38238
935543.836207 1915857.38278
935543.791857 1915857.38312
935543.738724 1915857.39463
935543.67672 1915857.4062
935543.596977 1915857.4179
935543.534888 1915857.41838
935543.464014 1915857.43002
935543.384271 1915857.44173
935543.304442 1915857.44234
935543.224699 1915857.45405
935543.144956 1915857.46575
935543.082952 1915857.47732
935543.020948 1915857.48889
935542.95903 1915857.51156
935542.906066 1915857.54525
935542.853018 1915857.56785
935542.799969 1915857.59044
935542.764575 1915857.60181
935542.729095 1915857.60208
935542.702571 1915857.61338
935542.684831 1915857.61352
935542.667177 1915857.62475
935542.649522 1915857.63598
935542.649522 1915857.63598
935542.640738 1915857.64714
935542.622998 1915857.64727
935542.605258 1915857.64741
935542.596303 1915857.63638
935542.596303 1915857.63638
935542.587348 1915857.62536
935542.560569 1915857.60337
935542.551699 1915857.60344
935542.542744 1915857.59242
935542.533959 1915857.60358
935542.534044 1915857.61467
935542.48978 1915857.62611
935542.454556 1915857.65966
935542.392638 1915857.68233
935542.330719 1915857.70499
935542.242277 1915857.73895
935542.153663 1915857.75073
935542.047225 1915857.75155
935541.940702 1915857.74127
935541.834264 1915857.74209
935541.718957 1915857.74297
935541.612604 1915857.75488
935541.506251 1915857.76679
935541.417638 1915857.77857
935541.302415 1915857.79055
935541.196062 1915857.80246
935541.098409 1915857.79211
935540.991971 1915857.79293
935540.885448 1915857.78265
935540.778925 1915857.77238
935540.681271 1915857.76203
935540.583618 1915857.75169
935540.485965 1915857.74134
935540.388397 1915857.74209
935540.290828 1915857.74284
935540.19309 1915857.7214
935540.104221 1915857.69989
935540.015268 1915857.66729
935539.917359 1915857.62366
935539.81945 1915857.58004
935539.730411 1915857.53634
935539.632417 1915857.48162
935539.534508 1915857.43799
935539.436685 1915857.40546
935539.338776 1915857.36183
935539.240867 1915857.31821
935539.160528 1915857.25225
935539.097843 1915857.17507
935539.026373 1915857.10905
935538.946034 1915857.0431
935538.874649 1915856.98818
935538.80335 1915856.94435
935538.723181 1915856.90058
935538.643011 1915856.85682
935538.553972 1915856.81312
935538.473718 1915856.75827
935538.420159 1915856.7143
935538.366514 1915856.65924
935538.321739 1915856.60411
935538.259309 1915856.56021
935538.214534 1915856.50508
935538.178714 1915856.46098
935538.142894 1915856.41687
935538.106989 1915856.36167
935538.062385 1915856.32873
935538.03552 1915856.29565
935538.026394 1915856.26244
935538.017354 1915856.24032
935538.017184 1915856.21813
935538.026054 1915856.21806
935538.034923 1915856.218
935538.052663 1915856.21786
935538.061533 1915856.21779
935538.070488 1915856.22882
935538.070573 1915856.23991
935538.070658 1915856.25101
935538.070743 1915856.2621
935538.061959 1915856.27326
935538.053259 1915856.29552
935538.053515 1915856.3288
935538.06264 1915856.36201
935538.080635 1915856.39516
935538.107585 1915856.43933
935538.143405 1915856.48344
935538.161486 1915856.52768
935538.188606 1915856.59404
935538.215727 1915856.6604
935538.251802 1915856.73778
935538.279178 1915856.83742
935538.315339 1915856.9259
935538.360369 1915857.01431
935538.4054 1915857.10273
935538.468084 1915857.17991
935538.530769 1915857.25709
935538.584499 1915857.32324
935538.62049 1915857.38954
935538.66552 1915857.47795
935538.701681 1915857.56643
935538.737756 1915857.64381
935538.791656 1915857.73216
935538.836517 1915857.79838
935538.899202 1915857.87556
935538.970671 1915857.94158
935539.042226 1915858.01869
935539.104911 1915858.09588
935539.158641 1915858.16203
935539.212456 1915858.23928
935539.248446 1915858.30557
935539.293477 1915858.39398
935539.338422 1915858.4713
935539.401107 1915858.54848
935539.472577 1915858.6145
935539.535261 1915858.69169
935539.606816 1915858.7688
935539.678286 1915858.83482
935539.741056 1915858.92309
935539.785916 1915858.98932
935539.839646 1915859.05547
935539.902246 1915859.12156
935539.955976 1915859.18772
935540.018575 1915859.2538
935540.08996 1915859.30873
935540.170214 1915859.36359
935540.250298 1915859.39626
935540.339337 1915859.43995
935540.410636 1915859.48378
935540.490805 1915859.52754
935540.570975 1915859.57131
935540.642274 1915859.61514
935540.731398 1915859.66993
935540.811482 1915859.7026
935540.900436 1915859.7352
935540.989304 1915859.75671
935541.087043 1915859.77815
935541.184696 1915859.78849
935541.27365 1915859.82109
935541.362518 1915859.8426
935541.451387 1915859.86411
935541.531471 1915859.89678
935541.620254 1915859.90719
935541.717822 1915859.90644
935541.806606 1915859.91685
935541.921829 1915859.90487
935542.028352 1915859.91515
935542.12592 1915859.9144
935542.232528 1915859.93577
935542.339221 1915859.96824
935542.445745 1915859.97852
935542.543483 1915859.99995
935542.649921 1915859.99914
935542.747574 1915860.00948
935542.853927 1915859.99757
935542.960365 1915859.99675
935543.058018 1915860.0071
935543.155672 1915860.01744
935543.262195 1915860.02772
935543.351063 1915860.04923
935543.439932 1915860.07074
935543.51976 1915860.07012
935543.608459 1915860.06944
935543.697072 1915860.05767
935543.7769 1915860.05705
935543.865599 1915860.05637
935543.945512 1915860.06686
935544.034296 1915860.07727
935544.132034 1915860.09871
935544.212033 1915860.12028
935544.300816 1915860.1307
935544.398384 1915860.12995
935544.495867 1915860.1181
935544.602305 1915860.11729
935544.699959 1915860.12763
935544.797612 1915860.13798
935544.88631 1915860.1373
935544.983963 1915860.14764
935545.072747 1915860.15806
935545.161445 1915860.15737
935545.258928 1915860.14553
935545.356411 1915860.13369
935545.445109 1915860.13301
935545.533808 1915860.13233
935545.622506 1915860.13165
935545.711375 1915860.15315
935545.791373 1915860.17473
935545.871202 1915860.17412
935545.94216 1915860.17357
935546.021904 1915860.16186
935546.101647 1915860.15016
935546.163651 1915860.13859
935546.225825 1915860.1492
935546.279044 1915860.1488
935546.323393 1915860.14846
935546.367827 1915860.15921
935546.403306 1915860.15894
935546.447656 1915860.1586
935546.47435 1915860.16949
935546.518614 1915860.15805
935546.545139 1915860.14675
935546.580618 1915860.14648
935546.607142 1915860.13518
935546.633667 1915860.12388
935546.660276 1915860.12368
935546.678101 1915860.13464
935546.686971 1915860.13457
935546.69584 1915860.1345
935546.695755 1915860.12341
935546.677931 1915860.11245
935546.642281 1915860.09053
935546.615671 1915860.09074
935546.571322 1915860.09108
935546.535843 1915860.09135
935546.482624 1915860.09176
935546.42949 1915860.10326
935546.358532 1915860.10381
935546.278788 1915860.11551
935546.190175 1915860.12729
935546.083822 1915860.1392
935545.986254 1915860.13995
935545.879646 1915860.11858
935545.764253 1915860.10837
935545.65773 1915860.09809
935545.551292 1915860.09891
935545.444854 1915860.09973
935545.347371 1915860.11157
935545.241018 1915860.12348
935545.134751 1915860.14648
935545.019528 1915860.15846
935544.91309 1915860.15928
935544.806567 1915860.149
935544.691089 1915860.1277
935544.566826 1915860.11756
935544.451348 1915860.09626
935544.335955 1915860.08605
935544.211862 1915860.09809
935544.08777 1915860.11014
935543.972633 1915860.13322
935543.857325 1915860.1341
935543.742017 1915860.13499
935543.626709 1915860.13587
935543.511231 1915860.11457
935543.395838 1915860.10436
935543.289315 1915860.09408
935543.174007 1915860.09497
935543.0587 1915860.09585
935542.952347 1915860.10776
935542.837039 1915860.10865
935542.730601 1915860.10946
935542.624078 1915860.09919
935542.508685 1915860.08898
935542.402162 1915860.0787
935542.295724 1915860.07952
935542.189286 1915860.08034
935542.073978 1915860.08122
935541.949801 1915860.08217
935541.825708 1915860.09422
935541.710315 1915860.08401
935541.594922 1915860.0738
935541.488314 1915860.05243
935541.372751 1915860.02004
935541.266142 1915859.99866
935541.159449 1915859.9662
935541.07041 1915859.9225
935540.972586 1915859.88997
935540.865893 1915859.85751
935540.768155 1915859.83607
935540.661546 1915859.8147
935540.563638 1915859.77107
935540.474513 1915859.71628
935540.385389 1915859.66149
935540.28731 1915859.59568
935540.198186 1915859.54089
935540.100107 1915859.47507
935539.993158 1915859.40932
935539.886209 1915859.34358
935539.77926 1915859.27783
935539.689966 1915859.20085
935539.609541 1915859.12381
935539.537987 1915859.04669
935539.475387 1915858.98061
935539.403917 1915858.91459
935539.332448 1915858.84857
935539.260978 1915858.78255
935539.180553 1915858.7055
935539.100129 1915858.62846
935539.037614 1915858.57346
935539.001709 1915858.51827
935538.965804 1915858.46307
935538.938769 1915858.4078
935538.920688 1915858.36356
935538.893738 1915858.31939
935538.875743 1915858.28624
935538.866703 1915858.26412
935538.857748 1915858.2531
935538.839838 1915858.23105
935538.839838 1915858.23105
935538.821928 1915858.209
935538.821928 1915858.209
935538.812973 1915858.19797
935538.812973 1915858.19797
935538.804103 1915858.19804
935538.795404 1915858.22029
935538.786704 1915858.24255
935538.78696 1915858.27583
935538.804955 1915858.30898
935538.83199 1915858.36424
935538.876765 1915858.41937
935538.94832 1915858.49649
935539.01996 1915858.58469
935539.100555 1915858.68393
935539.17228 1915858.78323
935539.24409 1915858.89362
935539.307115 1915859.01518
935539.378841 1915859.11448
935539.441781 1915859.22495
935539.522376 1915859.32418
935539.603056 1915859.43451
935539.692606 1915859.54477
935539.764416 1915859.65516
935539.845011 1915859.7544
935539.916736 1915859.8537
935539.997416 1915859.96402
935540.069226 1915860.07442
935540.158776 1915860.18468
935540.239371 1915860.28391
935540.328836 1915860.38308
935540.427256 1915860.49327
935540.498981 1915860.59257
935540.561921 1915860.70303
935540.624691 1915860.79131
935540.678676 1915860.89075
935540.741617 1915861.00121
935540.795517 1915861.08955
935540.858372 1915861.18892
935540.930012 1915861.27713
935541.019307 1915861.35411
935541.099816 1915861.44225
935541.171456 1915861.53046
935541.260665 1915861.59634
935541.341175 1915861.68448
935541.41273 1915861.76159
935541.484029 1915861.80542
935541.573153 1915861.86021
935541.671147 1915861.91493
935541.777926 1915861.95849
935541.893489 1915861.99089
935541.991398 1915862.03452
935542.098176 1915862.07808
935542.213825 1915862.12157
935542.329558 1915862.17615
935542.445206 1915862.21964
935542.569554 1915862.24088
935542.693902 1915862.26211
935542.827035 1915862.27218
935542.968952 1915862.2711
935543.102085 1915862.28117
935543.226347 1915862.29131
935543.35061 1915862.30145
935543.483828 1915862.32262
935543.617045 1915862.34378
935543.750178 1915862.35386
935543.883225 1915862.35284
935544.025143 1915862.35175
935544.16706 1915862.35066
935544.300107 1915862.34964
935544.424285 1915862.34868
935544.557417 1915862.35875
935544.68168 1915862.3689
935544.805773 1915862.35685
935544.92995 1915862.3559
935545.054043 1915862.34385
935545.178135 1915862.3318
935545.319967 1915862.31962
935545.452929 1915862.3075
935545.577192 1915862.31764
935545.70137 1915862.31669
935545.834502 1915862.32676
935545.95885 1915862.348
935546.074158 1915862.34711
935546.189551 1915862.35732
935546.304944 1915862.36753
935546.429121 1915862.36658
935546.544514 1915862.37679
935546.642167 1915862.38713
935546.75756 1915862.39734
935546.855299 1915862.41878
935546.953037 1915862.44022
935547.041821 1915862.45063
935547.121734 1915862.46111
935547.210518 1915862.47153
935547.290431 1915862.48201
935547.361475 1915862.49256
935547.405824 1915862.49222
935547.441303 1915862.49195
935547.459128 1915862.5029
935547.467998 1915862.50284
935547.467998 1915862.50284
935547.450343 1915862.51407
935547.432689 1915862.5253
935547.415034 1915862.53653
935547.39738 1915862.54776
935547.370856 1915862.55905
935547.335291 1915862.54823
935547.299727 1915862.53741
935547.255378 1915862.53775
935547.219898 1915862.53802
935547.184504 1915862.54939
935547.14024 1915862.56082
935547.122586 1915862.57205
935547.113716 1915862.57212
935547.122756 1915862.59424
935547.149621 1915862.62732
935547.185611 1915862.69361
935547.230556 1915862.77093
935547.293156 1915862.83702
935547.391235 1915862.90283
935547.515498 1915862.91297
935547.63959 1915862.90093
935547.737158 1915862.90018
935547.843255 1915862.85498
935547.87865 1915862.84362
935547.931954 1915862.8543
935547.994298 1915862.88711
935548.038477 1915862.86458
935548.065171 1915862.87547
935548.038562 1915862.87567
935548.029607 1915862.86465
935548.020567 1915862.84253
935548.002912 1915862.85376
935547.985513 1915862.89827
935547.976899 1915862.93162
935547.985854 1915862.94265
935547.986109 1915862.97593
935547.924276 1915863.00969
935547.897496 1915862.9877
935547.906366 1915862.98764
935547.915236 1915862.98757
935547.924191 1915862.99859
935547.950715 1915862.9873
935547.977239 1915862.976
935547.96837 1915862.97607
935547.968455 1915862.98716
935547.977239 1915862.976
935547.986109 1915862.97593
935547.986194 1915862.98702
935547.994979 1915862.97586
935548.003849 1915862.97579
935547.986194 1915862.98702
935547.995064 1915862.98696
935547.994979 1915862.97586
935547.995064 1915862.98696
935547.995064 1915862.98696
935547.986194 1915862.98702
935547.995064 1915862.98696
935547.994979 1915862.97586
935548.003849 1915862.97579
935548.003849 1915862.97579
935548.003764 1915862.9647
935548.003849 1915862.97579
935548.003849 1915862.97579
