955607.703319 1956880.56127
955607.703319 1956880.56127
955607.694434 1956880.55022
955607.694493 1956880.56132
955607.694434 1956880.55022
955607.694493 1956880.56132
955607.694434 1956880.55022
955607.694434 1956880.55022
955607.694434 1956880.55022
955607.694434 1956880.55022
955607.694493 1956880.56132
955607.694493 1956880.56132
955607.694493 1956880.56132
955607.694493 1956880.56132
955607.694493 1956880.56132
955607.694493 1956880.56132
955607.694434 1956880.55022
955607.694493 1956880.56132
955607.694493 1956880.56132
955607.694493 1956880.56132
955607.694493 1956880.56132
955607.694493 1956880.56132
955607.685667 1956880.56137
955607.685667 1956880.56137
955607.685727 1956880.57246
955607.685667 1956880.56137
955607.676901 1956880.57251
955607.676901 1956880.57251
955607.676901 1956880.57251
955607.676901 1956880.57251
955607.676901 1956880.57251
955607.676901 1956880.57251
955607.676901 1956880.57251
955607.668075 1956880.57255
955607.668134 1956880.58365
955607.659308 1956880.5837
955607.641715 1956880.59489
955607.615356 1956880.61722
955607.588996 1956880.63955
955607.571404 1956880.65074
955607.536218 1956880.67311
955607.501092 1956880.70659
955607.465966 1956880.74006
955607.430662 1956880.74025
955607.378003 1956880.79601
955607.342877 1956880.82948
955607.26362 1956880.86319
955607.23738 1956880.90771
955607.193428 1956880.94123
955607.149535 1956880.98584
955607.079164 1956881.0306
955607.026386 1956881.06417
955606.964841 1956881.10888
955606.89453 1956881.16473
955606.824219 1956881.22058
955606.789093 1956881.25405
955606.701188 1956881.32109
955606.648529 1956881.37685
955606.59581 1956881.42151
955606.516673 1956881.47741
955606.464014 1956881.53317
955606.402409 1956881.56678
955606.332098 1956881.62263
955606.270553 1956881.66734
955606.217953 1956881.73419
955606.165294 1956881.78995
955606.121342 1956881.82347
955606.059797 1956881.86818
955606.024731 1956881.91275
955605.980779 1956881.94627
955605.936946 1956882.00198
955605.893053 1956882.04659
955605.813975 1956882.11358
955605.796442 1956882.13587
955605.708419 1956882.18072
955605.664467 1956882.21424
955605.594215 1956882.28119
955605.559148 1956882.32575
955605.488837 1956882.3816
955605.436118 1956882.42627
955605.35698 1956882.48216
955605.286729 1956882.54911
955605.23401 1956882.59377
955605.163758 1956882.66072
955605.119806 1956882.69424
955605.049494 1956882.75009
955604.970298 1956882.79489
955604.908753 1956882.8396
955604.838441 1956882.89545
955604.768189 1956882.9624
955604.671519 1956883.04058
955604.601088 1956883.07424
955604.530836 1956883.14119
955604.469411 1956883.20809
955604.407866 1956883.2528
955604.337554 1956883.30865
955604.24965 1956883.37569
955604.170572 1956883.44268
955604.091494 1956883.50968
955604.012357 1956883.56557
955603.950872 1956883.62138
955603.854141 1956883.68847
955603.766237 1956883.75551
955603.678333 1956883.82255
955603.608081 1956883.88949
955603.520118 1956883.94544
955603.432154 1956884.00138
955603.335424 1956884.06847
955603.24752 1956884.13551
955603.159675 1956884.21365
955603.071771 1956884.28069
955602.992812 1956884.36987
955602.887256 1956884.437
955602.799352 1956884.50405
955602.685029 1956884.58232
955602.579413 1956884.63836
955602.491628 1956884.72759
955602.386072 1956884.79473
955602.298227 1956884.87286
955602.210442 1956884.96209
955602.104827 1956885.01813
955601.990504 1956885.09641
955601.87624 1956885.18578
955601.77951 1956885.25287
955601.674014 1956885.3311
955601.58605 1956885.38704
955601.498205 1956885.46518
955601.410301 1956885.53222
955601.331223 1956885.59921
955601.216722 1956885.64421
955601.128878 1956885.72234
955601.058566 1956885.77819
955600.979607 1956885.86737
955600.90047 1956885.92327
955600.839044 1956885.99017
955600.742314 1956886.05726
955600.65435 1956886.1132
955600.566446 1956886.18024
955600.496076 1956886.225
955600.399286 1956886.28099
955600.320268 1956886.35908
955600.232304 1956886.41503
955600.153167 1956886.47093
955600.074089 1956886.53792
955600.003837 1956886.60487
955599.889752 1956886.72752
955599.801907 1956886.80566
955599.705177 1956886.87274
955599.617214 1956886.92869
955599.529429 1956887.01792
955599.414987 1956887.07401
955599.318257 1956887.14109
955599.230531 1956887.24142
955599.116149 1956887.3086
955599.001886 1956887.39797
955598.905215 1956887.47616
955598.790892 1956887.55443
955598.685455 1956887.64376
955598.571073 1956887.71094
955598.474462 1956887.80022
955598.360079 1956887.8674
955598.236871 1956887.93463
955598.113782 1956888.02405
955597.990573 1956888.09128
955597.894022 1956888.19165
955597.77964 1956888.25883
955597.674143 1956888.33706
955597.550935 1956888.40429
955597.463149 1956888.49352
955597.348708 1956888.54961
955597.24333 1956888.65003
955597.1466 1956888.71711
955597.041222 1956888.81753
955596.953259 1956888.87348
955596.838936 1956888.95175
955596.759918 1956889.02984
955596.663188 1956889.09693
955596.566517 1956889.17511
955596.478613 1956889.24215
955596.381883 1956889.30924
955596.285212 1956889.38742
955596.197249 1956889.44337
955596.109464 1956889.5326
955596.003789 1956889.57754
955595.916004 1956889.66677
955595.8281 1956889.73381
955595.740315 1956889.82304
955595.652411 1956889.89008
955595.564566 1956889.96822
955595.476722 1956890.04636
955595.371106 1956890.1024
955595.274376 1956890.16948
955595.168761 1956890.22552
955595.080916 1956890.30366
955594.992953 1956890.3596
955594.905108 1956890.43774
955594.817264 1956890.51588
955594.702822 1956890.57196
955594.614978 1956890.6501
955594.500536 1956890.70619
955594.403866 1956890.78437
955594.29831 1956890.8515
955594.201639 1956890.92969
955594.104969 1956891.00787
955593.999413 1956891.075
955593.902742 1956891.15319
955593.806012 1956891.22027
955593.700456 1956891.28741
955593.594959 1956891.36564
955593.489463 1956891.44387
955593.383847 1956891.49991
955593.269584 1956891.58928
955593.155261 1956891.66756
955593.049705 1956891.73469
955592.944268 1956891.82402
955592.847538 1956891.8911
955592.750868 1956891.96929
955592.636486 1956892.03647
955592.548701 1956892.1257
955592.434319 1956892.19288
955592.346534 1956892.28211
955592.232092 1956892.3382
955592.135481 1956892.42748
955592.038751 1956892.49456
955591.942199 1956892.59493
955591.854236 1956892.65088
955591.775218 1956892.72897
955591.696199 1956892.80706
955591.617181 1956892.88514
955591.529277 1956892.95218
955591.450199 1956893.01918
955591.371062 1956893.07508
955591.291984 1956893.14207
955591.221673 1956893.19792
955591.151481 1956893.27596
955591.08105 1956893.30962
955591.028451 1956893.37648
955590.949254 1956893.42128
955590.896595 1956893.47704
955590.879002 1956893.48823
955590.843817 1956893.5106
955590.83511 1956893.53284
955590.817517 1956893.54403
955590.799925 1956893.55522
955590.782332 1956893.56641
955590.773565 1956893.57755
955590.764739 1956893.5776
955590.764739 1956893.5776
955590.764739 1956893.5776
955590.773565 1956893.57755
955590.773506 1956893.56645
955590.773506 1956893.56645
955590.791158 1956893.56636
955590.791099 1956893.55527
955590.799925 1956893.55522
955590.799925 1956893.55522
955590.808691 1956893.54408
955590.808691 1956893.54408
955590.817458 1956893.53293
955590.817517 1956893.54403
955590.826224 1956893.52179
955590.86141 1956893.49941
955590.905302 1956893.4548
955590.966847 1956893.41009
955591.037099 1956893.34314
955591.125002 1956893.2761
955591.213025 1956893.23125
955591.291984 1956893.14207
955591.344762 1956893.1085
955591.344762 1956893.1085
955591.335936 1956893.10855
955591.30081 1956893.14202
955591.32711 1956893.1086
955591.327169 1956893.11969
955591.318403 1956893.13083
955591.327229 1956893.13079
955591.318403 1956893.13083
955591.318403 1956893.13083
955591.318403 1956893.13083
955591.318403 1956893.13083
955591.318403 1956893.13083
955591.318403 1956893.13083
955591.309577 1956893.13088
