935534.85293 1915850.76166 0
935534.85293 1915850.76166 0
935534.85293 1915850.76166 0
935534.85293 1915850.76166 0
935534.85293 1915850.76166 0
935534.85293 1915850.76166 0
935534.85293 1915850.76166 0
935534.85293 1915850.76166 0
935534.85293 1915850.76166 0
935534.85293 1915850.76166 0
935534.85293 1915850.76166 0
935534.853016 1915850.77275 0
935534.853016 1915850.77275 0
935534.853016 1915850.77275 0
935534.853016 1915850.77275 0
935534.861971 1915850.78378 0
935534.861971 1915850.78378 0
935534.861971 1915850.78378 0
935534.861971 1915850.78378 0
935534.861971 1915850.78378 0
935534.861971 1915850.78378 0
935534.861971 1915850.78378 0
935534.853101 1915850.78384 0
935534.861971 1915850.78378 0
935534.862056 1915850.79487 0
935534.862056 1915850.79487 0
935534.871011 1915850.8059 0
935534.871096 1915850.81699 0
935534.889006 1915850.83904 0
935534.889091 1915850.85014 0
935534.907001 1915850.87219 0
935534.916127 1915850.9054 0
935534.925167 1915850.92752 0
935534.943162 1915850.96067 0
935534.952202 1915850.98279 0
935534.970282 1915851.02703 0
935534.988278 1915851.06017 0
935535.006273 1915851.09332 0
935535.024268 1915851.12647 0
935535.042348 1915851.17071 0
935535.060429 1915851.21494 0
935535.087379 1915851.25912 0
935535.105374 1915851.29226 0
935535.123539 1915851.3476 0
935535.15049 1915851.39177 0
935535.16857 1915851.43601 0
935535.195605 1915851.49127 0
935535.222555 1915851.53545 0
935535.249591 1915851.59071 0
935535.276626 1915851.64598 0
935535.303661 1915851.70124 0
935535.330612 1915851.74541 0
935535.366602 1915851.81171 0
935535.393552 1915851.85588 0
935535.420588 1915851.91114 0
935535.447623 1915851.96641 0
935535.483613 1915852.0327 0
935535.510649 1915852.08797 0
935535.537684 1915852.14323 0
935535.573589 1915852.19843 0
935535.600624 1915852.2537 0
935535.636615 1915852.31999 0
935535.66365 1915852.37525 0
935535.690771 1915852.44161 0
935535.726761 1915852.50791 0
935535.762666 1915852.5631 0
935535.798656 1915852.6294 0
935535.834562 1915852.68459 0
935535.861767 1915852.76205 0
935535.897672 1915852.81724 0
935535.933663 1915852.88354 0
935535.969653 1915852.94983 0
935536.014598 1915853.02715 0
935536.050589 1915853.09344 0
935536.086579 1915853.15973 0
935536.122484 1915853.21493 0
935536.158475 1915853.28122 0
935536.19455 1915853.3586 0
935536.230455 1915853.4138 0
935536.266446 1915853.48009 0
935536.302521 1915853.55748 0
935536.338511 1915853.62377 0
935536.374502 1915853.69006 0
935536.419362 1915853.75629 0
935536.455437 1915853.83367 0
935536.500383 1915853.91099 0
935536.545328 1915853.98831 0
935536.581404 1915854.06569 0
935536.626264 1915854.13192 0
935536.671209 1915854.20923 0
935536.707284 1915854.28662 0
935536.7611 1915854.36387 0
935536.806045 1915854.44119 0
935536.851075 1915854.5296 0
935536.896021 1915854.60692 0
935536.941051 1915854.69533 0
935536.994866 1915854.77258 0
935537.039897 1915854.86099 0
935537.084842 1915854.93831 0
935537.138743 1915855.02665 0
935537.192643 1915855.11499 0
935537.237673 1915855.20341 0
935537.291574 1915855.29175 0
935537.345474 1915855.38009 0
935537.399289 1915855.45734 0
935537.461974 1915855.53452 0
935537.515704 1915855.60068 0
935537.569604 1915855.68902 0
935537.632204 1915855.75511 0
935537.694804 1915855.8212 0
935537.748534 1915855.88735 0
935537.811134 1915855.95344 0
935537.873648 1915856.00844 0
935537.927378 1915856.07459 0
935537.989893 1915856.12958 0
935538.052408 1915856.18458 0
935538.114837 1915856.22848 0
935538.177352 1915856.28347 0
935538.239866 1915856.33846 0
935538.311251 1915856.39339 0
935538.39142 1915856.43715 0
935538.471674 1915856.49201 0
935538.542974 1915856.53584 0
935538.623143 1915856.5796 0
935538.703312 1915856.62337 0
935538.783481 1915856.66713 0
935538.872435 1915856.69973 0
935538.952604 1915856.7435 0
935539.041558 1915856.7761 0
935539.130512 1915856.8087 0
935539.219465 1915856.8413 0
935539.308334 1915856.86281 0
935539.397288 1915856.89541 0
935539.486157 1915856.91691 0
935539.575025 1915856.93842 0
935539.663894 1915856.95993 0
935539.752677 1915856.97034 0
935539.850331 1915856.98069 0
935539.948069 1915857.00213 0
935540.054592 1915857.0124 0
935540.152246 1915857.02275 0
935540.258684 1915857.02193 0
935540.374077 1915857.03214 0
935540.48947 1915857.04235 0
935540.604863 1915857.05256 0
935540.72904 1915857.05161 0
935540.853303 1915857.06175 0
935540.986436 1915857.07182 0
935541.119568 1915857.08189 0
935541.261486 1915857.0808 0
935541.403488 1915857.09081 0
935541.536621 1915857.10088 0
935541.669753 1915857.11095 0
935541.811756 1915857.12096 0
935541.953673 1915857.11987 0
935542.086891 1915857.14103 0
935542.237678 1915857.13988 0
935542.370811 1915857.14995 0
935542.530553 1915857.15982 0
935542.672555 1915857.16982 0
935542.823428 1915857.17976 0
935542.96543 1915857.18976 0
935543.125258 1915857.21073 0
935543.24952 1915857.22087 0
935543.356043 1915857.23114 0
935543.418217 1915857.24176 0
935543.462567 1915857.24142 0
935543.444742 1915857.23046 0
935543.400478 1915857.2419 0
935543.444742 1915857.23046 0
935543.444827 1915857.24156 0
935543.418132 1915857.23067 0
935543.435957 1915857.24163 0
935543.427087 1915857.24169 0
935543.435957 1915857.24163 0
935543.435872 1915857.23053 0
935543.435957 1915857.24163 0
935543.435957 1915857.24163 0
935543.444827 1915857.24156 0
935543.435872 1915857.23053 0
935543.453697 1915857.24149 0
935543.453612 1915857.2304 0
935543.462567 1915857.24142 0
935543.462567 1915857.24142 0
935543.471351 1915857.23026 0
935543.471351 1915857.23026 0
935543.462481 1915857.23033 0
935543.480306 1915857.24129 0
935543.462481 1915857.23033 0
935543.471351 1915857.23026 0
935543.471436 1915857.24135 0
935543.462481 1915857.23033 0
935543.471436 1915857.24135 0
935543.471436 1915857.24135 0
935543.471436 1915857.24135 0
935543.471436 1915857.24135 0
935543.462567 1915857.24142 0
935543.471436 1915857.24135 0
935543.471436 1915857.24135 0
935543.471436 1915857.24135 0
935543.471436 1915857.24135 0
935543.462567 1915857.24142 0
935543.471436 1915857.24135 0
935543.471436 1915857.24135 0
935543.471436 1915857.24135 0
935543.471436 1915857.24135 0
935543.471436 1915857.24135 0
935543.471351 1915857.23026 0
935543.471351 1915857.23026 0
935543.471351 1915857.23026 0
935543.471351 1915857.23026 0
935543.471351 1915857.23026 0
935543.471351 1915857.23026 0
935543.471351 1915857.23026 0
935543.471351 1915857.23026 0
935543.471351 1915857.23026 0
935543.471351 1915857.23026 0
935543.471351 1915857.23026 0
935543.471351 1915857.23026 0
935543.471351 1915857.23026 0
935543.471351 1915857.23026 0
935543.471351 1915857.23026 0
935543.471351 1915857.23026 0
935543.471436 1915857.24135 0
935543.471351 1915857.23026 0
935543.471351 1915857.23026 0
935543.471351 1915857.23026 0
935543.471351 1915857.23026 0
935543.471436 1915857.24135 0
935543.471436 1915857.24135 0
935543.471436 1915857.24135 0
935543.471351 1915857.23026 0
935543.471351 1915857.23026 0
935543.471351 1915857.23026 0
935543.471351 1915857.23026 0
935543.471351 1915857.23026 0
935543.471436 1915857.24135 0
935543.471351 1915857.23026 0
935543.471351 1915857.23026 0
935543.471436 1915857.24135 0
935543.471436 1915857.24135 0
935543.471436 1915857.24135 0
935543.471436 1915857.24135 0
935543.471436 1915857.24135 0
935543.471436 1915857.24135 0
935543.471436 1915857.24135 0
935543.471436 1915857.24135 0
935543.471436 1915857.24135 0
935543.471351 1915857.23026 0
935543.471436 1915857.24135 0
935543.471436 1915857.24135 0
935543.471436 1915857.24135 0
935543.471436 1915857.24135 0
935543.471436 1915857.24135 0
935543.471436 1915857.24135 0
935543.471436 1915857.24135 0
935543.471436 1915857.24135 0
935543.471436 1915857.24135 0
935543.471436 1915857.24135 0
935543.471351 1915857.23026 0
935543.471351 1915857.23026 0
935543.471436 1915857.24135 0
935543.471436 1915857.24135 0
935543.471436 1915857.24135 0
935543.471436 1915857.24135 0
935543.471436 1915857.24135 0
935543.471436 1915857.24135 0
935543.471436 1915857.24135 0
935543.471436 1915857.24135 0
935543.471436 1915857.24135 0
935543.471436 1915857.24135 0
935543.471436 1915857.24135 0
935543.471436 1915857.24135 0
935543.471436 1915857.24135 0
935543.471436 1915857.24135 0
935543.471436 1915857.24135 0
935543.435957 1915857.24163 0
935543.400478 1915857.2419 0
935543.338304 1915857.23128 0
935543.26726 1915857.22073 0
935543.178477 1915857.21032 0
935543.080908 1915857.21107 0
935542.9743 1915857.1897 0
935542.858907 1915857.17949 0
935542.725774 1915857.16941 0
935542.583772 1915857.15941 0
935542.450554 1915857.13824 0
935542.290812 1915857.12837 0
935542.13107 1915857.11851 0
935541.953503 1915857.09768 0
935541.793761 1915857.08781 0
935541.598454 1915857.06712 0
935541.429842 1915857.05732 0
935541.216796 1915857.03677 0
935541.039314 1915857.02703 0
935540.835138 1915857.00641 0
935540.648871 1915857.00784 0
935540.462434 1915856.98708 0
935540.267042 1915856.9553 0
935540.089476 1915856.93447 0
935539.876259 1915856.89173 0
935539.698522 1915856.84872 0
935539.48522 1915856.79488 0
935539.307142 1915856.70749 0
935539.093755 1915856.64256 0
935538.897937 1915856.55531 0
935538.693165 1915856.45703 0
935538.488392 1915856.35875 0
935538.283449 1915856.23828 0
935538.078506 1915856.11781 0
935537.873478 1915855.98625 0
935537.677405 1915855.86571 0
935537.472121 1915855.70087 0
935537.293618 1915855.55801 0
935537.106244 1915855.41521 0
935536.92757 1915855.25017 0
935536.748981 1915855.09621 0
935536.597001 1915854.94205 0
935536.436067 1915854.77687 0
935536.292872 1915854.61155 0
935536.149677 1915854.44623 0
935536.024222 1915854.28077 0
935535.907551 1915854.10415 0
935535.790966 1915853.93863 0
935535.683251 1915853.77303 0
935535.59319 1915853.59621 0
935535.503214 1915853.43048 0
935535.422023 1915853.25359 0
935535.340831 1915853.0767 0
935535.268595 1915852.91083 0
935535.196359 1915852.74497 0
935535.132993 1915852.57903 0
935535.069626 1915852.4131 0
935535.006345 1915852.25826 0
935534.951764 1915852.08116 0
935534.888482 1915851.92632 0
935534.834071 1915851.77142 0
935534.77966 1915851.61651 0
935534.734203 1915851.47263 0
935534.679792 1915851.31772 0
935534.634336 1915851.17384 0
935534.588794 1915851.01886 0
935534.543423 1915850.88607 0
935534.497967 1915850.74219 0
935534.452595 1915850.6094 0
935534.416009 1915850.46545 0
935534.379507 1915850.3326 0
935534.334136 1915850.19981 0
935534.28885 1915850.07812 0
935534.252349 1915849.94526 0
935534.207148 1915849.83466 0
935534.161777 1915849.70187 0
935534.152481 1915849.64647 0
935534.143611 1915849.64654 0
935534.161521 1915849.66859 0
935534.161777 1915849.70187 0
935534.143611 1915849.64654 0
935534.161607 1915849.67969 0
935534.152566 1915849.65757 0
935534.152652 1915849.66866 0
935534.152566 1915849.65757 0
935534.152652 1915849.66866 0
935534.152566 1915849.65757 0
935534.152652 1915849.66866 0
935534.152566 1915849.65757 0
935534.152652 1915849.66866 0
935534.152566 1915849.65757 0
935534.152652 1915849.66866 0
935534.152652 1915849.66866 0
935534.152652 1915849.66866 0
935534.152652 1915849.66866 0
935534.152566 1915849.65757 0
935534.152652 1915849.66866 0
935534.152566 1915849.65757 0
935534.152566 1915849.65757 0
935534.152566 1915849.65757 0
