955593.48107 1956912.93474 0
955593.48107 1956912.93474 0
955593.48107 1956912.93474 0
955593.489896 1956912.93469 0
955593.489896 1956912.93469 0
955593.489896 1956912.93469 0
955593.489896 1956912.93469 0
955593.489896 1956912.93469 0
955593.48107 1956912.93474 0
955593.489896 1956912.93469 0
955593.489896 1956912.93469 0
955593.489896 1956912.93469 0
955593.489896 1956912.93469 0
955593.489896 1956912.93469 0
955593.489896 1956912.93469 0
955593.481011 1956912.92364 0
955593.472125 1956912.91259 0
955593.46324 1956912.90155 0
955593.445528 1956912.89055 0
955593.427757 1956912.86845 0
955593.409927 1956912.83526 0
955593.392037 1956912.79098 0
955593.347728 1956912.75793 0
955593.294534 1956912.71384 0
955593.250107 1956912.6586 0
955593.214446 1956912.59222 0
955593.161133 1956912.52594 0
955593.098994 1956912.4597 0
955593.036855 1956912.39347 0
955592.992427 1956912.33823 0
955592.94794 1956912.2719 0
955592.876975 1956912.20571 0
955592.841314 1956912.13933 0
955592.788001 1956912.07305 0
955592.743455 1956911.99562 0
955592.698968 1956911.92929 0
955592.628062 1956911.8742 0
955592.574749 1956911.80791 0
955592.521555 1956911.76382 0
955592.459356 1956911.68649 0
955592.414929 1956911.63125 0
955592.343964 1956911.56506 0
955592.308422 1956911.52087 0
955592.237397 1956911.44359 0
955592.201855 1956911.3994 0
955592.148542 1956911.33312 0
955592.113 1956911.28893 0
955592.050861 1956911.22269 0
955591.997607 1956911.1675 0
955591.944413 1956911.12341 0
955591.882452 1956911.09046 0
955591.829199 1956911.03527 0
955591.767179 1956910.99122 0
955591.731696 1956910.95812 0
955591.678502 1956910.91403 0
955591.634193 1956910.88098 0
955591.572173 1956910.83694 0
955591.519038 1956910.80394 0
955591.465904 1956910.77094 0
955591.403884 1956910.72689 0
955591.350689 1956910.68279 0
955591.297555 1956910.64979 0
955591.217882 1956910.60584 0
955591.147096 1956910.57294 0
955591.058597 1956910.52903 0
955590.987811 1956910.49613 0
955590.916905 1956910.44103 0
955590.810873 1956910.41941 0
955590.704664 1956910.3645 0
955590.633936 1956910.34269 0
955590.545378 1956910.28769 0
955590.439347 1956910.26607 0
955590.350908 1956910.23326 0
955590.253643 1956910.2005 0
955590.191682 1956910.16755 0
955590.076825 1956910.14597 0
955589.997212 1956910.11311 0
955589.900126 1956910.11363 0
955589.820572 1956910.09187 0
955589.723486 1956910.09239 0
955589.652818 1956910.08167 0
955589.53802 1956910.07119 0
955589.4497 1956910.06057 0
955589.343787 1956910.06114 0
955589.255467 1956910.05052 0
955589.131843 1956910.04009 0
955589.052468 1956910.05161 0
955588.955322 1956910.04103 0
955588.875947 1956910.05255 0
955588.805279 1956910.04184 0
955588.734671 1956910.04222 0
955588.655296 1956910.05374 0
955588.575802 1956910.04307 0
955588.496368 1956910.04349 0
955588.478656 1956910.03249 0
955588.4257 1956910.03278 0
955588.443352 1956910.03268 0
955588.461004 1956910.03259 0
955588.452178 1956910.03264 0
955588.452178 1956910.03264 0
955588.452238 1956910.04373 0
955588.452238 1956910.04373 0
955588.443411 1956910.04378 0
955588.452178 1956910.03264 0
955588.461004 1956910.03259 0
955588.461004 1956910.03259 0
955588.46983 1956910.03254 0
955588.461064 1956910.04368 0
955588.46989 1956910.04364 0
955588.46989 1956910.04364 0
955588.478716 1956910.04359 0
955588.478656 1956910.03249 0
955588.487482 1956910.03245 0
955588.496308 1956910.0324 0
955588.496308 1956910.0324 0
955588.505194 1956910.04345 0
955588.51402 1956910.0434 0
955588.51402 1956910.0434 0
955588.531612 1956910.03221 0
955588.540439 1956910.03216 0
955588.540439 1956910.03216 0
955588.540439 1956910.03216 0
