935534.141653 1915849.39138
935534.141653 1915849.39138
935534.141653 1915849.39138
935534.141653 1915849.39138
935534.141653 1915849.39138
935534.141738 1915849.40247
935534.150778 1915849.42459
935534.159648 1915849.42452
935534.168688 1915849.44664
935534.186513 1915849.4576
935534.186683 1915849.47979
935534.204508 1915849.49075
935534.204593 1915849.50184
935534.213548 1915849.51287
935534.222503 1915849.52389
935534.222588 1915849.53499
935534.222503 1915849.52389
935534.222588 1915849.53499
935534.222503 1915849.52389
935534.222503 1915849.52389
935534.222503 1915849.52389
935534.222588 1915849.53499
935534.222588 1915849.53499
935534.222588 1915849.53499
935534.222673 1915849.54608
935534.231543 1915849.54601
935534.231628 1915849.55711
935534.240498 1915849.55704
935534.249453 1915849.56806
935534.258493 1915849.59018
935534.267534 1915849.6123
935534.285444 1915849.63436
935534.303439 1915849.6675
935534.330389 1915849.71167
935534.366209 1915849.75578
935534.402199 1915849.82207
935534.438105 1915849.87727
935534.47418 1915849.95465
935534.51904 1915850.02088
935534.555116 1915850.09826
935534.608931 1915850.17551
935534.653876 1915850.25283
935534.689952 1915850.33022
935534.734897 1915850.40753
935534.779843 1915850.48485
935534.824788 1915850.56217
935534.869648 1915850.62839
935534.914594 1915850.70571
935534.950669 1915850.7831
935534.995529 1915850.84932
935535.031605 1915850.9267
935535.085335 1915850.99286
935535.13028 1915851.07018
935535.17514 1915851.1364
935535.211216 1915851.21379
935535.256076 1915851.28001
935535.309891 1915851.35726
935535.354751 1915851.42348
935535.399697 1915851.5008
935535.444642 1915851.57812
935535.489502 1915851.64434
935535.543317 1915851.72159
935535.588263 1915851.79891
935535.633123 1915851.86513
935535.686853 1915851.93129
935535.731798 1915852.00861
935535.776659 1915852.07483
935535.830389 1915852.14099
935535.875249 1915852.20721
935535.928979 1915852.27337
935535.973754 1915852.3285
935536.027484 1915852.39465
935536.081214 1915852.46081
935536.143814 1915852.52689
935536.206499 1915852.60408
935536.286838 1915852.67003
935536.367348 1915852.75817
935536.456728 1915852.84624
935536.554892 1915852.92315
935536.653056 1915853.00006
935536.769046 1915853.08792
935536.88495 1915853.1647
935537.000854 1915853.24147
935537.116672 1915853.30715
935537.241361 1915853.37276
935537.357095 1915853.42734
935537.481784 1915853.49295
935537.588647 1915853.54761
935537.713336 1915853.61322
935537.8202 1915853.66787
935537.935848 1915853.71136
935538.042712 1915853.76601
935538.158361 1915853.80951
935538.274009 1915853.853
935538.389573 1915853.88539
935538.496181 1915853.90676
935538.602789 1915853.92814
935538.709568 1915853.97169
935538.825046 1915853.993
935538.92287 1915854.02553
935539.038348 1915854.04683
935539.136172 1915854.07937
935539.251735 1915854.11176
935539.358343 1915854.13313
935539.482691 1915854.15437
935539.58043 1915854.17581
935539.704948 1915854.21923
935539.811471 1915854.22951
935539.935905 1915854.26184
935540.042513 1915854.28321
935540.166946 1915854.31554
935540.273555 1915854.33691
935540.397903 1915854.35814
935540.513296 1915854.36835
935540.637644 1915854.38959
935540.770861 1915854.41075
935540.88634 1915854.43206
935541.019557 1915854.45322
935541.14382 1915854.46336
935541.277123 1915854.49562
935541.410256 1915854.5057
935541.534604 1915854.52693
935541.685562 1915854.54796
935541.809824 1915854.5581
935541.951912 1915854.5792
935542.085045 1915854.58927
935542.227132 1915854.61037
935542.36018 1915854.60935
935542.493398 1915854.63052
935542.599836 1915854.6297
935542.732968 1915854.63977
935542.812882 1915854.65026
935542.928275 1915854.66046
935542.999234 1915854.65992
935543.034713 1915854.65965
935543.070193 1915854.65938
935543.061323 1915854.65944
935543.070193 1915854.65938
935543.052453 1915854.65951
935543.070193 1915854.65938
935543.061323 1915854.65944
935543.061323 1915854.65944
935543.070193 1915854.65938
935543.070278 1915854.67047
935543.079148 1915854.6704
935543.079148 1915854.6704
935543.088017 1915854.67033
935543.088017 1915854.67033
935543.096887 1915854.67027
935543.114627 1915854.67013
935543.141236 1915854.66992
935543.167931 1915854.68081
935543.21228 1915854.68047
935543.265499 1915854.68007
935543.327588 1915854.67959
935543.389762 1915854.69021
935543.451851 1915854.68973
935543.51394 1915854.68925
935543.576029 1915854.68878
935543.620463 1915854.69953
935543.691336 1915854.68789
935543.735856 1915854.70974
935543.78012 1915854.6983
935543.789075 1915854.70933
935543.735771 1915854.69865
935543.77125 1915854.69837
935543.771335 1915854.70947
935543.75351 1915854.69851
935543.762465 1915854.70954
935543.76238 1915854.69844
935543.76238 1915854.69844
935543.76238 1915854.69844
935543.76238 1915854.69844
935543.762465 1915854.70954
935543.762465 1915854.70954
935543.762465 1915854.70954
935543.762465 1915854.70954
935543.762465 1915854.70954
935543.771335 1915854.70947
935543.771335 1915854.70947
935543.780205 1915854.7094
935543.771335 1915854.70947
935543.744726 1915854.70967
935543.709246 1915854.70994
935543.664812 1915854.69919
935543.602638 1915854.68857
935543.531679 1915854.68912
935543.451851 1915854.68973
935543.371937 1915854.67925
935543.300893 1915854.6687
935543.229935 1915854.66924
935543.158976 1915854.66979
935543.087932 1915854.65924
935543.025758 1915854.64862
935542.963669 1915854.6491
935542.901495 1915854.63848
935542.848276 1915854.63889
935542.795057 1915854.6393
935542.741753 1915854.62861
935542.688534 1915854.62902
935542.62636 1915854.6184
935542.555401 1915854.61895
935542.475573 1915854.61956
935542.395659 1915854.60908
935542.306961 1915854.60976
935542.226962 1915854.58819
935542.129309 1915854.57784
935542.04061 1915854.57852
935541.951827 1915854.56811
935541.863043 1915854.55769
935541.774345 1915854.55838
935541.685562 1915854.54796
935541.605648 1915854.53748
935541.454775 1915854.52754
935541.374862 1915854.51706
935541.303818 1915854.50651
935541.232774 1915854.49596
935541.161815 1915854.49651
935541.090772 1915854.48596
935541.028598 1915854.47534
935540.948684 1915854.46486
935540.87764 1915854.45431
935540.788857 1915854.4439
935540.700073 1915854.43349
935540.611204 1915854.41198
935540.513551 1915854.40163
935540.424768 1915854.39122
935540.318244 1915854.38094
935540.220506 1915854.3595
935540.105113 1915854.3493
935540.007374 1915854.32786
935539.900851 1915854.31758
935539.785373 1915854.29628
935539.669895 1915854.27497
935539.563286 1915854.2536
935539.447723 1915854.22121
935539.323375 1915854.19997
935539.199027 1915854.17874
935539.083464 1915854.14634
935538.941291 1915854.11415
935538.816772 1915854.07072
935538.665645 1915854.0275
935538.532256 1915853.98415
935538.381129 1915853.94093
935538.238785 1915853.88655
935538.096357 1915853.82108
935537.945144 1915853.76676
935537.802631 1915853.69019
935537.651332 1915853.62479
935537.508819 1915853.54822
935537.375175 1915853.47158
935537.223792 1915853.39508
935537.099018 1915853.31838
935536.965204 1915853.21955
935536.8493 1915853.14278
935536.724356 1915853.04389
935536.608452 1915852.96711
935536.501247 1915852.86808
935536.394128 1915852.78015
935536.295793 1915852.68105
935536.188503 1915852.57093
935536.099124 1915852.48286
935536.000704 1915852.37267
935535.911239 1915852.2735
935535.812819 1915852.16331
935535.741094 1915852.06401
935535.660329 1915851.94259
935535.579648 1915851.83226
935535.516708 1915851.7218
935535.453853 1915851.62243
935535.390912 1915851.51196
935535.336841 1915851.40143
935535.273986 1915851.30206
935535.219915 1915851.19153
935535.16593 1915851.09209
935535.111944 1915850.99266
935535.058044 1915850.90431
935535.004058 1915850.80487
935534.959028 1915850.71646
935534.905128 1915850.62812
935534.860097 1915850.53971
935534.806282 1915850.46246
935534.761251 1915850.37405
935534.707436 1915850.2968
935534.671275 1915850.20832
935534.626415 1915850.14209
935534.590425 1915850.0758
935534.563389 1915850.02054
935534.554434 1915850.00951
935534.55452 1915850.0206
935534.57243 1915850.04266
935534.55452 1915850.0206
935534.563389 1915850.02054
935534.55452 1915850.0206
935534.563389 1915850.02054
935534.563389 1915850.02054
935534.563475 1915850.03163
935534.563389 1915850.02054
935534.563475 1915850.03163
935534.563389 1915850.02054
935534.563389 1915850.02054
935534.563389 1915850.02054
935534.563389 1915850.02054
935534.563389 1915850.02054
935534.581385 1915850.05368
935534.59938 1915850.08683
935534.63537 1915850.15312
935534.68023 1915850.21934
935534.725261 1915850.30776
935534.788201 1915850.41822
935534.851142 1915850.52868
935534.913997 1915850.62805
935534.976938 1915850.73852
935535.039878 1915850.84898
935535.093949 1915850.95951
935535.147849 1915851.04785
935535.21079 1915851.15832
935535.26469 1915851.24666
935535.318676 1915851.3461
935535.372661 1915851.44554
935535.417607 1915851.52285
935535.471592 1915851.62229
935535.525407 1915851.69954
935535.570523 1915851.79905
935535.615468 1915851.87636
935535.660414 1915851.95368
935535.696489 1915852.03107
935535.741435 1915852.10839
935535.77751 1915852.18577
935535.82237 1915852.25199
935535.858446 1915852.32938
935535.894436 1915852.39567
935535.939382 1915852.47299
935535.975372 1915852.53928
935536.011533 1915852.62776
935536.056393 1915852.69398
935536.101338 1915852.7713
935536.146454 1915852.87081
935536.191399 1915852.94813
935536.236515 1915853.04763
935536.290415 1915853.13598
935536.335531 1915853.23548
935536.389516 1915853.33492
935536.443587 1915853.44545
935536.497572 1915853.54489
935536.560428 1915853.64426
935536.614413 1915853.74369
935536.677354 1915853.85416
935536.731339 1915853.9536
935536.785325 1915854.05303
935536.848095 1915854.14131
935536.901995 1915854.22965
935536.955981 1915854.32909
935537.009881 1915854.41743
935537.054911 1915854.50585
935537.108726 1915854.5831
935537.162627 1915854.67144
935537.216527 1915854.75978
935537.270342 1915854.83703
935537.324243 1915854.92538
935537.378058 1915855.00262
935537.440828 1915855.0909
935537.503598 1915855.17918
935537.557498 1915855.26752
935537.629138 1915855.35573
935537.691823 1915855.43291
935537.754593 1915855.52118
935537.817364 1915855.60946
935537.888918 1915855.68657
935537.951518 1915855.75266
935538.014203 1915855.82984
935538.076803 1915855.89593
935538.139403 1915855.96202
935538.201917 1915856.01701
935538.264432 1915856.072
935538.326947 1915856.127
935538.389376 1915856.1709
935538.451891 1915856.22589
935538.51432 1915856.26979
935538.594575 1915856.32465
935538.674829 1915856.3795
935538.763953 1915856.43429
935538.861947 1915856.48901
935538.959941 1915856.54374
935539.075675 1915856.59832
935539.182453 1915856.64188
935539.289317 1915856.69653
935539.413835 1915856.73996
935539.520614 1915856.78351
935539.645132 1915856.82694
935539.751741 1915856.84831
935539.867389 1915856.8918
935539.974083 1915856.92426
935540.089561 1915856.94557
935540.196254 1915856.97803
935540.302948 1915857.0105
935540.409471 1915857.02077
935540.516164 1915857.05324
935540.622773 1915857.07461
935540.729381 1915857.09598
935540.827034 1915857.10633
935540.942427 1915857.11654
935541.049035 1915857.13791
935541.155559 1915857.14818
935541.270952 1915857.15839
935541.377475 1915857.16867
935541.492783 1915857.16778
935541.608176 1915857.17799
935541.723569 1915857.1882
935541.847746 1915857.18725
935541.963139 1915857.19746
935542.078532 1915857.20767
935542.21158 1915857.20665
935542.326973 1915857.21685
935542.46889 1915857.21576
935542.593153 1915857.22591
935542.726285 1915857.23598
935542.859333 1915857.23496
935542.992465 1915857.24503
935543.134298 1915857.23285
935543.2763 1915857.24285
935543.418303 1915857.25286
935543.55135 1915857.25183
935543.702308 1915857.27287
935543.835355 1915857.27184
935543.986227 1915857.28178
935544.11936 1915857.29185
935544.252493 1915857.30193
935544.332406 1915857.31241
935544.359016 1915857.3122
935544.350146 1915857.31227
935544.314581 1915857.30145
935544.341276 1915857.31234
935544.314581 1915857.30145
935544.341276 1915857.31234
935544.332321 1915857.30131
935544.341276 1915857.31234
935544.350061 1915857.30118
935544.350146 1915857.31227
935544.394495 1915857.31193
935544.412235 1915857.31179
935544.483279 1915857.32234
935544.536498 1915857.32194
935544.616326 1915857.32132
935544.669545 1915857.32091
935544.749459 1915857.3314
935544.811548 1915857.33092
935544.882591 1915857.34147
935544.94468 1915857.34099
935545.006854 1915857.35161
935545.077813 1915857.35106
935545.131032 1915857.35066
935545.202076 1915857.36121
935545.246425 1915857.36087
935545.290859 1915857.37162
935545.326338 1915857.37135
935545.361818 1915857.37107
935545.352948 1915857.37114
935545.370688 1915857.37101
935545.361818 1915857.37107
935545.379557 1915857.37094
935545.352948 1915857.37114
935545.379557 1915857.37094
935545.361818 1915857.37107
935545.379557 1915857.37094
935545.370688 1915857.37101
935545.379557 1915857.37094
935545.379557 1915857.37094
935545.379557 1915857.37094
935545.388427 1915857.37087
935545.379557 1915857.37094
935545.388427 1915857.37087
935545.379557 1915857.37094
935545.361818 1915857.37107
935545.317469 1915857.37141
935545.264164 1915857.36073
935545.175466 1915857.36141
935545.086683 1915857.351
935544.97129 1915857.34079
935544.847027 1915857.33065
935544.713979 1915857.33167
935544.563107 1915857.32173
935544.421105 1915857.31173
935544.261362 1915857.30186
935544.145969 1915857.29165
935543.995097 1915857.28171
935543.888574 1915857.27144
935543.746572 1915857.26143
935543.648918 1915857.25109
935543.533525 1915857.24088
935543.444742 1915857.23046
935543.338304 1915857.23128
935543.249435 1915857.20977
935543.169607 1915857.21039
935543.089693 1915857.19991
935543.027519 1915857.18929
935542.956475 1915857.17874
935542.894386 1915857.17921
935542.832212 1915857.1686
935542.778908 1915857.15791
935542.716819 1915857.15839
935542.663515 1915857.1477
935542.592557 1915857.14825
935542.530383 1915857.13763
935542.450469 1915857.12715
935542.352816 1915857.1168
935542.255162 1915857.10646
935542.148554 1915857.08509
935542.042031 1915857.07481
935541.926553 1915857.05351
935541.81116 1915857.0433
935541.695682 1915857.022
935541.580289 1915857.01179
935541.455941 1915856.99055
935541.340548 1915856.98034
935541.2162 1915856.95911
935541.091937 1915856.94897
935540.967589 1915856.92773
935540.843241 1915856.9065
935540.718978 1915856.89636
935540.58576 1915856.87519
935540.443673 1915856.85409
935540.31037 1915856.82183
935540.168282 1915856.80073
935540.026194 1915856.77963
935539.884107 1915856.75853
935539.733149 1915856.7375
935539.590977 1915856.70531
935539.440019 1915856.68428
935539.297761 1915856.64099
935539.155588 1915856.6088
935539.013415 1915856.57661
935538.880112 1915856.54435
935538.746724 1915856.50099
935538.631076 1915856.4575
935538.506558 1915856.41408
935538.390824 1915856.35949
935538.275175 1915856.316
935538.177267 1915856.27238
935538.079273 1915856.21766
935537.981279 1915856.16293
935537.89224 1915856.11924
935537.811985 1915856.06438
935537.731816 1915856.02062
935537.660432 1915855.96569
935537.598002 1915855.92179
935537.535488 1915855.8668
935537.482013 1915855.83393
935537.428368 1915855.77887
935537.374894 1915855.74599
935537.339074 1915855.70189
935537.294384 1915855.65785
935537.249694 1915855.61382
935537.196134 1915855.56985
935537.151445 1915855.52581
935537.097715 1915855.45966
935537.053025 1915855.41562
935537.00825 1915855.36049
935536.97243 1915855.31639
935536.92774 1915855.27235
935536.900875 1915855.23928
935536.873925 1915855.1951
935536.84706 1915855.16203
935536.811155 1915855.10683
935536.766295 1915855.04061
935536.730304 1915854.97431
935536.667449 1915854.87494
935536.631373 1915854.79756
935536.577388 1915854.69812
935536.541313 1915854.62073
935536.496282 1915854.53232
935536.451337 1915854.45501
935536.406306 1915854.36659
935536.370231 1915854.28921
935536.325285 1915854.21189
935536.28921 1915854.1345
935536.25322 1915854.06821
935536.208274 1915853.9909
935536.181239 1915853.93563
935536.136294 1915853.85831
935536.109258 1915853.80305
935536.073268 1915853.73675
935536.046147 1915853.67039
935536.010242 1915853.6152
935535.983207 1915853.55993
935535.956172 1915853.50467
935535.920266 1915853.44947
935535.893316 1915853.4053
935535.866281 1915853.35003
935535.848201 1915853.30579
935535.82125 1915853.26162
935535.80317 1915853.21738
935535.76735 1915853.17327
935535.758225 1915853.14006
935535.73136 1915853.10698
935535.713365 1915853.07384
935535.695369 1915853.04069
935535.677374 1915853.00755
935535.695369 1915853.04069
935535.686329 1915853.01857
935535.695369 1915853.04069
935535.686414 1915853.02967
935535.695369 1915853.04069
935535.686414 1915853.02967
935535.695369 1915853.04069
935535.695284 1915853.0296
935535.695369 1915853.04069
935535.695284 1915853.0296
935535.704324 1915853.05172
935535.731275 1915853.09589
935535.76718 1915853.15109
935535.812125 1915853.2284
935535.857241 1915853.32791
935535.911141 1915853.41625
935535.965041 1915853.5046
935536.010157 1915853.6041
935536.064057 1915853.69245
935536.100133 1915853.76983
935536.154033 1915853.85818
935536.190109 1915853.93556
935536.243924 1915854.01281
935536.279999 1915854.0902
935536.3339 1915854.17854
935536.387715 1915854.25579
935536.441615 1915854.34413
935536.486646 1915854.43255
935536.531591 1915854.50986
935536.585406 1915854.58711
935536.630437 1915854.67552
935536.684252 1915854.75277
935536.738067 1915854.83002
935536.783097 1915854.91843
935536.836998 1915855.00678
935536.881943 1915855.0841
935536.935758 1915855.16135
935536.980704 1915855.23866
935537.025649 1915855.31598
935537.079464 1915855.39323
935537.124409 1915855.47055
935537.169355 1915855.54787
935537.214215 1915855.61409
935537.26803 1915855.69134
935537.31289 1915855.75756
935537.35775 1915855.82379
935537.411565 1915855.90104
935537.456511 1915855.97835
935537.510326 1915856.0556
935537.573181 1915856.15497
935537.636036 1915856.25434
935537.707762 1915856.35364
935537.788442 1915856.46397
935537.860337 1915856.58546
935537.949887 1915856.69572
935538.021697 1915856.80612
935538.102377 1915856.91644
935538.174188 1915857.02684
935538.254783 1915857.12607
935538.326508 1915857.22537
935538.407103 1915857.32461
935538.469873 1915857.41288
935538.541598 1915857.51218
935538.613238 1915857.60039
935538.693748 1915857.68853
935538.756518 1915857.77681
935538.836942 1915857.85385
935538.908497 1915857.93096
935538.971182 1915858.00815
935539.042652 1915858.07416
935539.105337 1915858.15135
935539.167936 1915858.21743
935539.239321 1915858.27236
935539.301921 1915858.33845
935539.37339 1915858.40447
935539.444775 1915858.45939
935539.525199 1915858.53644
935539.614494 1915858.61341
935539.703703 1915858.6793
935539.810822 1915858.76723
935539.908987 1915858.84414
935540.015936 1915858.90989
935540.114015 1915858.9757
935540.220878 1915859.03036
935540.318957 1915859.09617
935540.416951 1915859.15089
935540.51486 1915859.19452
935540.603899 1915859.23822
935540.701808 1915859.28184
935540.799717 1915859.32547
935540.88867 1915859.35807
935540.995449 1915859.40163
935541.111012 1915859.43403
935541.235531 1915859.47745
935541.359964 1915859.50978
935541.493352 1915859.55313
935541.626569 1915859.5743
935541.759872 1915859.60656
935541.89309 1915859.62773
935542.026393 1915859.65999
935542.150656 1915859.67013
935542.275004 1915859.69136
935542.417006 1915859.70137
935542.532484 1915859.72267
935542.674487 1915859.73268
935542.798835 1915859.75391
935542.940837 1915859.76392
935543.07397 1915859.77399
935543.215972 1915859.78399
935543.349105 1915859.79407
935543.482237 1915859.80414
935543.63311 1915859.81408
935543.766242 1915859.82415
935543.90833 1915859.84525
935544.059117 1915859.84409
935544.192249 1915859.85416
935544.343207 1915859.87519
935544.476254 1915859.87417
935544.627212 1915859.8952
935544.760259 1915859.89418
935544.920086 1915859.91514
935545.062089 1915859.92515
935545.204006 1915859.92406
935545.346094 1915859.94516
935545.496966 1915859.95509
935545.630099 1915859.96517
935545.772101 1915859.97517
935545.914189 1915859.99627
935546.047321 1915860.00634
935546.189324 1915860.01635
935546.331411 1915860.03745
935546.420195 1915860.04786
935546.482283 1915860.04738
935546.491238 1915860.05841
935546.3935 1915860.03697
935546.455674 1915860.04759
935546.455674 1915860.04759
935546.446804 1915860.04766
935546.473414 1915860.04745
935546.464544 1915860.04752
935546.491153 1915860.04732
935546.491153 1915860.04732
935546.508978 1915860.05827
935546.508893 1915860.04718
935546.517763 1915860.04711
935546.535588 1915860.05807
935546.535588 1915860.05807
935546.553327 1915860.05793
935546.553327 1915860.05793
935546.571067 1915860.0578
935546.535588 1915860.05807
935546.517848 1915860.05821
935546.437934 1915860.04772
935546.384715 1915860.04813
935546.269237 1915860.02683
935546.180454 1915860.01642
935546.047321 1915860.00634
935545.914189 1915859.99627
935545.789841 1915859.97504
935545.665578 1915859.9649
935545.5501 1915859.94359
935545.425837 1915859.93345
935545.319314 1915859.92317
935545.212791 1915859.9129
935545.115138 1915859.90255
935545.017484 1915859.89221
935544.928786 1915859.89289
935544.840002 1915859.88247
935544.751219 1915859.87206
935544.671391 1915859.87267
935544.600347 1915859.86212
935544.529303 1915859.85158
935544.458259 1915859.84103
935544.39617 1915859.8415
935544.325127 1915859.83095
935544.254083 1915859.8204
935544.174254 1915859.82102
935544.085471 1915859.8106
935543.996687 1915859.80019
935543.907904 1915859.78978
935543.810251 1915859.77943
935543.712683 1915859.78018
935543.606074 1915859.75881
935543.499551 1915859.74853
935543.384158 1915859.73832
935543.268765 1915859.72812
935543.153372 1915859.71791
935543.02911 1915859.70777
935542.913717 1915859.69756
935542.789454 1915859.68742
935542.682931 1915859.67714
935542.558668 1915859.667
935542.461015 1915859.65665
935542.345622 1915859.64644
935542.247968 1915859.6361
935542.141531 1915859.63692
935542.043792 1915859.61548
935541.937184 1915859.59411
935541.8484 1915859.58369
935541.741792 1915859.56232
935541.652923 1915859.54081
935541.546315 1915859.51944
935541.457447 1915859.49794
935541.341883 1915859.46554
935541.235105 1915859.42198
935541.119541 1915859.38958
935541.003893 1915859.34609
935540.87929 1915859.29157
935540.754686 1915859.23706
935540.612173 1915859.16049
935540.4787 1915859.10604
935540.353841 1915859.01824
935540.228982 1915858.93044
935540.104123 1915858.84264
935539.988049 1915858.74368
935539.880929 1915858.65575
935539.782595 1915858.55665
935539.68426 1915858.45755
935539.594795 1915858.35839
935539.505331 1915858.25922
935539.424736 1915858.15999
935539.344141 1915858.06076
935539.281286 1915857.96139
935539.200691 1915857.86215
935539.128966 1915857.76285
935539.057326 1915857.67464
935538.985601 1915857.57534
935538.913961 1915857.48714
935538.842236 1915857.38783
935538.770596 1915857.29963
935538.698956 1915857.21142
935538.627401 1915857.13431
935538.564546 1915857.03494
935538.492991 1915856.95782
935538.430221 1915856.86955
935538.376406 1915856.7923
935538.32259 1915856.71505
935538.268775 1915856.6378
935538.223745 1915856.54939
935538.187755 1915856.4831
935538.142809 1915856.40578
935538.097949 1915856.33955
935538.061874 1915856.26217
935538.025883 1915856.19588
935537.989893 1915856.12958
935537.953988 1915856.07439
935537.926867 1915856.00803
935537.899832 1915855.95276
935537.881667 1915855.89743
935537.854716 1915855.85326
935537.836551 1915855.79792
935537.818471 1915855.75368
935537.80039 1915855.70944
935537.78231 1915855.6652
935537.76423 1915855.62096
935537.746064 1915855.56563
935537.718944 1915855.49927
935537.691908 1915855.444
935537.655833 1915855.36662
935537.628712 1915855.30026
935537.583852 1915855.23403
935537.556817 1915855.17877
935537.520827 1915855.11248
935537.493791 1915855.05721
935537.466756 1915855.00194
935537.430851 1915854.94675
935537.412771 1915854.90251
935537.40373 1915854.88039
935537.385735 1915854.84724
935537.412856 1915854.9136
935537.403816 1915854.89148
935537.403816 1915854.89148
935537.403816 1915854.89148
935537.40373 1915854.88039
935537.40373 1915854.88039
935537.403816 1915854.89148
935537.394861 1915854.88045
935537.403816 1915854.89148
935537.394861 1915854.88045
935537.40373 1915854.88039
935537.40373 1915854.88039
935537.40373 1915854.88039
935537.403816 1915854.89148
935537.412771 1915854.90251
935537.430766 1915854.93565
935537.457716 1915854.97982
935537.484751 1915855.03509
935537.520742 1915855.10138
935537.547777 1915855.15665
935537.574812 1915855.21191
935537.610717 1915855.26711
935537.637667 1915855.31128
935537.655833 1915855.36662
935537.682783 1915855.41079
935537.709733 1915855.45496
935537.727814 1915855.4992
935537.754849 1915855.55447
935537.772929 1915855.59871
935537.808834 1915855.6539
935537.826915 1915855.69814
935537.853865 1915855.74232
935537.871945 1915855.78656
935537.898895 1915855.83073
935537.916976 1915855.87497
935537.934971 1915855.90811
935537.952966 1915855.94126
935537.970961 1915855.9744
935537.980086 1915856.00762
935537.998167 1915856.05186
935538.016162 1915856.085
935538.052067 1915856.1402
935538.070232 1915856.19554
935538.106138 1915856.25073
935538.142298 1915856.33921
935538.187329 1915856.42762
935538.232359 1915856.51604
935538.27739 1915856.60445
935538.313635 1915856.70402
935538.358666 1915856.79243
935538.403696 1915856.88085
935538.439772 1915856.95823
935538.484802 1915857.04664
935538.520878 1915857.12403
935538.556953 1915857.20141
935538.593029 1915857.2788
935538.629104 1915857.35619
935538.665094 1915857.42248
935538.6923 1915857.49993
935538.728375 1915857.57732
935538.773321 1915857.65463
935538.809396 1915857.73202
935538.854427 1915857.82043
935538.899457 1915857.90884
935538.944487 1915857.99726
935538.989518 1915858.08567
935539.034634 1915858.18517
935539.088534 1915858.27352
935539.12478 1915858.37309
935539.17868 1915858.46143
935539.22371 1915858.54985
935539.268741 1915858.63826
935539.313771 1915858.72667
935539.358802 1915858.81508
935539.403747 1915858.8924
935539.448777 1915858.98081
935539.493723 1915859.05813
935539.538753 1915859.14654
935539.583698 1915859.22386
935539.628729 1915859.31227
935539.673759 1915859.40068
935539.727659 1915859.48902
935539.77269 1915859.57744
935539.82659 1915859.66578
935539.88049 1915859.75412
935539.925521 1915859.84253
935539.979336 1915859.91978
935540.033236 1915860.00813
935540.087136 1915860.09647
935540.132082 1915860.17379
935540.185897 1915860.25104
935540.239797 1915860.33938
935540.293527 1915860.40554
935540.347342 1915860.48279
935540.392202 1915860.54901
935540.446017 1915860.62626
935540.499747 1915860.69242
935540.553477 1915860.75857
935540.598337 1915860.8248
935540.660852 1915860.87979
935540.714582 1915860.94594
935540.786136 1915861.02306
935540.848821 1915861.10024
935540.920206 1915861.15517
935540.99176 1915861.23228
935541.063145 1915861.2872
935541.1347 1915861.36432
935541.215039 1915861.43027
935541.286338 1915861.4741
935541.366763 1915861.55115
935541.438062 1915861.59498
935541.509446 1915861.6499
935541.589701 1915861.70476
935541.687609 1915861.74839
935541.776648 1915861.79208
935541.865687 1915861.83578
935541.963681 1915861.8905
935542.06159 1915861.93413
935542.168368 1915861.97768
935542.257322 1915862.01029
935542.390625 1915862.04255
935542.479579 1915862.07515
935542.621751 1915862.10734
935542.728445 1915862.13981
935542.861663 1915862.16097
935542.968271 1915862.18234
935543.110273 1915862.19235
935543.225836 1915862.22475
935543.367839 1915862.23475
935543.483317 1915862.25605
935543.60758 1915862.26619
935543.740797 1915862.28736
935543.874015 1915862.30853
935544.007062 1915862.30751
935544.13141 1915862.32874
935544.273413 1915862.33875
935544.379936 1915862.34902
935544.521938 1915862.35903
935544.637331 1915862.36924
935544.761679 1915862.39047
935544.885942 1915862.40061
935545.018989 1915862.39959
935545.143337 1915862.42083
935545.276469 1915862.4309
935545.391862 1915862.44111
935545.53378 1915862.44002
935545.649173 1915862.45023
935545.782305 1915862.4603
935545.906653 1915862.48153
935546.030831 1915862.48058
935546.163963 1915862.49065
935546.279271 1915862.48977
935546.412489 1915862.51094
935546.527711 1915862.49896
935546.660844 1915862.50903
935546.785106 1915862.51917
935546.918239 1915862.52924
935547.042417 1915862.52829
935547.166764 1915862.54953
935547.273202 1915862.54871
935547.379725 1915862.55899
935547.477294 1915862.55824
935547.539467 1915862.56885
935547.574947 1915862.56858
935547.583817 1915862.56851
935547.574947 1915862.56858
935547.566077 1915862.56865
935547.574947 1915862.56858
935547.574947 1915862.56858
935547.574947 1915862.56858
935547.583817 1915862.56851
935547.574947 1915862.56858
935547.592686 1915862.56845
935547.583817 1915862.56851
935547.592686 1915862.56845
935547.583817 1915862.56851
935547.637036 1915862.56811
935547.663645 1915862.5679
935547.725819 1915862.57852
935547.787908 1915862.57804
935547.858866 1915862.5775
935547.93878 1915862.58798
935548.000869 1915862.5875
935548.080782 1915862.59798
935548.151741 1915862.59744
935548.169481 1915862.5973
935548.098522 1915862.59785
935548.125131 1915862.59764
935548.134001 1915862.59758
935548.134001 1915862.59758
935548.116262 1915862.59771
935548.134001 1915862.59758
935548.125131 1915862.59764
935548.125131 1915862.59764
935548.134001 1915862.59758
935548.125131 1915862.59764
935548.134001 1915862.59758
935548.142871 1915862.59751
935548.142871 1915862.59751
935548.151741 1915862.59744
935548.160611 1915862.59737
935548.125131 1915862.59764
935548.089652 1915862.59792
935548.018694 1915862.59846
935547.94765 1915862.58791
935547.849997 1915862.57757
935547.743559 1915862.57838
935547.619296 1915862.56824
935547.477294 1915862.55824
935547.326506 1915862.55939
935547.166764 1915862.54953
935546.980328 1915862.52877
935546.811716 1915862.51897
935546.634149 1915862.49814
935546.474407 1915862.48827
935546.305795 1915862.47847
935546.146053 1915862.4686
935545.844224 1915862.43764
935545.711091 1915862.42756
935545.560134 1915862.40653
935545.444826 1915862.40742
935545.302738 1915862.38632
935545.187345 1915862.37611
935545.062998 1915862.35487
935544.965344 1915862.34453
935544.849951 1915862.33432
935544.761253 1915862.335
935544.654645 1915862.31363
935544.574816 1915862.31424
935544.477163 1915862.3039
935544.39725 1915862.29342
935544.326291 1915862.29396
935544.246377 1915862.28348
935544.175419 1915862.28402
935544.104375 1915862.27347
935544.042286 1915862.27395
935543.980197 1915862.27443
935543.909154 1915862.26388
935543.829325 1915862.26449
935543.740627 1915862.26517
935543.651844 1915862.25476
935543.54532 1915862.24448
935543.438797 1915862.23421
935543.332274 1915862.22393
935543.110443 1915862.21454
935542.995051 1915862.20433
935542.897482 1915862.20508
935542.78209 1915862.19487
935542.693391 1915862.19555
935542.586783 1915862.17418
935542.498 1915862.16376
935542.400346 1915862.15342
935542.329217 1915862.13178
935542.240349 1915862.11027
935542.178175 1915862.09965
935542.098091 1915862.06698
935542.035917 1915862.05636
935541.973658 1915862.03465
935541.920269 1915862.01287
935541.85801 1915861.99116
935541.778011 1915861.96959
935541.715667 1915861.93678
935541.608973 1915861.90432
935541.528889 1915861.87165
935541.43098 1915861.82802
935541.324117 1915861.77337
935541.234993 1915861.71858
935541.136914 1915861.65276
935541.065529 1915861.59784
935540.976405 1915861.54305
935540.905021 1915861.48812
935540.833636 1915861.4332
935540.780077 1915861.38923
935540.717562 1915861.33424
935540.655048 1915861.27924
935540.574708 1915861.21329
935540.503068 1915861.12508
935540.431428 1915861.03688
935540.351004 1915860.95983
935540.288234 1915860.87155
935540.225464 1915860.78328
935540.162779 1915860.7061
935540.117833 1915860.62878
935540.064018 1915860.55153
935540.028028 1915860.48524
935539.983083 1915860.40792
935539.938138 1915860.3306
935539.911017 1915860.26424
935539.866072 1915860.18693
935539.830082 1915860.12063
935539.794006 1915860.04325
935539.749146 1915859.97702
935539.72194 1915859.89957
935539.67708 1915859.83335
935539.641005 1915859.75596
935539.6051 1915859.70076
935539.569024 1915859.62338
935539.533119 1915859.56818
935539.524079 1915859.54606
935539.514954 1915859.51285
935539.550944 1915859.57914
935539.524164 1915859.55715
935539.523994 1915859.53497
935539.533119 1915859.56818
935539.532949 1915859.54599
935539.533119 1915859.56818
935539.524164 1915859.55715
935539.533119 1915859.56818
935539.533034 1915859.55709
935539.533034 1915859.55709
935539.533034 1915859.55709
935539.533034 1915859.55709
935539.533034 1915859.55709
935539.533034 1915859.55709
935539.533034 1915859.55709
935539.533034 1915859.55709
935539.542159 1915859.5903
935539.560155 1915859.62345
935539.587019 1915859.65652
935539.6051 1915859.70076
935539.632135 1915859.75603
935539.667955 1915859.80013
935539.695075 1915859.86649
935539.730981 1915859.92169
935539.766886 1915859.97689
935539.793921 1915860.03215
935539.829826 1915860.08735
935539.856861 1915860.14262
935539.892767 1915860.19782
935539.919802 1915860.25308
935539.946752 1915860.29725
935539.982742 1915860.36355
935540.027602 1915860.42977
935540.063678 1915860.50715
935540.108623 1915860.58447
935540.162523 1915860.67282
935540.216423 1915860.76116
935540.279279 1915860.86053
935540.333264 1915860.95997
935540.396119 1915861.05934
935540.45002 1915861.14768
935540.512875 1915861.24705
935540.56686 1915861.34649
935540.62963 1915861.43476
935540.68353 1915861.52311
935540.737431 1915861.61145
935540.791331 1915861.69979
935540.854101 1915861.78807
935540.899046 1915861.86539
935540.961731 1915861.94257
935541.006676 1915862.01989
935541.060662 1915862.11932
935541.114392 1915862.18548
935541.168377 1915862.28492
935541.231062 1915862.3621
935541.293917 1915862.46147
935541.356602 1915862.53865
935541.428242 1915862.62686
935541.499967 1915862.72616
935541.553867 1915862.8145
935541.625507 1915862.90271
935541.688277 1915862.99098
935541.759917 1915863.07919
935541.822772 1915863.17856
935541.894327 1915863.25568
935541.957012 1915863.33286
935542.028652 1915863.42106
935542.100206 1915863.49818
935542.162806 1915863.56426
935542.234276 1915863.63028
935542.30583 1915863.7074
935542.448684 1915863.82834
935542.520154 1915863.89436
935542.591623 1915863.96038
935542.680747 1915864.01517
935542.761087 1915864.08112
935542.850296 1915864.14701
935542.93942 1915864.20179
935543.037414 1915864.25652
935543.135493 1915864.32233
935543.242356 1915864.37698
935543.34922 1915864.43164
935543.473823 1915864.48615
935543.598512 1915864.55176
935543.71416 1915864.59526
935543.847633 1915864.6497
935543.980936 1915864.68197
935544.114239 1915864.71423
935544.256497 1915864.75751
935544.407539 1915864.78964
935544.540842 1915864.8219
935544.683015 1915864.85409
935544.825102 1915864.87519
935544.958405 1915864.90745
935545.100493 1915864.92855
935545.24258 1915864.94965
935545.375883 1915864.98191
935545.517885 1915864.99191
935545.659973 1915865.01301
935545.793105 1915865.02309
935545.935193 1915865.04418
935546.068325 1915865.05426
935546.210413 1915865.07536
935546.35233 1915865.07427
935546.485462 1915865.08434
935546.62755 1915865.10544
935546.769552 1915865.11544
935546.902685 1915865.12552
935547.053557 1915865.13545
935547.186689 1915865.14553
935547.328692 1915865.15553
935547.470779 1915865.17663
935547.612696 1915865.17554
935547.745914 1915865.19671
935547.887831 1915865.19562
935548.029834 1915865.20562
935548.162966 1915865.21569
935548.304968 1915865.2257
935548.447056 1915865.2468
935548.5181 1915865.25735
935548.5181 1915865.25735
935548.50036 1915865.25748
935548.473665 1915865.24659
935548.500275 1915865.24639
935548.482535 1915865.24653
935548.500275 1915865.24639
935548.500275 1915865.24639
935548.509145 1915865.24632
935548.553494 1915865.24598
935548.597928 1915865.25674
935548.677757 1915865.25612
935548.766455 1915865.25544
935548.881848 1915865.26565
935548.988371 1915865.27593
935549.094894 1915865.2862
935549.219156 1915865.29635
935549.299155 1915865.31792
935549.236981 1915865.3073
935549.183677 1915865.29662
935549.236981 1915865.3073
935549.254721 1915865.30717
935549.210372 1915865.30751
935549.236981 1915865.3073
935549.228111 1915865.30737
935549.236981 1915865.3073
935549.228111 1915865.30737
935549.228111 1915865.30737
935549.236981 1915865.3073
935549.228111 1915865.30737
935549.236981 1915865.3073
935549.236981 1915865.3073
935549.245851 1915865.30724
935549.245851 1915865.30724
935549.254721 1915865.30717
935549.254721 1915865.30717
935549.254721 1915865.30717
935549.263591 1915865.3071
935549.27246 1915865.30703
935549.29907 1915865.30683
935549.31681 1915865.30669
935549.352374 1915865.31751
935549.387853 1915865.31724
935549.432202 1915865.3169
935549.476637 1915865.32765
935549.512116 1915865.32738
935549.467767 1915865.32772
935549.467682 1915865.31663
935549.485507 1915865.32759
935549.485507 1915865.32759
935549.458812 1915865.3167
935549.485507 1915865.32759
935549.476637 1915865.32765
935549.476637 1915865.32765
935549.485507 1915865.32759
935549.476637 1915865.32765
935549.476637 1915865.32765
935549.476637 1915865.32765
935549.476637 1915865.32765
935549.485507 1915865.32759
935549.476637 1915865.32765
935549.485507 1915865.32759
935549.432202 1915865.3169
935549.405593 1915865.3171
935549.31681 1915865.30669
935549.245766 1915865.29614
935549.148198 1915865.29689
935549.050545 1915865.28655
935548.935152 1915865.27634
935548.819759 1915865.26613
935548.695496 1915865.25599
935548.588973 1915865.24571
935548.473665 1915865.24659
935548.358273 1915865.23639
935548.242795 1915865.21508
935548.136357 1915865.2159
935548.029749 1915865.19453
935547.923311 1915865.19534
935547.834527 1915865.18493
935547.745829 1915865.18561
935547.648176 1915865.17527
935547.559478 1915865.17595
935547.479479 1915865.15437
935547.40852 1915865.15492
935547.328692 1915865.15553
935547.266518 1915865.14491
935547.195559 1915865.14546
935547.133385 1915865.13484
935547.071211 1915865.12422
935547.009123 1915865.1247
935546.946949 1915865.11408
935546.884775 1915865.10346
935546.813731 1915865.09291
935546.724948 1915865.0825
935546.645119 1915865.08311
935546.547466 1915865.07277
935546.467553 1915865.06229
935546.361029 1915865.05201
935546.263376 1915865.04167
935546.156853 1915865.03139
935546.05033 1915865.02111
935545.934852 1915864.99981
935545.828414 1915865.00063
935545.704066 1915864.97939
935545.588759 1915864.98028
935545.464411 1915864.95904
935545.340233 1915864.95999
935545.207016 1915864.93883
935545.082753 1915864.92869
935544.949535 1915864.90752
935544.816403 1915864.89745
935544.692055 1915864.87621
935544.549967 1915864.85511
935544.434489 1915864.83381
935544.292402 1915864.81271
935544.176839 1915864.78031
935544.052406 1915864.74799
935543.928058 1915864.72675
935543.80354 1915864.68333
935543.679107 1915864.651
935543.563458 1915864.60751
935543.43894 1915864.56408
935543.323207 1915864.5095
935543.207473 1915864.45491
935543.09174 1915864.40033
935542.993746 1915864.34561
935542.877927 1915864.27993
935542.788803 1915864.22514
935542.681769 1915864.1483
935542.59256 1915864.08242
935542.503351 1915864.01653
935542.414142 1915863.95065
935542.324847 1915863.87367
935542.244508 1915863.80772
935542.172953 1915863.73061
935542.092529 1915863.65356
935542.020974 1915863.57645
935541.949249 1915863.47715
935541.868739 1915863.38901
935541.797099 1915863.3008
935541.725374 1915863.2015
935541.653564 1915863.0911
935541.581839 1915862.9918
935541.527769 1915862.88127
935541.473783 1915862.78183
935541.401888 1915862.66034
935541.338948 1915862.54988
935541.284962 1915862.45044
935541.230892 1915862.33991
935541.176906 1915862.24047
935541.113966 1915862.13001
935541.068936 1915862.0416
935541.014865 1915861.93107
935540.969835 1915861.84265
935540.915849 1915861.74322
935540.870904 1915861.6659
935540.825874 1915861.57749
935540.789883 1915861.5112
935540.762933 1915861.46702
935540.745023 1915861.44497
935540.744938 1915861.43388
935540.753893 1915861.4449
935540.753893 1915861.4449
935540.753978 1915861.456
935540.753978 1915861.456
935540.753978 1915861.456
935540.753893 1915861.4449
935540.762848 1915861.45593
935540.753978 1915861.456
935540.753978 1915861.456
935540.753978 1915861.456
935540.753978 1915861.456
935540.753978 1915861.456
935540.762933 1915861.46702
935540.781013 1915861.51126
935540.808049 1915861.56653
935540.861864 1915861.64378
935540.915849 1915861.74322
935540.960965 1915861.84272
935541.041815 1915861.97524
935541.096056 1915862.10796
935541.167951 1915862.22945
935541.230977 1915862.351
935541.294002 1915862.47256
935541.356943 1915862.58303
935541.419968 1915862.70458
935541.491778 1915862.81498
935541.545849 1915862.92551
935541.671815 1915863.15753
935541.7258 1915863.25697
935541.788741 1915863.36743
935541.842726 1915863.46687
935541.896711 1915863.56631
935541.950697 1915863.66575
935541.995812 1915863.76525
935542.049627 1915863.8425
935542.103613 1915863.94194
935542.148558 1915864.01926
935542.193588 1915864.10767
935542.238533 1915864.18499
935542.283564 1915864.2734
935542.328509 1915864.35071
935542.373454 1915864.42803
935542.418399 1915864.50535
935542.463345 1915864.58267
935542.50829 1915864.65999
935542.553235 1915864.7373
935542.59818 1915864.81462
935542.643126 1915864.89194
935542.697026 1915864.98028
935542.750926 1915865.06863
935542.804911 1915865.16806
935542.867681 1915865.25634
935542.921667 1915865.35578
935542.993392 1915865.45508
935543.056332 1915865.56554
935543.136927 1915865.66477
935543.199697 1915865.75305
935543.271337 1915865.84126
935543.334021 1915865.91844
935543.405661 1915866.00665
935543.468346 1915866.08383
935543.539816 1915866.14985
935543.593631 1915866.2271
935543.6651 1915866.29312
935543.73657 1915866.35914
935543.816909 1915866.42509
935543.906203 1915866.50206
935543.986543 1915866.56802
935544.075837 1915866.64499
935544.156091 1915866.69985
935544.23643 1915866.7658
935544.316599 1915866.80957
935544.405723 1915866.86435
935544.477023 1915866.90819
935544.557192 1915866.95195
935544.628406 1915866.98469
935544.708575 1915867.02845
935544.788658 1915867.06112
935544.877697 1915867.10481
935544.975521 1915867.13735
935545.091084 1915867.16975
935545.206732 1915867.21324
935545.34899 1915867.25652
935545.508902 1915867.28858
935545.668729 1915867.30954
935545.828556 1915867.3305
935545.979429 1915867.34044
935546.139085 1915867.33922
935546.298912 1915867.36018
935546.467524 1915867.36998
935546.618396 1915867.37992
935546.795878 1915867.38965
935546.92901 1915867.39972
935547.115362 1915867.40939
935547.257449 1915867.43048
935547.426061 1915867.44028
935547.568148 1915867.46138
935547.745545 1915867.46002
935547.887547 1915867.47003
935548.065029 1915867.47976
935548.207116 1915867.50086
935548.375643 1915867.49956
935548.526515 1915867.5095
935548.695127 1915867.5193
935548.854783 1915867.51808
935549.023395 1915867.52788
935549.192007 1915867.53768
935549.351749 1915867.54755
935549.511491 1915867.55741
935549.671148 1915867.55619
935549.839759 1915867.56599
935549.990632 1915867.57593
935550.150373 1915867.5858
935550.301246 1915867.59573
935550.460987 1915867.6056
935550.567511 1915867.61588
935550.718383 1915867.62581
935550.709598 1915867.63698
935550.620729 1915867.61547
935550.647339 1915867.61527
935550.673948 1915867.61506
935550.665079 1915867.61513
935550.638469 1915867.61533
935550.665079 1915867.61513
935550.665079 1915867.61513
935550.647339 1915867.61527
935550.665079 1915867.61513
935550.656209 1915867.6152
935550.656209 1915867.6152
935550.656209 1915867.6152
935550.656209 1915867.6152
935550.656209 1915867.6152
935550.656209 1915867.6152
935550.656209 1915867.6152
935550.656209 1915867.6152
935550.656209 1915867.6152
935550.656209 1915867.6152
935550.656209 1915867.6152
935550.656209 1915867.6152
935550.656209 1915867.6152
935550.656209 1915867.6152
935550.656209 1915867.6152
935550.656209 1915867.6152
935550.656209 1915867.6152
935550.656209 1915867.6152
935550.656209 1915867.6152
935550.656209 1915867.6152
935550.656209 1915867.6152
935550.656209 1915867.6152
935550.656209 1915867.6152
935550.656209 1915867.6152
935550.656209 1915867.6152
935550.656209 1915867.6152
935550.665079 1915867.61513
935550.665079 1915867.61513
935550.673948 1915867.61506
935550.682818 1915867.61499
935550.691688 1915867.61492
935550.682818 1915867.61499
935550.647339 1915867.61527
935550.61186 1915867.61554
935550.540816 1915867.60499
935550.469772 1915867.59444
935550.372204 1915867.59519
935550.265681 1915867.58491
935550.159243 1915867.58573
935550.026111 1915867.57565
935549.901848 1915867.56551
935549.768801 1915867.56653
935549.653408 1915867.55633
935549.511406 1915867.54632
935549.404883 1915867.53604
935549.280705 1915867.537
935549.174097 1915867.51563
935549.067659 1915867.51644
935548.961051 1915867.49507
935548.863483 1915867.49582
935548.7747 1915867.48541
935548.677132 1915867.48616
935548.588348 1915867.47574
935548.49078 1915867.47649
935548.384257 1915867.46621
935548.286604 1915867.45587
935548.171211 1915867.44566
935548.073558 1915867.43531
935547.967035 1915867.42504
935547.869467 1915867.42579
935547.771814 1915867.41544
935547.68303 1915867.40503
935547.594332 1915867.40571
935547.514419 1915867.39523
935547.43459 1915867.39584
935547.354677 1915867.38536
935547.265978 1915867.38604
935547.17711 1915867.36453
935547.079542 1915867.36528
935546.981889 1915867.35494
935546.875451 1915867.35575
935546.742318 1915867.34568
935546.618056 1915867.33554
935546.467184 1915867.3256
935546.333966 1915867.30444
935546.174224 1915867.29457
935546.049876 1915867.27333
935545.881179 1915867.25244
935545.748047 1915867.24237
935545.588135 1915867.21031
935545.455002 1915867.20024
935545.303875 1915867.15702
935545.179527 1915867.13578
935544.903966 1915867.06023
935544.761623 1915867.00585
935544.63719 1915866.97352
935544.512587 1915866.91901
935544.396854 1915866.86442
935544.290075 1915866.82086
935544.165472 1915866.76635
935544.067393 1915866.70053
935543.960529 1915866.64588
935543.862535 1915866.59116
935543.675247 1915866.45946
935543.586123 1915866.40467
935543.505784 1915866.33872
935543.425445 1915866.27277
935543.34502 1915866.19572
935543.255726 1915866.11874
935543.175301 1915866.0417
935543.085922 1915865.95363
935542.996457 1915865.85446
935542.906907 1915865.7442
935542.817358 1915865.63394
935542.745462 1915865.51245
935542.664697 1915865.39103
935542.601672 1915865.26948
935542.520907 1915865.14805
935542.475621 1915865.02636
935542.403811 1915864.91596
935542.340785 1915864.79441
935542.286715 1915864.68388
935542.223774 1915864.57341
935542.160834 1915864.46295
935542.106763 1915864.35242
935542.052693 1915864.24188
935541.998707 1915864.14245
935541.953592 1915864.04294
935541.917431 1915863.95446
935541.890396 1915863.8992
935541.890396 1915863.8992
935541.908391 1915863.93234
935541.908476 1915863.94344
935541.890481 1915863.91029
935541.899521 1915863.93241
935541.890396 1915863.8992
935541.899351 1915863.91022
935541.890396 1915863.8992
935541.890396 1915863.8992
935541.890396 1915863.8992
935541.890396 1915863.8992
935541.890481 1915863.91029
935541.890396 1915863.8992
935541.890396 1915863.8992
935541.890396 1915863.8992
935541.890481 1915863.91029
935541.890396 1915863.8992
935541.890396 1915863.8992
935541.890396 1915863.8992
935541.890396 1915863.8992
935541.890396 1915863.8992
935541.890396 1915863.8992
935541.890396 1915863.8992
935541.890481 1915863.91029
935541.890396 1915863.8992
935541.890396 1915863.8992
935541.890396 1915863.8992
935541.890481 1915863.91029
935541.890481 1915863.91029
935541.890396 1915863.8992
935541.890396 1915863.8992
935541.890396 1915863.8992
935541.890396 1915863.8992
935541.890396 1915863.8992
