935551.255776 1915907.59578 0
935551.255776 1915907.59578 0
935551.255776 1915907.59578 0
935551.255861 1915907.60688 0
935551.255776 1915907.59578 0
935551.255861 1915907.60688 0
935551.255861 1915907.60688 0
935551.255776 1915907.59578 0
935551.255861 1915907.60688 0
935551.255776 1915907.59578 0
935551.255861 1915907.60688 0
935551.255776 1915907.59578 0
935551.255861 1915907.60688 0
935551.255776 1915907.59578 0
935551.255861 1915907.60688 0
935551.255776 1915907.59578 0
935551.255776 1915907.59578 0
935551.255776 1915907.59578 0
935551.255776 1915907.59578 0
935551.255776 1915907.59578 0
935551.255776 1915907.59578 0
935551.246992 1915907.60695 0
935551.238122 1915907.60701 0
935551.229337 1915907.61818 0
935551.211598 1915907.61831 0
935551.185074 1915907.62961 0
935551.158635 1915907.652 0
935551.123241 1915907.66337 0
935551.079062 1915907.6859 0
935551.034883 1915907.70843 0
935550.990705 1915907.73095 0
935550.937741 1915907.76464 0
935550.875823 1915907.78731 0
935550.82286 1915907.821 0
935550.769812 1915907.8436 0
935550.707979 1915907.87735 0
935550.637276 1915907.91118 0
935550.566573 1915907.94501 0
935550.50474 1915907.97877 0
935550.434122 1915908.02369 0
935550.36342 1915908.05751 0
935550.283847 1915908.09141 0
935550.213144 1915908.12523 0
935550.142527 1915908.17016 0
935550.071824 1915908.20398 0
935549.992336 1915908.24897 0
935549.921719 1915908.29389 0
935549.842231 1915908.33888 0
935549.762659 1915908.37277 0
935549.683171 1915908.41776 0
935549.594814 1915908.46282 0
935549.515327 1915908.50781 0
935549.427055 1915908.56396 0
935549.338698 1915908.60902 0
935549.232601 1915908.65421 0
935549.144329 1915908.71036 0
935549.047187 1915908.76658 0
935548.950045 1915908.8228 0
935548.844034 1915908.87909 0
935548.746807 1915908.92421 0
935548.649665 1915908.98043 0
935548.552523 1915909.03665 0
935548.455381 1915909.09287 0
935548.349455 1915909.16025 0
935548.243358 1915909.20544 0
935548.146301 1915909.27275 0
935548.04029 1915909.32904 0
935547.934278 1915909.38533 0
935547.828267 1915909.44162 0
935547.731125 1915909.49783 0
935547.625198 1915909.56522 0
935547.519187 1915909.6215 0
935547.413175 1915909.67779 0
935547.307164 1915909.73408 0
935547.201237 1915909.80146 0
935547.095226 1915909.85774 0
935546.998084 1915909.91396 0
935546.892072 1915909.97025 0
935546.786146 1915910.03763 0
935546.671265 1915910.09399 0
935546.565253 1915910.15027 0
935546.459327 1915910.21765 0
935546.362185 1915910.27387 0
935546.247389 1915910.34132 0
935546.141377 1915910.39761 0
935546.026581 1915910.46506 0
935545.920569 1915910.52135 0
935545.805773 1915910.5888 0
935545.690977 1915910.65624 0
935545.576181 1915910.72369 0
935545.461385 1915910.79114 0
935545.346503 1915910.8475 0
935545.231707 1915910.91495 0
935545.108041 1915910.98246 0
935544.993245 1915911.04991 0
935544.860709 1915911.1175 0
935544.745998 1915911.19604 0
935544.622333 1915911.26356 0
935544.498667 1915911.33108 0
935544.375001 1915911.39859 0
935544.251335 1915911.46611 0
935544.136453 1915911.52247 0
935544.012788 1915911.58998 0
935543.889122 1915911.6575 0
935543.765371 1915911.71392 0
935543.641705 1915911.78144 0
935543.518039 1915911.84896 0
935543.385503 1915911.91654 0
935543.252967 1915911.98413 0
935543.120432 1915912.05171 0
935542.987896 1915912.1193 0
935542.85536 1915912.18689 0
935542.722739 1915912.24338 0
935542.581334 1915912.31103 0
935542.457668 1915912.37855 0
935542.316263 1915912.4462 0
935542.192597 1915912.51372 0
935542.033452 1915912.58151 0
935541.909701 1915912.63793 0
935541.759511 1915912.71675 0
935541.62689 1915912.77324 0
935541.4767 1915912.85205 0
935541.344164 1915912.91964 0
935541.193889 1915912.98736 0
935541.061268 1915913.04385 0
935540.911078 1915913.12267 0
935540.778543 1915913.19025 0
935540.619483 1915913.26914 0
935540.486862 1915913.32563 0
935540.336587 1915913.39335 0
935540.195181 1915913.461 0
935540.044906 1915913.52872 0
935539.894631 1915913.59645 0
935539.753226 1915913.6641 0
935539.61182 1915913.73175 0
935539.479285 1915913.79934 0
935539.329095 1915913.87815 0
935539.196474 1915913.93464 0
935539.055154 1915914.01339 0
935538.913748 1915914.08105 0
935538.763473 1915914.14877 0
935538.631023 1915914.22745 0
935538.489532 1915914.28401 0
935538.357082 1915914.36269 0
935538.215676 1915914.43034 0
935538.083226 1915914.50902 0
935537.94182 1915914.57667 0
935537.800415 1915914.64433 0
935537.676749 1915914.71184 0
935537.535344 1915914.7795 0
935537.420548 1915914.84695 0
935537.279142 1915914.9146 0
935537.164346 1915914.98205 0
935537.023026 1915915.0608 0
935536.899275 1915915.11722 0
935536.757955 1915915.19597 0
935536.625419 1915915.26355 0
935536.492969 1915915.34223 0
935536.360433 1915915.40982 0
935536.219113 1915915.48857 0
935536.077708 1915915.55622 0
935535.945172 1915915.6238 0
935535.803852 1915915.70255 0
935535.671317 1915915.77014 0
935535.529996 1915915.84888 0
935535.397461 1915915.91647 0
935535.256141 1915915.99522 0
935535.114821 1915916.07397 0
935534.991155 1915916.14148 0
935534.849835 1915916.22023 0
935534.726169 1915916.28775 0
935534.584849 1915916.3665 0
935534.443443 1915916.43415 0
935534.310993 1915916.51283 0
935534.169673 1915916.59158 0
935534.037223 1915916.67026 0
935533.904687 1915916.73784 0
935533.772151 1915916.80543 0
935533.639701 1915916.88411 0
935533.516035 1915916.95162 0
935533.374715 1915917.03037 0
935533.259919 1915917.09782 0
935533.118599 1915917.17657 0
935533.003803 1915917.24402 0
935532.871353 1915917.3227 0
935532.747687 1915917.39021 0
935532.615152 1915917.4578 0
935532.500356 1915917.52525 0
935532.376775 1915917.60386 0
935532.253109 1915917.67138 0
935532.129529 1915917.74999 0
935532.005778 1915917.80641 0
935531.873327 1915917.88509 0
935531.749662 1915917.95261 0
935531.617211 1915918.03129 0
935531.493631 1915918.1099 0
935531.361181 1915918.18858 0
935531.228645 1915918.25617 0
935531.105064 1915918.33478 0
935530.972614 1915918.41346 0
935530.840164 1915918.49214 0
935530.716498 1915918.55965 0
935530.584048 1915918.63833 0
935530.451598 1915918.71701 0
935530.319062 1915918.7846 0
935530.186612 1915918.86328 0
935530.054161 1915918.94196 0
935529.930581 1915919.02057 0
935529.789346 1915919.11041 0
935529.656811 1915919.178 0
935529.52436 1915919.25668 0
935529.400865 1915919.34638 0
935529.268329 1915919.41397 0
935529.135964 1915919.50374 0
935529.003514 1915919.58242 0
935528.871064 1915919.6611 0
935528.747483 1915919.73971 0
935528.597379 1915919.82962 0
935528.491453 1915919.897 0
935528.350218 1915919.98684 0
935528.244377 1915920.06532 0
935528.111927 1915920.144 0
935527.997301 1915920.23364 0
935527.864851 1915920.31232 0
935527.75031 1915920.41305 0
935527.626815 1915920.50275 0
935527.512189 1915920.59239 0
935527.37991 1915920.69326 0
935527.247545 1915920.78303 0
935527.133089 1915920.89486 0
935527.000809 1915920.99573 0
935526.886439 1915921.11864 0
935526.75416 1915921.21951 0
935526.639704 1915921.33134 0
935526.525164 1915921.43207 0
935526.410709 1915921.54389 0
935526.296169 1915921.64463 0
935526.190583 1915921.75638 0
935526.084998 1915921.86814 0
935525.979327 1915921.9688 0
935525.882612 1915922.08049 0
935525.777026 1915922.19225 0
935525.680311 1915922.30394 0
935525.58351 1915922.40454 0
935525.486794 1915922.51622 0
935525.398948 1915922.62785 0
935525.302233 1915922.73954 0
935525.205602 1915922.86232 0
935525.108887 1915922.97401 0
935525.021041 1915923.08563 0
935524.924496 1915923.21951 0
935524.827865 1915923.34229 0
935524.72245 1915923.47624 0
935524.62582 1915923.59902 0
935524.52936 1915923.74399 0
935524.432815 1915923.87787 0
935524.327485 1915924.02291 0
935524.231025 1915924.16788 0
935524.12578 1915924.32401 0
935524.020451 1915924.46905 0
935523.933031 1915924.63614 0
935523.827786 1915924.79228 0
935523.731411 1915924.94834 0
935523.643991 1915925.11543 0
935523.547617 1915925.2715 0
935523.451327 1915925.43866 0
935523.372777 1915925.60568 0
935523.285442 1915925.78387 0
935523.206807 1915925.93979 0
935523.137127 1915926.10675 0
935523.058577 1915926.27377 0
935522.997851 1915926.45175 0
935522.937041 1915926.61864 0
935522.867531 1915926.80778 0
935522.824374 1915926.96344 0
935522.772604 1915927.15245 0
935522.729448 1915927.3081 0
935522.686632 1915927.50814 0
935522.643561 1915927.67489 0
935522.60953 1915927.86376 0
935522.584114 1915928.01928 0
935522.558953 1915928.20808 0
935522.533706 1915928.38579 0
935522.508545 1915928.57459 0
935522.483128 1915928.73011 0
935522.466837 1915928.91885 0
935522.450375 1915929.08539 0
935522.434084 1915929.27413 0
935522.417622 1915929.44068 0
935522.401246 1915929.61832 0
935522.384869 1915929.79596 0
935522.377362 1915929.97353 0
935522.369855 1915930.1511 0
935522.353394 1915930.31765 0
935522.354757 1915930.49515 0
935522.347165 1915930.66163 0
935522.339658 1915930.8392 0
935522.332151 1915931.01678 0
935522.333514 1915931.19428 0
935522.326007 1915931.37185 0
935522.345024 1915931.53813 0
935522.337518 1915931.7157 0
935522.35662 1915931.89307 0
935522.357983 1915932.07057 0
935522.377085 1915932.24794 0
935522.387318 1915932.42537 0
935522.406421 1915932.60274 0
935522.434393 1915932.78004 0
935522.45341 1915932.94632 0
935522.481468 1915933.13471 0
935522.518224 1915933.30085 0
935522.537412 1915933.48931 0
935522.583124 1915933.66647 0
935522.611011 1915933.83268 0
935522.656808 1915934.02094 0
935522.693564 1915934.18708 0
935522.739276 1915934.36424 0
935522.784903 1915934.53031 0
935522.830614 1915934.70747 0
935522.876241 1915934.87354 0
935522.939607 1915935.03948 0
935522.994188 1915935.21657 0
935523.048599 1915935.37148 0
935523.103181 1915935.54858 0
935523.166462 1915935.70341 0
935523.220958 1915935.86942 0
935523.284239 1915936.02426 0
935523.347605 1915936.19019 0
935523.410885 1915936.34503 0
935523.474166 1915936.49987 0
935523.537447 1915936.65471 0
935523.600728 1915936.80955 0
935523.663923 1915936.95329 0
935523.727204 1915937.10813 0
935523.79927 1915937.25181 0
935523.862636 1915937.41774 0
935523.934701 1915937.56142 0
935524.006851 1915937.71619 0
935524.079002 1915937.87096 0
935524.151153 1915938.02573 0
935524.232088 1915938.16934 0
935524.304323 1915938.33521 0
935524.385258 1915938.47882 0
935524.466364 1915938.64462 0
935524.547299 1915938.78823 0
935524.619364 1915938.9319 0
935524.700299 1915939.07551 0
935524.781234 1915939.21912 0
935524.853385 1915939.37389 0
935524.934235 1915939.50641 0
935525.0063 1915939.65009 0
935525.078451 1915939.80486 0
935525.150431 1915939.93744 0
935525.231366 1915940.08105 0
935525.312301 1915940.22466 0
935525.393321 1915940.37936 0
935525.474256 1915940.52297 0
935525.555276 1915940.67767 0
935525.636211 1915940.82128 0
935525.708362 1915940.97606 0
935525.789297 1915941.11966 0
935525.870232 1915941.26327 0
935525.951252 1915941.41798 0
935526.023232 1915941.55056 0
935526.113122 1915941.7052 0
935526.176233 1915941.83785 0
935526.266037 1915941.98139 0
935526.338103 1915942.12507 0
935526.419038 1915942.26868 0
935526.491018 1915942.40126 0
935526.571953 1915942.54487 0
935526.644018 1915942.68855 0
935526.724953 1915942.83215 0
935526.805803 1915942.96467 0
935526.886823 1915943.11937 0
935526.967758 1915943.26298 0
935527.039823 1915943.40666 0
935527.129713 1915943.5613 0
935527.201779 1915943.70497 0
935527.291668 1915943.85961 0
935527.363819 1915944.01438 0
935527.453709 1915944.16901 0
935527.534729 1915944.32372 0
935527.624619 1915944.47835 0
935527.705809 1915944.65524 0
935527.795699 1915944.80988 0
935527.885759 1915944.9867 0
935527.966865 1915945.1525 0
935528.065624 1915945.30707 0
935528.155599 1915945.4728 0
935528.245575 1915945.63853 0
935528.335464 1915945.79316 0
935528.425354 1915945.9478 0
935528.524199 1915946.11346 0
935528.605219 1915946.26816 0
935528.703979 1915946.42273 0
935528.793869 1915946.57736 0
935528.892713 1915946.74302 0
935528.982603 1915946.89766 0
935529.081448 1915947.06332 0
935529.171338 1915947.21796 0
935529.261313 1915947.38369 0
935529.342333 1915947.53839 0
935529.441178 1915947.70405 0
935529.522198 1915947.85875 0
935529.603218 1915948.01346 0
935529.693193 1915948.17919 0
935529.774213 1915948.33389 0
935529.864103 1915948.48852 0
935529.945123 1915948.64323 0
935530.026143 1915948.79793 0
935530.107248 1915948.96373 0
935530.188268 1915949.11843 0
935530.269288 1915949.27314 0
935530.350308 1915949.42784 0
935530.431328 1915949.58254 0
935530.512434 1915949.74834 0
935530.593454 1915949.90304 0
935530.674474 1915950.05775 0
935530.746624 1915950.21252 0
935530.827729 1915950.37832 0
935530.89988 1915950.53309 0
935530.980985 1915950.69888 0
935531.06209 1915950.86468 0
935531.14311 1915951.01938 0
935531.21526 1915951.17416 0
935531.296366 1915951.33995 0
935531.377386 1915951.49466 0
935531.458491 1915951.66045 0
935531.539511 1915951.81516 0
935531.620616 1915951.98096 0
935531.701636 1915952.13566 0
935531.782741 1915952.30146 0
935531.863846 1915952.46725 0
935531.944866 1915952.62196 0
935532.017102 1915952.78782 0
935532.089252 1915952.94259 0
935532.170357 1915953.10839 0
935532.251462 1915953.27419 0
935532.323613 1915953.42896 0
935532.404633 1915953.58366 0
935532.485908 1915953.77165 0
935532.566843 1915953.91526 0
935532.647948 1915954.08106 0
935532.720098 1915954.23583 0
935532.810073 1915954.40156 0
935532.882309 1915954.56742 0
935532.963243 1915954.71103 0
935533.053303 1915954.88785 0
935533.125454 1915955.04263 0
935533.215428 1915955.20836 0
935533.296534 1915955.37415 0
935533.377639 1915955.53995 0
935533.422669 1915955.62836 0
935533.530468 1915955.80505 0
935533.584538 1915955.91558 0
935533.674683 1915956.1035 0
935533.746493 1915956.21389 0
935533.818813 1915956.39085 0
935533.935653 1915956.58966 0
935533.998508 1915956.68903 0
935534.097523 1915956.87688 0
935534.160462 1915956.98734 0
935534.250607 1915957.17526 0
935534.322502 1915957.29675 0
935534.403692 1915957.47364 0
935534.493497 1915957.61718 0
935534.574602 1915957.78298 0
935534.664492 1915957.93761 0
935534.745511 1915958.09232 0
935534.826446 1915958.23593 0
935534.916421 1915958.40166 0
935534.988571 1915958.55643 0
935535.08733 1915958.711 0
935535.168436 1915958.87679 0
935535.249455 1915959.0315 0
935535.33943 1915959.19723 0
935535.42932 1915959.35186 0
935535.528249 1915959.52862 0
935535.618139 1915959.68325 0
935535.708114 1915959.84898 0
935535.798003 1915960.00362 0
935535.896933 1915960.18037 0
935536.004562 1915960.33487 0
935536.094452 1915960.48951 0
935536.211121 1915960.66612 0
935536.309795 1915960.8096 0
935536.426379 1915960.97512 0
935536.542707 1915961.10737 0
935536.659291 1915961.27289 0
935536.775619 1915961.40513 0
935536.909858 1915961.55943 0
935537.035141 1915961.7027 0
935537.169209 1915961.8348 0
935537.303276 1915961.96691 0
935537.446214 1915962.09895 0
935537.580197 1915962.21996 0
935537.723134 1915962.352 0
935537.865816 1915962.45076 0
935538.017538 1915962.57164 0
935538.16909 1915962.67032 0
935538.320727 1915962.78011 0
935538.472279 1915962.8788 0
935538.6327 1915962.97742 0
935538.801906 1915963.06487 0
935538.953373 1915963.15247 0
935539.113709 1915963.24 0
935539.274045 1915963.32752 0
935539.434296 1915963.40395 0
935539.612287 1915963.48025 0
935539.772453 1915963.54559 0
935539.950358 1915963.61079 0
935540.101569 1915963.6651 0
935540.297299 1915963.74126 0
935540.457295 1915963.78442 0
935540.635115 1915963.83852 0
935540.81285 1915963.88154 0
935540.98163 1915963.91353 0
935541.141711 1915963.96777 0
935541.328231 1915963.99962 0
935541.497011 1915964.03161 0
935541.665706 1915964.05251 0
935541.834401 1915964.0734 0
935542.011965 1915964.09423 0
935542.189445 1915964.10396 0
935542.358055 1915964.11376 0
935542.544319 1915964.11233 0
935542.703889 1915964.10001 0
935542.899023 1915964.09851 0
935543.058507 1915964.0751 0
935543.253556 1915964.06251 0
935543.42191 1915964.03902 0
935543.607919 1915964.00431 0
935543.776188 1915963.96974 0
935543.970981 1915963.92386 0
935544.130296 1915963.87826 0
935544.316304 1915963.84355 0
935544.475448 1915963.77576 0
935544.652417 1915963.71893 0
935544.811646 1915963.66223 0
935544.98853 1915963.59431 0
935545.156543 1915963.52645 0
935545.333342 1915963.44743 0
935545.492486 1915963.37964 0
935545.660329 1915963.28959 0
935545.828173 1915963.19955 0
935545.987231 1915963.12067 0
935546.14629 1915963.04178 0
935546.305264 1915962.9518 0
935546.473193 1915962.87285 0
935546.623382 1915962.79404 0
935546.800095 1915962.70392 0
935546.950284 1915962.62511 0
935547.109343 1915962.54622 0
935547.259447 1915962.45632 0
935547.427376 1915962.37736 0
935547.595219 1915962.28732 0
935547.745409 1915962.2085 0
935547.930906 1915962.10723 0
935548.08988 1915962.01725 0
935548.257638 1915961.91611 0
935548.416697 1915961.83723 0
935548.619849 1915961.72472 0
935548.787608 1915961.62358 0
935548.946667 1915961.5447 0
935549.11434 1915961.43246 0
935549.264529 1915961.35365 0
935549.423503 1915961.26367 0
935549.555953 1915961.18499 0
935549.750235 1915961.07255 0
935549.900339 1915960.98264 0
935550.077053 1915960.89253 0
935550.227157 1915960.80262 0
935550.395 1915960.71257 0
935550.536235 1915960.62273 0
935550.695294 1915960.54385 0
935550.827743 1915960.46517 0
935550.986802 1915960.38629 0
935551.110383 1915960.30768 0
935551.260657 1915960.23995 0
935551.393107 1915960.16128 0
935551.534597 1915960.10472 0
935551.658177 1915960.0261 0
935551.772972 1915959.95866 0
935551.914462 1915959.9021 0
935552.029258 1915959.83465 0
935552.152923 1915959.76713 0
935552.267804 1915959.71078 0
935552.391554 1915959.65435 0
935552.506435 1915959.598 0
935552.62123 1915959.53055 0
935552.736111 1915959.47419 0
935552.850992 1915959.41784 0
935552.965787 1915959.35039 0
935553.098492 1915959.30499 0
935553.222073 1915959.22638 0
935553.354693 1915959.16989 0
935553.487228 1915959.1023 0
935553.637587 1915959.04568 0
935553.770122 1915958.97809 0
935553.929181 1915958.89921 0
935554.079456 1915958.83149 0
935554.229645 1915958.75267 0
935554.397574 1915958.67372 0
935554.556718 1915958.60593 0
935554.715777 1915958.52705 0
935554.883706 1915958.4481 0
935555.042765 1915958.36921 0
935555.201909 1915958.30142 0
935555.360883 1915958.21145 0
935555.528812 1915958.13249 0
935555.687871 1915958.05361 0
935555.83806 1915957.9748 0
935555.997119 1915957.89591 0
935556.165048 1915957.81696 0
935556.315153 1915957.72705 0
935556.465342 1915957.64824 0
935556.624401 1915957.56935 0
935556.77459 1915957.49054 0
935556.933649 1915957.41165 0
935557.083839 1915957.33284 0
935557.234028 1915957.25402 0
935557.384132 1915957.16411 0
935557.534407 1915957.09639 0
935557.693466 1915957.01751 0
935557.825916 1915956.93883 0
935557.984975 1915956.85995 0
935558.12638 1915956.79229 0
935558.2677 1915956.71355 0
935558.417889 1915956.63473 0
935558.559294 1915956.56708 0
935558.718268 1915956.4771 0
935558.859587 1915956.39835 0
935559.009862 1915956.33063 0
935559.160051 1915956.25182 0
935559.301371 1915956.17307 0
935559.451561 1915956.09425 0
935559.592965 1915956.0266 0
935559.725415 1915955.94792 0
935559.86682 1915955.88027 0
935559.99927 1915955.80159 0
935560.122936 1915955.73407 0
935560.255471 1915955.66649 0
935560.379051 1915955.58788 0
935560.511671 1915955.53139 0
935560.626467 1915955.46394 0
935560.741177 1915955.38539 0
935560.856058 1915955.32904 0
935560.970854 1915955.26159 0
935561.06791 1915955.19428 0
935561.182791 1915955.13792 0
935561.279932 1915955.0817 0
935561.385943 1915955.02542 0
935561.474215 1915954.96927 0
935561.571356 1915954.91305 0
935561.668412 1915954.84573 0
