935532.708778 1915846.46229
935532.708778 1915846.46229
935532.708778 1915846.46229
935532.708778 1915846.46229
935532.708778 1915846.46229
935532.708778 1915846.46229
935532.708778 1915846.46229
935532.708778 1915846.46229
935532.699908 1915846.46236
935532.708778 1915846.46229
935532.708778 1915846.46229
935532.699908 1915846.46236
935532.708778 1915846.46229
935532.708778 1915846.46229
935532.708778 1915846.46229
935532.699908 1915846.46236
935532.708778 1915846.46229
935532.699908 1915846.46236
935532.708778 1915846.46229
935532.708778 1915846.46229
935532.708778 1915846.46229
935532.699908 1915846.46236
935532.708778 1915846.46229
935532.699908 1915846.46236
935532.708778 1915846.46229
935532.699908 1915846.46236
935532.708778 1915846.46229
935532.699908 1915846.46236
935532.699908 1915846.46236
935532.699908 1915846.46236
935532.699908 1915846.46236
935532.699908 1915846.46236
935532.699908 1915846.46236
935532.708778 1915846.46229
935532.708778 1915846.46229
935532.708778 1915846.46229
935532.708778 1915846.46229
935532.708778 1915846.46229
935532.708778 1915846.46229
935532.708778 1915846.46229
935532.708778 1915846.46229
935532.699908 1915846.46236
935532.708778 1915846.46229
935532.708778 1915846.46229
935532.708778 1915846.46229
935532.708778 1915846.46229
935532.708778 1915846.46229
935532.708778 1915846.46229
935532.708778 1915846.46229
935532.708778 1915846.46229
935532.708778 1915846.46229
935532.708778 1915846.46229
935532.708778 1915846.46229
935532.708778 1915846.46229
935532.708778 1915846.46229
935532.708778 1915846.46229
935532.708778 1915846.46229
935532.708778 1915846.46229
935532.708778 1915846.46229
935532.708778 1915846.46229
935532.699823 1915846.45126
935532.690868 1915846.44024
935532.690783 1915846.42914
935532.681828 1915846.41812
935532.672788 1915846.396
935532.663833 1915846.38497
935532.654793 1915846.36285
935532.645838 1915846.35183
935532.636883 1915846.3408
935532.627928 1915846.32978
935532.627928 1915846.32978
935532.618973 1915846.31875
935532.618973 1915846.31875
935532.618973 1915846.31875
935532.627842 1915846.31868
935532.618973 1915846.31875
935532.627842 1915846.31868
935532.618973 1915846.31875
935532.627842 1915846.31868
935532.627928 1915846.32978
935532.627842 1915846.31868
935532.627842 1915846.31868
935532.627842 1915846.31868
935532.619058 1915846.32984
935532.627842 1915846.31868
935532.627842 1915846.31868
935532.619058 1915846.32984
935532.627928 1915846.32978
935532.627928 1915846.32978
935532.627842 1915846.31868
935532.627928 1915846.32978
935532.627928 1915846.32978
935532.627928 1915846.32978
935532.627928 1915846.32978
935532.627842 1915846.31868
935532.627928 1915846.32978
935532.618973 1915846.31875
935532.627842 1915846.31868
935532.627928 1915846.32978
935532.627928 1915846.32978
935532.627928 1915846.32978
935532.627928 1915846.32978
935532.627928 1915846.32978
935532.627928 1915846.32978
935532.627928 1915846.32978
935532.627928 1915846.32978
935532.627928 1915846.32978
935532.627928 1915846.32978
935532.627928 1915846.32978
935532.627928 1915846.32978
935532.627928 1915846.32978
935532.627928 1915846.32978
935532.618973 1915846.31875
935532.627928 1915846.32978
935532.627928 1915846.32978
935532.627928 1915846.32978
935532.627928 1915846.32978
935532.627928 1915846.32978
935532.619058 1915846.32984
935532.627928 1915846.32978
935532.627928 1915846.32978
935532.627928 1915846.32978
935532.627928 1915846.32978
935532.627928 1915846.32978
935532.627928 1915846.32978
935532.627928 1915846.32978
935532.627928 1915846.32978
935532.627928 1915846.32978
935532.627928 1915846.32978
935532.627928 1915846.32978
935532.627928 1915846.32978
935532.627928 1915846.32978
935532.627928 1915846.32978
935532.619058 1915846.32984
935532.627928 1915846.32978
935532.627928 1915846.32978
935532.627928 1915846.32978
935532.627928 1915846.32978
935532.627928 1915846.32978
935532.627928 1915846.32978
935532.627928 1915846.32978
935532.627928 1915846.32978
935532.627928 1915846.32978
935532.627928 1915846.32978
935532.627928 1915846.32978
935532.627928 1915846.32978
935532.627928 1915846.32978
935532.627928 1915846.32978
935532.627928 1915846.32978
935532.627928 1915846.32978
935532.627928 1915846.32978
935532.636883 1915846.3408
935532.645838 1915846.35183
935532.654878 1915846.37395
935532.663918 1915846.39607
935532.681743 1915846.40702
935532.690783 1915846.42914
935532.699738 1915846.44017
935532.717648 1915846.46222
935532.717733 1915846.47332
935532.726688 1915846.48434
935532.726773 1915846.49544
935532.735728 1915846.50646
935532.735728 1915846.50646
935532.735814 1915846.51756
935532.744769 1915846.52858
935532.744683 1915846.51749
935532.744683 1915846.51749
935532.744769 1915846.52858
935532.744683 1915846.51749
935532.744683 1915846.51749
935532.744683 1915846.51749
935532.744683 1915846.51749
935532.744683 1915846.51749
935532.735814 1915846.51756
935532.744769 1915846.52858
935532.744683 1915846.51749
935532.735899 1915846.52865
935532.744683 1915846.51749
935532.744769 1915846.52858
935532.735814 1915846.51756
935532.744683 1915846.51749
935532.735814 1915846.51756
935532.744683 1915846.51749
935532.744769 1915846.52858
935532.744683 1915846.51749
935532.744769 1915846.52858
935532.744769 1915846.52858
935532.744769 1915846.52858
935532.744683 1915846.51749
935532.744769 1915846.52858
935532.735814 1915846.51756
935532.744769 1915846.52858
935532.744683 1915846.51749
935532.735899 1915846.52865
935532.744769 1915846.52858
935532.744769 1915846.52858
935532.744769 1915846.52858
935532.735814 1915846.51756
935532.744769 1915846.52858
935532.744683 1915846.51749
935532.744683 1915846.51749
935532.735899 1915846.52865
935532.744769 1915846.52858
935532.744769 1915846.52858
935532.735814 1915846.51756
935532.735899 1915846.52865
935532.735814 1915846.51756
935532.735899 1915846.52865
935532.744769 1915846.52858
935532.744769 1915846.52858
935532.744683 1915846.51749
935532.735814 1915846.51756
935532.744769 1915846.52858
935532.744769 1915846.52858
935532.744683 1915846.51749
935532.744683 1915846.51749
935532.744683 1915846.51749
935532.744683 1915846.51749
935532.744769 1915846.52858
935532.744769 1915846.52858
935532.744769 1915846.52858
935532.744683 1915846.51749
935532.744769 1915846.52858
935532.744683 1915846.51749
935532.735899 1915846.52865
935532.744683 1915846.51749
935532.744769 1915846.52858
935532.753638 1915846.52851
935532.753809 1915846.5507
935532.762764 1915846.56173
935532.780674 1915846.58378
935532.798669 1915846.61693
935532.816579 1915846.63898
935532.834659 1915846.68322
935532.86161 1915846.72739
935532.888475 1915846.76047
935532.915425 1915846.80464
935532.942375 1915846.84881
935532.960455 1915846.89305
935532.987406 1915846.93722
935533.014356 1915846.98139
935533.041306 1915847.02557
935533.068256 1915847.06974
935533.104161 1915847.12494
935533.131112 1915847.16911
935533.158147 1915847.22437
935533.185182 1915847.27964
935533.221173 1915847.34593
935533.248208 1915847.4012
935533.293068 1915847.46742
935533.329059 1915847.53371
935533.365049 1915847.6
935533.401039 1915847.66629
935533.4459 1915847.73252
935533.48189 1915847.79881
935533.51788 1915847.8651
935533.553871 1915847.93139
935533.598731 1915847.99762
935533.634721 1915848.06391
935533.670712 1915848.1302
935533.706617 1915848.1854
935533.733737 1915848.25176
935533.778598 1915848.31798
935533.805718 1915848.38434
935533.841623 1915848.43954
935533.877699 1915848.51693
935533.913604 1915848.57212
935533.949594 1915848.63841
935533.985585 1915848.70471
935534.012705 1915848.77107
935534.048611 1915848.82626
935534.084686 1915848.90365
935534.120676 1915848.96994
935534.156582 1915849.02514
935534.201527 1915849.10246
935534.228648 1915849.16882
935534.264638 1915849.23511
935534.300628 1915849.3014
935534.336619 1915849.36769
935534.372609 1915849.43398
935534.408599 1915849.50028
935534.44459 1915849.56657
935534.48058 1915849.63286
935534.51657 1915849.69915
935534.552561 1915849.76544
935534.588551 1915849.83173
935534.624542 1915849.89803
935534.696522 1915850.03061
935534.741382 1915850.09683
935534.777373 1915850.16312
935534.813363 1915850.22942
935534.858309 1915850.30673
935534.903254 1915850.38405
935534.948114 1915850.45027
935534.993059 1915850.52759
935535.038005 1915850.60491
935535.08295 1915850.68223
935535.136765 1915850.75948
935535.181711 1915850.8368
935535.235526 1915850.91404
935535.289341 1915850.99129
935535.343156 1915851.06854
935535.397057 1915851.15689
935535.450872 1915851.23414
935535.504687 1915851.31139
935535.567372 1915851.38857
935535.621272 1915851.47691
935535.675088 1915851.55416
935535.737773 1915851.63134
935535.800543 1915851.71962
935535.863143 1915851.78571
935535.916958 1915851.86296
935535.979643 1915851.94014
935536.042328 1915852.01732
935536.104928 1915852.08341
935536.167613 1915852.16059
935536.230213 1915852.22667
935536.292812 1915852.29276
935536.355412 1915852.35885
935536.418012 1915852.42494
935536.489397 1915852.47986
935536.551996 1915852.54595
935536.614511 1915852.60094
935536.677111 1915852.66703
935536.739626 1915852.72202
935536.81101 1915852.77695
935536.882395 1915852.83187
935536.944909 1915852.88687
935537.016379 1915852.95289
935537.087764 1915853.00781
935537.159063 1915853.05164
935537.230447 1915853.10657
935537.292962 1915853.16156
935537.364261 1915853.20539
935537.426691 1915853.24929
935537.49799 1915853.29313
935537.56929 1915853.33696
935537.631719 1915853.38086
935537.703018 1915853.42469
935537.774233 1915853.45742
935537.836662 1915853.50132
935537.907961 1915853.54516
935537.970306 1915853.57796
935538.04152 1915853.6107
935538.112819 1915853.65453
935538.192988 1915853.69829
935538.273073 1915853.73096
935538.353157 1915853.76363
935538.424286 1915853.78527
935538.513239 1915853.81788
935538.593323 1915853.85055
935538.682192 1915853.87205
935538.762276 1915853.90472
935538.85123 1915853.93732
935538.931314 1915853.96999
935539.011313 1915853.99157
935539.100267 1915854.02417
935539.198005 1915854.04561
935539.286874 1915854.06711
935539.375742 1915854.08862
935539.473566 1915854.12116
935539.571305 1915854.14259
935539.669043 1915854.16403
935539.766867 1915854.19657
935539.873475 1915854.21794
935539.980084 1915854.23931
935540.077907 1915854.27184
935540.193385 1915854.29314
935540.308864 1915854.31445
935540.424427 1915854.34684
935540.531035 1915854.36822
935540.664338 1915854.40048
935540.779731 1915854.41068
935540.904164 1915854.44301
935541.028512 1915854.46425
935541.161815 1915854.49651
935541.286078 1915854.50665
935541.419211 1915854.51672
935541.552429 1915854.53789
935541.658952 1915854.54817
935541.738866 1915854.55865
935541.836519 1915854.56899
935541.907563 1915854.57954
935541.960782 1915854.57913
935542.005216 1915854.58989
935542.049565 1915854.58955
935542.07626 1915854.60044
935542.129479 1915854.60003
935542.156089 1915854.59982
935542.200523 1915854.61058
935542.227047 1915854.59928
935542.271482 1915854.61003
935542.298091 1915854.60983
935542.333656 1915854.62065
935542.369135 1915854.62038
935542.404614 1915854.62011
935542.440179 1915854.63093
935542.475658 1915854.63066
935542.520007 1915854.63031
935542.546617 1915854.63011
935542.591051 1915854.64086
935542.62653 1915854.64059
935542.67088 1915854.64025
935542.706444 1915854.65107
935542.741923 1915854.6508
935542.777403 1915854.65053
935542.821752 1915854.65019
935542.857316 1915854.66101
935542.892796 1915854.66074
935542.93723 1915854.67149
935542.97271 1915854.67122
935543.017059 1915854.67088
935543.061408 1915854.67054
935543.096972 1915854.68136
935543.141322 1915854.68102
935543.185671 1915854.68068
935543.230105 1915854.69143
935543.274454 1915854.69109
935543.318889 1915854.70185
935543.354368 1915854.70157
935543.407587 1915854.70116
935543.452021 1915854.71192
935543.49637 1915854.71158
935543.54072 1915854.71124
935543.594024 1915854.72192
935543.638373 1915854.72158
935543.682722 1915854.72124
935543.736026 1915854.73193
935543.762636 1915854.73172
935543.771506 1915854.73166
935543.744896 1915854.73186
935543.753766 1915854.73179
935543.762636 1915854.73172
935543.753766 1915854.73179
935543.753766 1915854.73179
935543.762636 1915854.73172
935543.744811 1915854.72077
935543.753766 1915854.73179
935543.753681 1915854.7207
935543.753766 1915854.73179
935543.753766 1915854.73179
935543.753766 1915854.73179
935543.753681 1915854.7207
935543.753766 1915854.73179
935543.753681 1915854.7207
935543.753766 1915854.73179
935543.753766 1915854.73179
935543.753766 1915854.73179
935543.753766 1915854.73179
935543.753766 1915854.73179
935543.753766 1915854.73179
935543.753766 1915854.73179
935543.753766 1915854.73179
935543.753766 1915854.73179
935543.762636 1915854.73172
935543.762721 1915854.74282
935543.762636 1915854.73172
935543.762636 1915854.73172
935543.762636 1915854.73172
935543.771506 1915854.73166
935543.771506 1915854.73166
935543.771506 1915854.73166
935543.762636 1915854.73172
935543.762636 1915854.73172
935543.771506 1915854.73166
935543.762636 1915854.73172
935543.771506 1915854.73166
935543.798115 1915854.73145
935543.815855 1915854.73131
935543.824725 1915854.73125
935543.851419 1915854.74214
935543.851334 1915854.73104
935543.878029 1915854.74193
935543.878029 1915854.74193
935543.895768 1915854.7418
935543.886899 1915854.74186
935543.878029 1915854.74193
935543.886899 1915854.74186
935543.878029 1915854.74193
935543.878029 1915854.74193
935543.886899 1915854.74186
935543.886899 1915854.74186
935543.895768 1915854.7418
935543.895768 1915854.7418
935543.886899 1915854.74186
935543.869159 1915854.742
935543.842549 1915854.7422
935543.815855 1915854.73131
935543.744896 1915854.73186
935543.691592 1915854.72117
935543.620548 1915854.71062
935543.558459 1915854.7111
935543.487501 1915854.71165
935543.416457 1915854.7011
935543.354368 1915854.70157
935543.292194 1915854.69096
935543.23002 1915854.68034
935543.185671 1915854.68068
935543.132367 1915854.66999
935543.096887 1915854.67027
935543.061408 1915854.67054
935543.025843 1915854.65972
935542.990364 1915854.65999
935542.946015 1915854.66033
935542.892711 1915854.64964
935542.848362 1915854.64998
935542.786188 1915854.63937
935542.724099 1915854.63984
935542.653055 1915854.62929
935542.582096 1915854.62984
935542.511052 1915854.61929
935542.440008 1915854.60874
935542.368965 1915854.59819
935542.289051 1915854.58771
935542.218092 1915854.58825
935542.138093 1915854.56668
935542.067135 1915854.56722
935541.987221 1915854.55674
935541.916177 1915854.54619
935541.836264 1915854.53571
935541.76522 1915854.52516
935541.703046 1915854.51454
935541.640957 1915854.51502
935541.578783 1915854.5044
935541.525479 1915854.49372
935541.463305 1915854.4831
935541.410086 1915854.48351
935541.356867 1915854.48392
935541.303563 1915854.47323
935541.250258 1915854.46255
935541.197039 1915854.46295
935541.143735 1915854.45227
935541.081646 1915854.45275
935541.010602 1915854.4422
935540.939473 1915854.42055
935540.850775 1915854.42123
935540.753122 1915854.41089
935540.646599 1915854.40061
935540.531206 1915854.3904
935540.415813 1915854.38019
935540.291465 1915854.35896
935540.167202 1915854.34882
935540.042939 1915854.33868
935539.918591 1915854.31744
935539.794243 1915854.29621
935539.66998 1915854.28607
935539.545717 1915854.27593
935539.421284 1915854.2436
935539.297021 1915854.23346
935539.172758 1915854.22332
935539.06615 1915854.20195
935538.941802 1915854.18071
935538.835279 1915854.17043
935538.710931 1915854.1492
935538.604322 1915854.12783
935538.488844 1915854.10652
935538.373281 1915854.07413
935538.257888 1915854.06392
935538.142239 1915854.02043
935538.035716 1915854.01015
935537.911283 1915853.97782
935537.795634 1915853.93433
935537.680071 1915853.90193
935537.573292 1915853.85838
935537.466514 1915853.81482
935537.35982 1915853.78235
935537.261826 1915853.72763
935537.172872 1915853.69503
935537.092618 1915853.64017
935537.012449 1915853.59641
935536.932279 1915853.55265
935536.86985 1915853.50875
935536.80742 1915853.46485
935536.744991 1915853.42095
935536.691431 1915853.37698
935536.637957 1915853.34411
935536.593267 1915853.30007
935536.548662 1915853.26713
935536.495103 1915853.22316
935536.459368 1915853.19015
935536.414678 1915853.14612
935536.378943 1915853.11311
935536.343208 1915853.0801
935536.307473 1915853.04709
935536.289478 1915853.01394
935536.253743 1915852.98093
935536.217923 1915852.93683
935536.173234 1915852.89279
935536.137328 1915852.83759
935536.083769 1915852.79363
935536.047778 1915852.72734
935536.003003 1915852.67221
935535.958143 1915852.60598
935535.913368 1915852.55085
935535.877463 1915852.49565
935535.841473 1915852.42936
935535.805567 1915852.37416
935535.769662 1915852.31897
935535.733757 1915852.26377
935535.706722 1915852.2085
935535.679772 1915852.16433
935535.652736 1915852.10907
935535.625786 1915852.06489
935535.607791 1915852.03175
935535.571886 1915851.97655
935535.544936 1915851.93238
935535.50903 1915851.87718
935535.48208 1915851.83301
935535.446175 1915851.77781
935535.41931 1915851.74473
935535.38349 1915851.70063
935535.356625 1915851.66755
935535.338545 1915851.62331
935535.31168 1915851.59023
935535.284815 1915851.55716
935535.25795 1915851.52408
935535.239954 1915851.49093
935535.221959 1915851.45779
935535.195094 1915851.42471
935535.186054 1915851.40259
935535.159189 1915851.36951
935535.141194 1915851.33637
935535.123199 1915851.30322
935535.114159 1915851.2811
935535.096249 1915851.25905
935535.078253 1915851.2259
935535.069298 1915851.21488
935535.051388 1915851.19282
935535.042348 1915851.17071
935535.024438 1915851.14865
935535.024268 1915851.12647
935535.015313 1915851.11544
935535.006358 1915851.10441
935534.997403 1915851.09339
935534.997318 1915851.08229
935534.988363 1915851.07127
935534.988278 1915851.06017
935534.979408 1915851.06024
935534.988278 1915851.06017
935534.988363 1915851.07127
935534.988363 1915851.07127
935534.988363 1915851.07127
935534.997233 1915851.0712
935534.988363 1915851.07127
935534.988363 1915851.07127
935534.997318 1915851.08229
935535.006273 1915851.09332
935535.015313 1915851.11544
935535.033223 1915851.13749
935535.069128 1915851.19269
935535.105033 1915851.24789
935535.150064 1915851.3363
935535.194924 1915851.40252
935535.24004 1915851.50203
935535.2849 1915851.56825
935535.3388 1915851.65659
935535.383746 1915851.73391
935535.437561 1915851.81116
935535.482506 1915851.88848
935535.527366 1915851.9547
935535.572312 1915852.03202
935535.617257 1915852.10934
935535.653247 1915852.17563
935535.698107 1915852.24185
935535.734098 1915852.30815
935535.770003 1915852.36334
935535.814863 1915852.42957
935535.850853 1915852.49586
935535.886759 1915852.55106
935535.913709 1915852.59523
935535.949699 1915852.66152
935535.985604 1915852.71672
935536.01264 1915852.77198
935536.048545 1915852.82718
935536.08445 1915852.88238
935536.12027 1915852.92648
935536.147305 1915852.98175
935536.18321 1915853.03695
935536.219116 1915853.09214
935536.255106 1915853.15844
935536.299966 1915853.22466
935536.335956 1915853.29095
935536.380902 1915853.36827
935536.425677 1915853.4234
935536.470707 1915853.51181
935536.515567 1915853.57803
935536.560598 1915853.66645
935536.614413 1915853.74369
935536.659358 1915853.82101
935536.713174 1915853.89826
935536.749164 1915853.96455
935536.803064 1915854.0529
935536.847924 1915854.11912
935536.883915 1915854.18541
935536.928775 1915854.25164
935536.97372 1915854.32895
935537.01858 1915854.39518
935537.063441 1915854.4614
935537.108301 1915854.52762
935537.153246 1915854.60494
935537.206976 1915854.6711
935537.260791 1915854.74835
935537.305651 1915854.81457
935537.359466 1915854.89182
935537.413282 1915854.96907
935537.475881 1915855.03516
935537.529697 1915855.11241
935537.592382 1915855.18959
935537.646112 1915855.25574
935537.708711 1915855.32183
935537.762441 1915855.38799
935537.816086 1915855.44305
935537.878686 1915855.50914
935537.941286 1915855.57522
935538.012755 1915855.64124
935538.084225 1915855.70726
935538.15578 1915855.78438
935538.236119 1915855.85033
935538.325414 1915855.9273
935538.405753 1915855.99326
935538.494963 1915856.05914
935538.584172 1915856.12502
935538.682166 1915856.17974
935538.77129 1915856.23453
935538.869369 1915856.30035
935538.958493 1915856.35514
935539.065272 1915856.3987
935539.163266 1915856.45342
935539.261175 1915856.49704
935539.367953 1915856.5406
935539.465862 1915856.58423
935539.572556 1915856.6167
935539.679334 1915856.66025
935539.794812 1915856.68156
935539.901421 1915856.70293
935540.008114 1915856.73539
935540.123677 1915856.76779
935540.221331 1915856.77814
935540.336979 1915856.82163
935540.443502 1915856.8319
935540.541241 1915856.85334
935540.656804 1915856.88574
935540.763412 1915856.90711
935540.870021 1915856.92848
935540.985414 1915856.93869
935541.092107 1915856.97116
935541.216455 1915856.99239
935541.331933 1915857.01369
935541.447326 1915857.0239
935541.562804 1915857.04521
935541.687067 1915857.05535
935541.811415 1915857.07658
935541.935763 1915857.09782
935542.051156 1915857.10802
935542.175419 1915857.11817
935542.308467 1915857.11714
935542.42386 1915857.12735
935542.539167 1915857.12647
935542.65456 1915857.13668
935542.743259 1915857.136
935542.787608 1915857.13566
935542.831957 1915857.13532
935542.823087 1915857.13538
935542.805347 1915857.13552
935542.814132 1915857.12436
935542.814217 1915857.13545
935542.831957 1915857.13532
935542.831957 1915857.13532
935542.849697 1915857.13518
935542.849697 1915857.13518
935542.876306 1915857.13497
935542.876306 1915857.13497
935542.902916 1915857.13477
935542.911871 1915857.1458
935542.938395 1915857.1345
935542.95622 1915857.14546
935542.973874 1915857.13423
935543.000569 1915857.14512
935543.009439 1915857.14505
935543.071528 1915857.14457
935543.098137 1915857.14437
935543.169096 1915857.14382
935543.20466 1915857.15464
935543.266749 1915857.15417
935543.311098 1915857.15383
935543.382142 1915857.16438
935543.426576 1915857.17513
935543.48858 1915857.16356
935543.541884 1915857.17424
935543.595103 1915857.17384
935543.657192 1915857.17336
935543.719366 1915857.18398
935543.781455 1915857.1835
935543.843544 1915857.18302
935543.905718 1915857.19364
935543.967806 1915857.19316
935544.029895 1915857.19269
935544.092069 1915857.20331
935544.154158 1915857.20283
935544.216332 1915857.21345
935544.269636 1915857.22413
935544.331725 1915857.22366
935544.384944 1915857.22325
935544.455988 1915857.2338
935544.509207 1915857.23339
935544.562511 1915857.24407
935544.615815 1915857.25476
935544.669034 1915857.25435
935544.722253 1915857.25394
935544.775472 1915857.25353
935544.828776 1915857.26422
935544.881995 1915857.26381
935544.935299 1915857.2745
935544.988518 1915857.27409
935545.041737 1915857.27368
935545.086172 1915857.28443
935545.139476 1915857.29512
935545.183825 1915857.29478
935545.228174 1915857.29444
935545.166085 1915857.29491
935545.17487 1915857.28375
935545.183825 1915857.29478
935545.19278 1915857.3058
935545.166085 1915857.29491
935545.19278 1915857.3058
935545.183825 1915857.29478
935545.183825 1915857.29478
935545.192695 1915857.29471
935545.183825 1915857.29478
935545.183825 1915857.29478
935545.183825 1915857.29478
935545.183825 1915857.29478
935545.183825 1915857.29478
935545.183825 1915857.29478
935545.183825 1915857.29478
935545.192695 1915857.29471
935545.183825 1915857.29478
935545.183825 1915857.29478
935545.19278 1915857.3058
935545.18391 1915857.30587
935545.19278 1915857.3058
935545.19278 1915857.3058
935545.183995 1915857.31697
935545.19278 1915857.3058
935545.19278 1915857.3058
935545.18391 1915857.30587
935545.18391 1915857.30587
935545.19278 1915857.3058
935545.19278 1915857.3058
935545.19278 1915857.3058
935545.20165 1915857.30574
935545.20165 1915857.30574
935545.20165 1915857.30574
935545.20165 1915857.30574
935545.20165 1915857.30574
935545.18391 1915857.30587
935545.148431 1915857.30614
935545.095127 1915857.29546
935545.033038 1915857.29594
935544.944254 1915857.28552
935544.846601 1915857.27518
935544.722338 1915857.26504
935544.598075 1915857.2549
935544.455988 1915857.2338
935544.313985 1915857.22379
935544.189723 1915857.21365
935544.029895 1915857.19269
935543.905632 1915857.18255
935543.76363 1915857.17254
935543.639282 1915857.15131
935543.515104 1915857.15226
935543.399711 1915857.14205
935543.284318 1915857.13184
935543.168925 1915857.12163
935543.071272 1915857.11129
935542.964749 1915857.10101
935542.875966 1915857.0906
935542.796052 1915857.08012
935542.698484 1915857.08087
935542.62744 1915857.07032
935542.547611 1915857.07093
935542.476482 1915857.04929
935542.405439 1915857.03874
935542.343265 1915857.02812
935542.281176 1915857.0286
935542.227872 1915857.01791
935542.165783 1915857.01839
935542.112479 1915857.0077
935542.05926 1915857.00811
935542.00587 1915856.98633
935541.961606 1915856.99777
935541.899432 1915856.98715
935541.846128 1915856.97646
935541.75743 1915856.97714
935541.686386 1915856.96659
935541.588818 1915856.96734
935541.500034 1915856.95693
935541.393596 1915856.95775
935541.295943 1915856.9474
935541.189505 1915856.94822
935541.074197 1915856.9491
935540.958889 1915856.94999
935540.843496 1915856.93978
935540.728103 1915856.92957
935540.595056 1915856.93059
935540.479663 1915856.92038
935540.346445 1915856.89922
935540.213313 1915856.88914
935540.08905 1915856.879
935539.955747 1915856.84674
935539.822614 1915856.83667
935539.689311 1915856.80441
935539.556008 1915856.77215
935539.422705 1915856.73989
935539.289317 1915856.69653
935539.155929 1915856.65318
935539.031496 1915856.62085
935538.906892 1915856.56633
935538.791244 1915856.52284
935538.66664 1915856.46832
935538.559691 1915856.40258
935538.452742 1915856.33683
935538.345879 1915856.28218
935538.238844 1915856.20534
935538.13181 1915856.1285
935538.033646 1915856.05159
935537.944352 1915855.97461
935537.855057 1915855.89763
935537.774547 1915855.80949
935537.694123 1915855.73245
935537.613613 1915855.64431
935537.533103 1915855.55617
935537.470333 1915855.46789
935537.398693 1915855.37969
935537.335923 1915855.29141
935537.264283 1915855.2032
935537.210382 1915855.11486
935537.156397 1915855.01542
935537.102497 1915854.92708
935537.048511 1915854.82764
935537.003481 1915854.73923
935536.95828 1915854.62863
935536.913335 1915854.55131
935536.868304 1915854.4629
935536.832143 1915854.37442
935536.778243 1915854.28608
935536.742168 1915854.20869
935536.706092 1915854.1313
935536.661147 1915854.05399
935536.616116 1915853.96558
935536.580041 1915853.88819
935536.544136 1915853.83299
935536.507975 1915853.74451
935536.47207 1915853.68931
935536.43608 1915853.62302
935536.400089 1915853.55673
935536.364184 1915853.50153
935536.337149 1915853.44627
935536.301244 1915853.39107
935536.265338 1915853.33587
935536.238303 1915853.28061
935536.211353 1915853.23643
935536.193358 1915853.20329
935536.166408 1915853.15912
935536.139457 1915853.11494
935536.121462 1915853.0818
935536.094597 1915853.04872
935536.085472 1915853.01551
935536.085472 1915853.01551
935536.085557 1915853.0266
935536.094427 1915853.02653
935536.085472 1915853.01551
935536.085557 1915853.0266
935536.085557 1915853.0266
935536.085557 1915853.0266
935536.085557 1915853.0266
935536.085472 1915853.01551
935536.085557 1915853.0266
935536.076687 1915853.02667
935536.085472 1915853.01551
935536.085557 1915853.0266
935536.085557 1915853.0266
935536.085557 1915853.0266
935536.085472 1915853.01551
935536.103467 1915853.04865
935536.121547 1915853.09289
935536.166322 1915853.14802
935536.211268 1915853.22534
935536.265168 1915853.31368
935536.328194 1915853.43524
935536.400004 1915853.54564
935536.471985 1915853.67822
935536.55292 1915853.82183
935536.633771 1915853.95434
935536.705837 1915854.09802
935536.786687 1915854.23054
935536.867538 1915854.36305
935536.930648 1915854.4957
935537.002544 1915854.61719
935537.074525 1915854.74978
935537.14642 1915854.87127
935537.209446 1915854.99282
935537.272471 1915855.11438
935537.344367 1915855.23587
935537.407307 1915855.34634
935537.479203 1915855.46782
935537.533273 1915855.57836
935537.596129 1915855.67773
935537.659069 1915855.78819
935537.713055 1915855.88763
935537.77591 1915855.987
935537.829895 1915856.08643
935537.892751 1915856.1858
935537.946566 1915856.26305
935538.000551 1915856.36249
935538.054452 1915856.45083
935538.099397 1915856.52815
935538.153297 1915856.6165
935538.207112 1915856.69375
935538.252143 1915856.78216
935538.305958 1915856.85941
935538.350903 1915856.93672
935538.404803 1915857.02507
935538.458619 1915857.10232
935538.512434 1915857.17957
935538.557379 1915857.25688
935538.611194 1915857.33413
935538.673879 1915857.41132
935538.727694 1915857.48857
935538.790464 1915857.57684
935538.853149 1915857.65402
935538.915834 1915857.7312
935538.978519 1915857.80839
935539.041289 1915857.89666
935539.112929 1915857.98487
935539.175614 1915858.06205
935539.247169 1915858.13916
935539.300899 1915858.20532
935539.372454 1915858.28243
935539.443923 1915858.34845
935539.497653 1915858.41461
935539.560253 1915858.48069
935539.622768 1915858.53569
935539.685282 1915858.59068
935539.747712 1915858.63458
935539.801356 1915858.68964
935539.854916 1915858.73361
935539.917431 1915858.7886
935539.970905 1915858.82148
935540.051159 1915858.87633
935540.131414 1915858.93119
935540.238363 1915858.99694
935540.327487 1915859.05173
935540.43435 1915859.10638
935540.541214 1915859.16103
935540.639123 1915859.20466
935540.763641 1915859.24808
935540.861465 1915859.28062
935540.968158 1915859.31308
935541.074852 1915859.34555
935541.17259 1915859.36699
935541.279284 1915859.39945
935541.377022 1915859.42089
935541.48363 1915859.44226
935541.581284 1915859.45261
935541.688062 1915859.49617
935541.77676 1915859.49548
935541.883454 1915859.52795
935541.972237 1915859.53836
935542.078846 1915859.55973
935542.176584 1915859.58117
935542.274237 1915859.59152
935542.371891 1915859.60186
935542.478584 1915859.63433
935542.576152 1915859.63358
935542.682675 1915859.64386
935542.789284 1915859.66523
935542.895807 1915859.6755
935543.0112 1915859.68571
935543.117808 1915859.70708
935543.233201 1915859.71729
935543.339639 1915859.71648
935543.446162 1915859.72675
935543.570425 1915859.73689
935543.676948 1915859.74717
935543.792341 1915859.75738
935543.907649 1915859.7565
935544.031911 1915859.76664
935544.138434 1915859.77691
935544.236088 1915859.78726
935544.34244 1915859.77535
935544.431309 1915859.79685
935544.511052 1915859.78515
935544.582096 1915859.7957
935544.644185 1915859.79522
935544.706274 1915859.79474
935544.759578 1915859.80543
935544.803927 1915859.80509
935544.857146 1915859.80468
935544.90158 1915859.81543
935544.945844 1915859.804
935544.990279 1915859.81475
935545.043498 1915859.81434
935545.087847 1915859.814
935545.132196 1915859.81366
935545.17663 1915859.82442
935545.220979 1915859.82408
935545.274198 1915859.82367
935545.318548 1915859.82333
935545.362982 1915859.83408
935545.407331 1915859.83374
935545.46055 1915859.83333
935545.496029 1915859.83306
935545.549333 1915859.84375
935545.593683 1915859.84341
935545.638032 1915859.84307
935545.682466 1915859.85382
935545.726815 1915859.85348
935545.771249 1915859.86423
935545.824468 1915859.86382
935545.868818 1915859.86348
935545.913252 1915859.87424
935545.948646 1915859.86287
935545.99308 1915859.87362
935546.01969 1915859.87342
935546.01969 1915859.87342
935545.975341 1915859.87376
935546.01969 1915859.87342
935546.01082 1915859.87349
935545.99308 1915859.87362
935546.01082 1915859.87349
935546.00195 1915859.87356
935546.00195 1915859.87356
935546.01082 1915859.87349
935546.00195 1915859.87356
935546.002035 1915859.88465
935546.01082 1915859.87349
935546.002035 1915859.88465
935546.010905 1915859.88458
935546.002035 1915859.88465
935546.01082 1915859.87349
935546.01082 1915859.87349
935546.01969 1915859.87342
935546.046384 1915859.88431
935546.072909 1915859.87301
935546.108473 1915859.88383
935546.143953 1915859.88356
935546.179517 1915859.89438
935546.214996 1915859.89411
935546.250476 1915859.89384
935546.277085 1915859.89363
935546.31265 1915859.90446
935546.339259 1915859.90425
935546.374824 1915859.91507
935546.410303 1915859.9148
935546.445782 1915859.91453
935546.490131 1915859.91419
935546.534566 1915859.92494
935546.587785 1915859.92453
935546.623349 1915859.93535
935546.579 1915859.9357
935546.579 1915859.9357
935546.58787 1915859.93563
935546.605609 1915859.93549
935546.561175 1915859.92474
935546.596655 1915859.92447
935546.587785 1915859.92453
935546.587785 1915859.92453
935546.587785 1915859.92453
935546.58787 1915859.93563
935546.596655 1915859.92447
935546.596655 1915859.92447
935546.596655 1915859.92447
935546.605609 1915859.93549
935546.605524 1915859.9244
935546.614479 1915859.93542
935546.614394 1915859.92433
935546.614479 1915859.93542
935546.614479 1915859.93542
935546.623349 1915859.93535
935546.623264 1915859.92426
935546.632219 1915859.93529
935546.623349 1915859.93535
935546.632219 1915859.93529
935546.605609 1915859.93549
935546.57013 1915859.93576
935546.516826 1915859.92508
935546.436998 1915859.92569
935546.357084 1915859.91521
935546.250561 1915859.90493
935546.152908 1915859.89459
935546.055254 1915859.88424
935545.948731 1915859.87396
935545.851078 1915859.86362
935545.74464 1915859.86444
935545.646987 1915859.85409
935545.549419 1915859.85484
935545.469505 1915859.84436
935545.380636 1915859.82285
935545.291938 1915859.82353
935545.220979 1915859.82408
935545.141066 1915859.8136
935545.070107 1915859.81414
935544.990194 1915859.80366
935544.928105 1915859.80414
935544.848276 1915859.80475
935544.786102 1915859.79413
935544.715144 1915859.79468
935544.644185 1915859.79522
935544.564271 1915859.78474
935544.484443 1915859.78535
935544.38679 1915859.77501
935544.262612 1915859.77596
935544.138349 1915859.76582
935543.987477 1915859.75588
935543.83669 1915859.75704
935543.676948 1915859.74717
935543.499466 1915859.73744
935543.331024 1915859.74983
935543.171027 1915859.70668
935542.99346 1915859.68585
935542.833803 1915859.68707
935542.665021 1915859.65509
935542.514234 1915859.65624
935542.354492 1915859.64638
935542.052662 1915859.61541
935541.919444 1915859.59424
935541.768487 1915859.57321
935541.626569 1915859.5743
935541.493267 1915859.54204
935541.360049 1915859.52087
935541.235616 1915859.48854
935540.96918 1915859.44621
935540.826837 1915859.39183
935540.684664 1915859.35964
935540.524667 1915859.31649
935540.373369 1915859.25108
935540.204246 1915859.17472
935540.035123 1915859.09835
935539.865744 1915858.9887
935539.696536 1915858.90125
935539.544983 1915858.80256
935539.384559 1915858.70394
935539.25953 1915858.59395
935539.107806 1915858.47307
935538.982862 1915858.37418
935538.866618 1915858.25303
935538.750373 1915858.13188
935538.642998 1915858.01066
935538.562233 1915857.88924
935538.472683 1915857.77898
935538.391918 1915857.65756
935538.311238 1915857.54724
935538.248212 1915857.42568
935538.185272 1915857.31521
935538.122246 1915857.19366
935538.06809 1915857.07203
935538.005235 1915856.97266
935537.951079 1915856.85104
935537.897094 1915856.7516
935537.852404 1915856.70756
935537.789634 1915856.61929
935537.735563 1915856.50876
935537.681663 1915856.42041
935537.627678 1915856.32097
935537.582732 1915856.24366
935537.537787 1915856.16634
935537.492842 1915856.08902
935537.456851 1915856.02273
935537.376001 1915855.89021
935537.340011 1915855.82392
935537.30402 1915855.75763
935537.268115 1915855.70243
935537.25012 1915855.66929
935537.250035 1915855.65819
935537.214215 1915855.61409
935537.205089 1915855.58088
935537.196134 1915855.56985
935537.187179 1915855.55882
935537.178139 1915855.5367
935537.178139 1915855.5367
935537.169099 1915855.51458
935537.169099 1915855.51458
935537.160144 1915855.50356
935537.160144 1915855.50356
935537.160144 1915855.50356
935537.160059 1915855.49246
935537.160144 1915855.50356
935537.160144 1915855.50356
935537.160144 1915855.50356
935537.160144 1915855.50356
935537.160229 1915855.51465
935537.160144 1915855.50356
935537.160229 1915855.51465
935537.160229 1915855.51465
935537.178225 1915855.5478
935537.214044 1915855.5919
935537.24108 1915855.64717
935537.29498 1915855.73551
935537.34888 1915855.82385
935537.402951 1915855.93439
935537.465806 1915856.03376
935537.528747 1915856.14422
935537.591602 1915856.24359
935537.645588 1915856.34303
935537.699573 1915856.44246
935537.753473 1915856.53081
935537.807374 1915856.61915
935537.861359 1915856.71859
935537.906304 1915856.79591
935537.960205 1915856.88425
935538.005235 1915856.97266
935538.050266 1915857.06107
935538.104166 1915857.14942
935538.149111 1915857.22673
935538.203097 1915857.32617
935538.248212 1915857.42568
935538.302113 1915857.51402
935538.347143 1915857.60243
935538.392088 1915857.67975
935538.437119 1915857.76816
935538.482064 1915857.84548
935538.518139 1915857.92287
935538.563 1915857.98909
935538.599075 1915858.06648
935538.635065 1915858.13277
935538.671056 1915858.19906
935538.707131 1915858.27644
935538.743121 1915858.34274
935538.779112 1915858.40903
935538.815187 1915858.48641
935538.860132 1915858.56373
935538.896208 1915858.64112
935538.941153 1915858.71843
935538.977229 1915858.79582
935539.022259 1915858.88423
935539.067119 1915858.95046
935539.120934 1915859.02771
935539.157095 1915859.11619
935539.202125 1915859.2046
935539.247071 1915859.28191
935539.292101 1915859.37033
935539.337046 1915859.44764
935539.382077 1915859.53606
935539.435892 1915859.61331
935539.472052 1915859.70179
935539.525953 1915859.79013
935539.570983 1915859.87854
935539.633753 1915859.96682
935539.678784 1915860.05523
935539.741554 1915860.1435
935539.795454 1915860.23185
935539.849354 1915860.32019
935539.912039 1915860.39737
935539.983679 1915860.48558
935540.037494 1915860.56283
935540.091309 1915860.64008
935540.153909 1915860.70617
935540.216509 1915860.77225
935540.270324 1915860.8495
935540.332838 1915860.9045
935540.395523 1915860.98168
935540.449083 1915861.02565
935540.583067 1915861.14666
935540.654537 1915861.21268
935540.725921 1915861.2676
935540.79722 1915861.31143
935540.87756 1915861.37739
935540.975639 1915861.4432
935541.064763 1915861.49799
935541.162757 1915861.55271
935541.269706 1915861.61846
935541.385439 1915861.67304
935541.509957 1915861.71647
935541.625691 1915861.77105
935541.767949 1915861.81434
935541.883512 1915861.84674
935542.008115 1915861.90125
935542.141248 1915861.91132
935542.256896 1915861.95482
935542.372119 1915861.94284
935542.487597 1915861.96414
935542.62073 1915861.97421
935542.718298 1915861.97346
935542.842475 1915861.97251
935542.948998 1915861.98279
935543.055351 1915861.97088
935543.170829 1915861.99218
935543.286222 1915862.00239
935543.39266 1915862.00157
935543.499183 1915862.01185
935543.605706 1915862.02213
935543.721014 1915862.02124
935543.836407 1915862.03145
935543.94293 1915862.04173
935544.058323 1915862.05194
935544.155976 1915862.06228
935544.262499 1915862.07256
935544.369022 1915862.08283
935544.475545 1915862.09311
935544.582154 1915862.11448
935544.688677 1915862.12476
935544.777375 1915862.12408
935544.883983 1915862.14545
935544.990506 1915862.15573
935545.097029 1915862.166
935545.194683 1915862.17635
935545.301206 1915862.18663
935545.407644 1915862.18581
935545.514252 1915862.20718
935545.611905 1915862.21753
935545.718428 1915862.2278
935545.816081 1915862.23815
935545.931389 1915862.23726
935546.037912 1915862.24754
935546.135565 1915862.25788
935546.242089 1915862.26816
935546.348612 1915862.27844
935546.455135 1915862.28872
935546.561573 1915862.2879
935546.650356 1915862.29831
935546.765749 1915862.30852
935546.863232 1915862.29668
935546.96967 1915862.29586
935547.067323 1915862.30621
935547.164891 1915862.30546
935547.262544 1915862.3158
935547.368982 1915862.31499
935547.46655 1915862.31424
935547.564204 1915862.32458
935547.768295 1915862.33411
935547.865863 1915862.33336
935547.963516 1915862.34371
935548.04343 1915862.35419
935548.132213 1915862.3646
935548.176477 1915862.35317
935548.212042 1915862.36399
935548.114474 1915862.36474
935548.158738 1915862.3533
935548.167692 1915862.36433
935548.167692 1915862.36433
935548.158823 1915862.3644
935548.167692 1915862.36433
935548.167692 1915862.36433
935548.158738 1915862.3533
935548.167692 1915862.36433
935548.158823 1915862.3644
935548.158738 1915862.3533
935548.176647 1915862.37535
935548.158908 1915862.37549
935548.167778 1915862.37542
935548.167778 1915862.37542
935548.167778 1915862.37542
935548.167778 1915862.37542
935548.167778 1915862.37542
935548.176647 1915862.37535
935548.176562 1915862.36426
935548.176647 1915862.37535
935548.185517 1915862.37529
935548.185517 1915862.37529
935548.185517 1915862.37529
935548.185517 1915862.37529
935548.194387 1915862.37522
935548.185517 1915862.37529
935548.194472 1915862.38631
935548.194472 1915862.38631
935548.194472 1915862.38631
935548.194387 1915862.37522
935548.194472 1915862.38631
935548.194472 1915862.38631
935548.194472 1915862.38631
935548.194387 1915862.37522
935548.194472 1915862.38631
935548.194472 1915862.38631
935548.194387 1915862.37522
935548.203342 1915862.38624
935548.203342 1915862.38624
935548.203342 1915862.38624
935548.203342 1915862.38624
935548.203342 1915862.38624
935548.203342 1915862.38624
935548.203342 1915862.38624
935548.203342 1915862.38624
935548.176647 1915862.37535
935548.141168 1915862.37563
935548.105689 1915862.3759
935548.043515 1915862.36528
935547.990296 1915862.36569
935547.919337 1915862.36623
935547.857249 1915862.36671
935547.786375 1915862.37835
935547.715331 1915862.3678
935547.644458 1915862.37944
935547.573584 1915862.39108
935547.493841 1915862.40278
935547.422968 1915862.41442
935547.334354 1915862.4262
935547.245656 1915862.42688
935547.157128 1915862.44975
935547.041906 1915862.46173
935546.926683 1915862.47371
935546.83807 1915862.48548
935546.731632 1915862.4863
935546.643189 1915862.52026
935546.519012 1915862.52121
935546.412489 1915862.51094
935546.288141 1915862.4897
935546.181618 1915862.47942
935546.075095 1915862.46915
935545.986311 1915862.45873
935545.888658 1915862.44839
935545.799874 1915862.43798
935545.631092 1915862.40599
935545.551264 1915862.4066
935545.47135 1915862.39612
935545.391607 1915862.40783
935545.294039 1915862.40857
935545.205255 1915862.39816
935545.107687 1915862.39891
935545.018989 1915862.39959
935544.921421 1915862.40034
935544.814983 1915862.40116
935544.708545 1915862.40197
935544.619762 1915862.39156
935544.513409 1915862.40347
935544.415841 1915862.40422
935544.318273 1915862.40497
935544.21192 1915862.41688
935544.123222 1915862.41756
935544.016784 1915862.41838
935543.928256 1915862.44125
935543.830773 1915862.45309
935543.73329 1915862.46493
935543.635892 1915862.48787
935543.547109 1915862.47746
935543.440841 1915862.50046
935543.325533 1915862.50135
935543.22805 1915862.51319
935543.103958 1915862.52524
935542.970911 1915862.52626
935542.828993 1915862.52735
935542.660296 1915862.50645
935542.500469 1915862.48549
935542.331602 1915862.44241
935542.153865 1915862.39939
935541.967087 1915862.33426
935541.806919 1915862.26892
935541.628927 1915862.19262
935541.486328 1915862.10496
935541.33486 1915862.01737
935541.183307 1915861.91868
935541.067232 1915861.81972
935540.942203 1915861.70973
935540.834999 1915861.6107
935540.718839 1915861.50065
935540.62929 1915861.39039
935540.53087 1915861.2802
935540.45906 1915861.1698
935540.38725 1915861.0594
935540.324394 1915860.96003
935540.252584 1915860.84964
935540.198599 1915860.7502
935540.153483 1915860.6507
935540.108368 1915860.55119
935540.063337 1915860.46278
935540.027091 1915860.3632
935539.981976 1915860.2637
935539.94573 1915860.16413
935539.909655 1915860.08674
935539.864624 1915859.99833
935539.819679 1915859.92101
935539.783603 1915859.84362
935539.747528 1915859.76624
935539.702583 1915859.68892
935539.666592 1915859.62263
935539.621732 1915859.55641
935539.585827 1915859.50121
935539.549837 1915859.43492
935539.513932 1915859.37972
935539.478027 1915859.32452
935539.451077 1915859.28035
935539.433167 1915859.2583
935539.424212 1915859.24727
935539.451162 1915859.29144
935539.433252 1915859.26939
935539.433167 1915859.2583
935539.442122 1915859.26932
935539.433167 1915859.2583
935539.442122 1915859.26932
935539.433167 1915859.2583
935539.442122 1915859.26932
935539.433167 1915859.2583
935539.433167 1915859.2583
935539.442122 1915859.26932
935539.433167 1915859.2583
935539.433167 1915859.2583
935539.433167 1915859.2583
935539.433167 1915859.2583
935539.442122 1915859.26932
935539.469072 1915859.31349
935539.496022 1915859.35767
935539.549837 1915859.43492
935539.603737 1915859.52326
935539.666592 1915859.62263
935539.819168 1915859.85445
935539.882108 1915859.96491
935539.962874 1915860.08633
935540.025729 1915860.1857
935540.088754 1915860.30726
935540.15161 1915860.40663
935540.214465 1915860.506
935540.277405 1915860.61646
935540.331391 1915860.7159
935540.394331 1915860.82636
935540.457271 1915860.93683
935540.511257 1915861.03626
935540.565242 1915861.1357
935540.619313 1915861.24623
935540.682168 1915861.3456
935540.727284 1915861.44511
935540.781269 1915861.54455
935540.835254 1915861.64398
935540.89811 1915861.74335
935540.934185 1915861.82074
935540.99704 1915861.92011
935541.033201 1915862.00859
935541.087271 1915862.11912
935541.141172 1915862.20746
935541.195157 1915862.3069
935541.240272 1915862.40641
935541.303042 1915862.49468
935541.365898 1915862.59405
935541.437623 1915862.69335
935541.500563 1915862.80382
935541.563503 1915862.91428
935541.635314 1915863.02468
935541.715994 1915863.135
935541.778849 1915863.23437
935541.868399 1915863.34463
935541.931169 1915863.43291
935542.011678 1915863.52105
935542.083233 1915863.59816
935542.154788 1915863.67527
935542.226257 1915863.74129
935542.297727 1915863.80731
935542.369196 1915863.87333
935542.440581 1915863.92826
935542.52092 1915863.99421
935542.60126 1915864.06016
935542.699339 1915864.12597
935542.797418 1915864.19179
935542.904366 1915864.25754
935543.0201 1915864.31212
935543.135833 1915864.36671
935543.260437 1915864.42122
935543.367215 1915864.46478
935543.500603 1915864.50814
935543.607382 1915864.5517
935543.722945 1915864.58409
935543.838593 1915864.62758
935543.954071 1915864.64889
935544.069634 1915864.68128
935544.176243 1915864.70266
935544.300676 1915864.73498
935544.407114 1915864.73417
935544.504852 1915864.75561
935544.620245 1915864.76582
935544.708943 1915864.76514
935544.824506 1915864.79753
935544.922159 1915864.80788
935545.028768 1915864.82925
935545.135291 1915864.83953
935545.232944 1915864.84987
935545.339467 1915864.86015
935545.446075 1915864.88152
935545.543728 1915864.89186
935545.650251 1915864.90214
935545.747905 1915864.91249
935545.854428 1915864.92276
935545.969821 1915864.93297
935546.058604 1915864.94339
935546.174082 1915864.96469
935546.280605 1915864.97497
935546.387128 1915864.98524
935546.493651 1915864.99552
935546.609129 1915865.01682
935546.715652 1915865.0271
935546.937568 1915865.04759
935547.053046 1915865.06889
935547.159569 1915865.07917
935547.266092 1915865.08944
935547.381485 1915865.09965
935547.479053 1915865.0989
935547.594361 1915865.09802
935547.700969 1915865.11939
935547.816192 1915865.10741
935547.913845 1915865.11775
935548.011498 1915865.1281
935548.100111 1915865.11633
935548.14446 1915865.11598
935548.1622 1915865.11585
935548.135676 1915865.12715
935548.126721 1915865.11612
935548.126721 1915865.11612
935548.126635 1915865.10503
935548.126721 1915865.11612
935548.13559 1915865.11605
935548.126721 1915865.11612
935548.14446 1915865.11598
935548.13559 1915865.11605
935548.179939 1915865.11571
935548.224374 1915865.12647
935548.313072 1915865.12579
935548.3929 1915865.12517
935548.490468 1915865.12442
935548.588122 1915865.13477
935548.68569 1915865.13402
935548.783258 1915865.13327
935548.889866 1915865.15464
935548.978564 1915865.15396
935549.067348 1915865.16437
935549.164916 1915865.16363
935549.262569 1915865.17397
935549.351267 1915865.17329
935549.431181 1915865.18377
935549.493355 1915865.19439
935549.528919 1915865.20521
935549.449005 1915865.19473
935549.46666 1915865.1835
935549.484485 1915865.19446
935549.493355 1915865.19439
935549.45779 1915865.18357
935549.484485 1915865.19446
935549.484485 1915865.19446
935549.466745 1915865.19459
935549.475615 1915865.19453
935549.475615 1915865.19453
935549.484485 1915865.19446
935549.475615 1915865.19453
935549.475615 1915865.19453
935549.475615 1915865.19453
935549.484485 1915865.19446
935549.484485 1915865.19446
935549.493355 1915865.19439
935549.484485 1915865.19446
935549.440136 1915865.1948
935549.395701 1915865.18404
935549.324743 1915865.18459
935549.235959 1915865.17418
935549.138306 1915865.16383
935549.014129 1915865.16478
935548.889866 1915865.15464
935548.747864 1915865.14464
935548.596991 1915865.1347
935548.454904 1915865.1136
935548.312987 1915865.11469
935548.170899 1915865.09359
935548.037767 1915865.08352
935547.904634 1915865.07345
935547.789241 1915865.06324
935547.656109 1915865.05317
935547.540631 1915865.03186
935547.416453 1915865.03282
935547.30993 1915865.02254
935547.203492 1915865.02336
935547.096969 1915865.01308
935547.008186 1915865.00266
935546.901663 1915864.99239
935546.80401 1915864.98204
935546.715312 1915864.98272
935546.617658 1915864.97238
935546.528875 1915864.96196
935546.431307 1915864.96271
935546.342609 1915864.96339
935546.244955 1915864.95305
935546.156257 1915864.95373
935546.067559 1915864.95441
935545.969906 1915864.94407
935545.863553 1915864.95598
935545.75703 1915864.9457
935545.650677 1915864.95761
935545.535369 1915864.9585
935545.419977 1915864.94829
935545.295799 1915864.94924
935545.162581 1915864.92807
935545.020664 1915864.92916
935544.851967 1915864.90827
935544.71875 1915864.8871
935544.523358 1915864.85532
935544.39014 1915864.83415
935544.203533 1915864.7912
935544.052321 1915864.73689
935543.901193 1915864.69367
935543.758765 1915864.6282
935543.625292 1915864.57375
935543.500603 1915864.50814
935543.37583 1915864.43143
935543.268881 1915864.36569
935543.152977 1915864.28891
935543.036988 1915864.20105
935542.920999 1915864.11318
935542.813795 1915864.01415
935542.68868 1915863.89307
935542.581391 1915863.78295
935542.473931 1915863.65063
935542.366557 1915863.52942
935542.250142 1915863.38608
935542.142682 1915863.25377
935542.026267 1915863.11043
935541.918893 1915862.98921
935541.793778 1915862.86813
935541.677619 1915862.75808
935541.445471 1915862.56016
935541.320442 1915862.45017
935541.213237 1915862.35114
935541.114988 1915862.26314
935540.998914 1915862.16418
935540.918404 1915862.07604
935540.748344 1915861.87764
935540.667835 1915861.7895
935540.596195 1915861.70129
935540.53334 1915861.60192
935540.479439 1915861.51358
935540.416669 1915861.4253
935540.371639 1915861.33689
935540.317739 1915861.24855
935540.272793 1915861.17123
935540.218978 1915861.09398
935540.165248 1915861.02782
935540.120303 1915860.95051
935540.075358 1915860.87319
935540.030498 1915860.80697
935539.985638 1915860.74074
935539.940692 1915860.66342
935539.904787 1915860.60823
935539.859927 1915860.542
935539.815067 1915860.47578
935539.779162 1915860.42058
935539.814982 1915860.46468
935539.806112 1915860.46475
935539.788117 1915860.43161
935539.806027 1915860.45366
935539.806027 1915860.45366
935539.806112 1915860.46475
935539.806027 1915860.45366
935539.806112 1915860.46475
935539.806112 1915860.46475
935539.806112 1915860.46475
935539.806027 1915860.45366
935539.806112 1915860.46475
935539.806027 1915860.45366
935539.815067 1915860.47578
935539.842017 1915860.51995
935539.877837 1915860.56405
935539.922782 1915860.64137
935539.976683 1915860.72972
935540.120218 1915860.93941
935540.200983 1915861.06083
935540.290703 1915861.19328
935540.380509 1915861.33682
935540.470314 1915861.48036
935540.560119 1915861.62391
935540.65001 1915861.77854
935540.748685 1915861.92201
935540.82058 1915862.0435
935540.919341 1915862.19807
935540.991236 1915862.31956
935541.080956 1915862.45201
935541.161807 1915862.58452
935541.233532 1915862.68382
935541.314382 1915862.81634
935541.386277 1915862.93783
935541.466957 1915863.04816
935541.538853 1915863.16965
935541.619618 1915863.29107
935541.682558 1915863.40153
935541.754368 1915863.51193
935541.817394 1915863.63348
935541.889204 1915863.74388
935541.952059 1915863.84325
935542.014999 1915863.95371
935542.0689 1915864.04206
935542.131755 1915864.14143
935542.18574 1915864.24086
935542.24851 1915864.32914
935542.302496 1915864.42858
935542.356481 1915864.52801
935542.419251 1915864.61629
935542.482191 1915864.72675
935542.545047 1915864.82612
935542.625726 1915864.93645
935542.697537 1915865.04685
935542.787172 1915865.1682
935542.876892 1915865.30065
935542.975396 1915865.42193
935543.073986 1915865.55431
935543.181446 1915865.68662
935543.297776 1915865.81887
935543.40515 1915865.94008
935543.521395 1915866.06123
935543.619814 1915866.17142
935543.744843 1915866.28141
935543.861003 1915866.39147
935543.977077 1915866.49043
935544.102021 1915866.58932
935544.226879 1915866.67712
935544.342868 1915866.76499
935544.467642 1915866.84169
935544.592415 1915866.9184
935544.708234 1915866.98407
935544.832922 1915867.04969
935544.96631 1915867.09304
935545.090914 1915867.14756
935545.215432 1915867.19098
935545.339865 1915867.22331
935545.473168 1915867.25557
935545.60647 1915867.28783
935545.739773 1915867.32009
935545.872906 1915867.33016
935546.006038 1915867.34024
935546.15691 1915867.35017
935546.281258 1915867.37141
935546.441085 1915867.39237
935546.574303 1915867.41354
935546.734045 1915867.42341
935546.884917 1915867.43334
935547.035959 1915867.46547
935547.186746 1915867.46431
935547.346658 1915867.49637
935547.488576 1915867.49528
935547.648403 1915867.51624
935547.808059 1915867.51502
935547.959017 1915867.53605
935548.109974 1915867.55708
935548.260846 1915867.56701
935548.420673 1915867.58798
935548.580415 1915867.59784
935548.740157 1915867.60771
935548.899899 1915867.61758
935549.059641 1915867.62745
935549.219468 1915867.64841
935549.388165 1915867.66931
935549.538952 1915867.66815
935549.663214 1915867.67829
935549.725303 1915867.67781
935549.760782 1915867.67754
935549.672084 1915867.67822
935549.707478 1915867.66686
935549.680954 1915867.67816
935549.698609 1915867.66693
935549.689739 1915867.66699
935549.707478 1915867.66686
935549.698609 1915867.66693
935549.751828 1915867.66652
935549.778437 1915867.66631
935549.849481 1915867.67686
935549.9027 1915867.67645
935549.973658 1915867.67591
935550.035832 1915867.68653
935550.11566 1915867.68591
935550.177834 1915867.69653
935550.257663 1915867.69592
935550.328706 1915867.70647
935550.408535 1915867.70586
935550.488448 1915867.71634
935550.568362 1915867.72682
935550.64819 1915867.72621
935550.728104 1915867.73669
935550.816887 1915867.7471
935550.887931 1915867.75765
935550.967759 1915867.75704
935551.056543 1915867.76745
935551.136371 1915867.76684
935551.207415 1915867.77739
935551.225154 1915867.77725
935551.198545 1915867.77745
935551.180805 1915867.77759
935551.216285 1915867.77732
935551.207415 1915867.77739
935551.18959 1915867.76643
935551.216285 1915867.77732
935551.198545 1915867.77745
935551.198545 1915867.77745
935551.207415 1915867.77739
935551.189675 1915867.77752
935551.207415 1915867.77739
935551.198545 1915867.77745
935551.198545 1915867.77745
935551.198545 1915867.77745
935551.198545 1915867.77745
935551.198545 1915867.77745
935551.207415 1915867.77739
935551.207415 1915867.77739
935551.207415 1915867.77739
935551.171936 1915867.77766
935551.127586 1915867.778
935551.065413 1915867.76738
935550.985584 1915867.76799
935550.887931 1915867.75765
935550.781408 1915867.74737
935550.666015 1915867.73716
935550.524013 1915867.72716
935550.39088 1915867.71709
935550.239923 1915867.69605
935550.106706 1915867.67489
935549.955919 1915867.67604
935549.840441 1915867.65474
935549.689568 1915867.64481
935549.574261 1915867.64569
935549.458783 1915867.62439
935549.343475 1915867.62527
935549.236952 1915867.615
935549.130429 1915867.60472
935549.032776 1915867.59437
935548.944078 1915867.59505
935548.846425 1915867.58471
935548.766596 1915867.58532
935548.677813 1915867.57491
935548.606854 1915867.57545
935548.526941 1915867.56497
935548.455982 1915867.56552
935548.385024 1915867.56606
935548.314065 1915867.5666
935548.234237 1915867.56722
935548.163193 1915867.55667
935548.092234 1915867.55721
935548.021191 1915867.54666
935547.968142 1915867.56926
935547.888314 1915867.56987
935547.79953 1915867.55946
935547.719702 1915867.56007
935547.639873 1915867.56068
935547.560045 1915867.5613
935547.453437 1915867.53993
935547.382478 1915867.54047
935547.31152 1915867.54102
935547.240561 1915867.54156
935547.178472 1915867.54204
935547.107429 1915867.53149
935547.0276 1915867.5321
935546.956642 1915867.53264
935546.867858 1915867.52223
935546.78803 1915867.52284
935546.699332 1915867.52353
935546.601679 1915867.51318
935546.51281 1915867.49167
935546.424027 1915867.48126
935546.335158 1915867.45975
935546.255159 1915867.43818
935546.157421 1915867.41674
935546.077422 1915867.39516
935545.997424 1915867.37359
935545.91751 1915867.36311
935545.837511 1915867.34153
935545.757598 1915867.33105
935545.668559 1915867.28735
935545.570821 1915867.26591
935545.463957 1915867.21126
935545.348309 1915867.16777
935545.23249 1915867.10209
935545.089977 1915867.02552
935544.956248 1915866.93779
935544.813565 1915866.83904
935544.670881 1915866.74028
935544.536812 1915866.60817
935544.393873 1915866.47613
935544.268674 1915866.34396
935544.143219 1915866.1785
935544.026719 1915866.02407
935543.927789 1915865.84731
935543.819988 1915865.67063
935543.738797 1915865.49374
935543.648566 1915865.29472
935543.57616 1915865.10667
935543.485929 1915864.90766
935543.404568 1915864.70858
935543.314252 1915864.49847
935543.215236 1915864.31062
935543.11605 1915864.10059
935542.999209 1915863.90178
935542.882369 1915863.70297
935542.783098 1915863.48184
935542.639563 1915863.27214
935542.531507 1915863.06217
935542.405626 1915862.84125
935542.270875 1915862.62039
935542.16299 1915862.43261
935542.037024 1915862.20059
935541.929224 1915862.0239
935541.803258 1915861.79188
935541.677462 1915861.58204
935541.569406 1915861.37208
935541.443526 1915861.15115
935541.353124 1915860.92995
935541.254023 1915860.73101
935541.154837 1915860.52097
935541.064521 1915860.31086
935540.96542 1915860.11192
935540.857449 1915859.91304
935540.740608 1915859.71424
935540.641678 1915859.53748
935540.533707 1915859.33861
935540.425906 1915859.16192
935540.326891 1915858.97407
935540.219005 1915858.78629
935540.111119 1915858.59851
935540.003404 1915858.43291
935539.904388 1915858.24506
935539.796673 1915858.07947
935539.697742 1915857.90272
935539.590027 1915857.73712
935539.491181 1915857.57146
935539.383551 1915857.41696
935539.284705 1915857.2513
935539.17716 1915857.1079
935539.06953 1915856.9534
935538.970769 1915856.79883
935538.872094 1915856.65536
935538.773419 1915856.51188
935538.674659 1915856.35732
935538.584938 1915856.22487
935538.495048 1915856.07023
935538.405327 1915855.93779
935538.324392 1915855.79418
935538.225802 1915855.6618
935538.136081 1915855.52935
935538.055061 1915855.37465
935537.97421 1915855.24213
935537.911014 1915855.09839
935537.847903 1915854.96573
935537.775923 1915854.83315
935537.721682 1915854.70043
935537.667611 1915854.5899
935537.613455 1915854.46827
935537.5593 1915854.34665
935537.514184 1915854.24714
935537.469068 1915854.14764
935537.433078 1915854.08135
935537.414827 1915854.01492
935537.378837 1915853.94863
935537.369712 1915853.91541
935537.342676 1915853.86015
935537.324596 1915853.81591
935537.306516 1915853.77167
935537.297391 1915853.73845
935537.323659 1915853.69387
935537.314534 1915853.66066
935537.296454 1915853.61642
935537.287414 1915853.5943
935537.278288 1915853.56108
935537.260293 1915853.52794
935537.251253 1915853.50582
935537.242128 1915853.4726
935537.233087 1915853.45048
935537.224047 1915853.42836
935537.215007 1915853.40624
935537.206052 1915853.39522
935537.197012 1915853.3731
935537.196927 1915853.362
935537.196842 1915853.35091
935537.187972 1915853.35098
935537.187887 1915853.33988
935537.187801 1915853.32879
935537.178932 1915853.32886
935537.178932 1915853.32886
935537.178846 1915853.31776
935537.187716 1915853.3177
935537.178932 1915853.32886
935537.178932 1915853.32886
935537.178932 1915853.32886
935537.178932 1915853.32886
935537.178932 1915853.32886
935537.178932 1915853.32886
935537.178932 1915853.32886
935537.178932 1915853.32886
935537.178932 1915853.32886
