935653.55343 1916153.68985
935653.536711 1916153.82311
935653.537561 1916153.93405
935653.547366 1916154.05602
935653.557171 1916154.17799
935653.549321 1916154.31118
935653.559126 1916154.43315
935653.559976 1916154.54409
935653.560996 1916154.67722
935653.561846 1916154.78816
935653.562782 1916154.91019
935653.554762 1916155.0212
935653.564567 1916155.14317
935653.60115 1916155.28712
935653.61087 1916155.39799
935653.603021 1916155.53119
935653.604211 1916155.6865
935653.605316 1916155.83072
935653.606421 1916155.97495
935653.598657 1916156.11924
935653.599762 1916156.26346
935653.600953 1916156.41878
935653.602058 1916156.563
935653.612118 1916156.71825
935653.595569 1916156.8737
935653.596759 1916157.02901
935653.58891 1916157.16221
935653.590185 1916157.32862
935653.59129 1916157.47284
935653.619004 1916157.61686
935653.611155 1916157.75006
935653.603645 1916157.92763
935653.595796 1916158.06083
935653.588202 1916158.2273
935653.580438 1916158.37159
935653.563974 1916158.53814
935653.565164 1916158.69346
935653.5487 1916158.86
935653.443626 1916159.03832
935653.427163 1916159.20487
935653.419568 1916159.37135
935653.411974 1916159.53783
935653.40438 1916159.7043
935653.396786 1916159.87078
935653.380407 1916160.04842
935653.372728 1916160.20381
935653.374258 1916160.4035
935653.357709 1916160.55895
935653.359155 1916160.74755
935653.35156 1916160.91403
935653.344136 1916161.10269
935653.336542 1916161.26917
935653.346687 1916161.43552
935653.330223 1916161.60206
935653.331498 1916161.76847
935653.332858 1916161.94598
935653.334134 1916162.11239
935653.326539 1916162.27886
935653.318945 1916162.44534
935653.320306 1916162.62285
935653.321581 1916162.78926
935653.323111 1916162.98895
935653.324386 1916163.15536
935653.317047 1916163.35512
935653.318407 1916163.53262
935653.319938 1916163.73232
935653.321383 1916163.92092
935653.313959 1916164.10958
935653.324274 1916164.29811
935653.316849 1916164.48678
935653.30934 1916164.66435
935653.310786 1916164.85295
935653.312146 1916165.03045
935653.313591 1916165.21905
935653.315036 1916165.40765
935653.307527 1916165.58522
935653.308973 1916165.77382
935653.310333 1916165.95132
935653.302909 1916166.13999
935653.304354 1916166.32859
935653.29693 1916166.51726
935653.298375 1916166.70585
935653.291036 1916166.90561
935653.283697 1916167.10537
935653.267403 1916167.29411
935653.268933 1916167.4938
935653.243855 1916167.6937
935653.227561 1916167.88243
935653.211268 1916168.07117
935653.186105 1916168.25997
935653.161026 1916168.45986
935653.135863 1916168.64867
935653.10183 1916168.83754
935653.076667 1916169.02634
935653.03385 1916169.22637
935652.999902 1916169.42634
935652.948216 1916169.62644
935652.896614 1916169.83763
935652.853882 1916170.04876
935652.80228 1916170.25995
935652.750764 1916170.48224
935652.690293 1916170.6935
935652.638691 1916170.9047
935652.595874 1916171.10473
935652.535403 1916171.31599
935652.474932 1916171.52725
935652.423245 1916171.72735
935652.362774 1916171.93861
935652.311087 1916172.13871
935652.26827 1916172.33875
935652.207799 1916172.55001
935652.156112 1916172.75011
935652.086857 1916172.97253
935652.04404 1916173.17257
935651.974699 1916173.3839
935651.923012 1916173.584
935651.853757 1916173.80642
935651.810855 1916173.99536
935651.741599 1916174.21778
935651.681128 1916174.42904
935651.620572 1916174.62921
935651.577925 1916174.85143
935651.517369 1916175.0516
935651.465852 1916175.27389
935651.405381 1916175.48515
935651.362649 1916175.69628
935651.311217 1916175.92966
935651.259616 1916176.14085
935651.216969 1916176.36307
935651.156498 1916176.57434
935651.113766 1916176.78546
935651.071034 1916176.99659
935651.019517 1916177.21888
935650.9767 1916177.41891
935650.933968 1916177.63004
935650.90019 1916177.85219
935650.866328 1916178.06325
935650.832465 1916178.2743
935650.789818 1916178.49652
935650.755871 1916178.69649
935650.722093 1916178.91864
935650.679361 1916179.12977
935650.645584 1916179.35192
935650.620591 1916179.56291
935650.595683 1916179.78499
935650.561905 1916180.00715
935650.536912 1916180.21814
935650.503134 1916180.44029
935650.478141 1916180.65128
935650.453233 1916180.87336
935650.42841 1916181.10654
935650.412287 1916181.31746
935650.387464 1916181.55064
935650.362556 1916181.77273
935650.337818 1916182.017
935650.31274 1916182.2169
935650.288002 1916182.46117
935650.263094 1916182.68325
935650.238356 1916182.92753
935650.213448 1916183.14961
935650.188625 1916183.38279
935650.154847 1916183.60494
935650.12107 1916183.82709
935650.105116 1916184.0602
935650.062554 1916184.29352
935650.037646 1916184.5156
935649.968646 1916184.77131
935649.90843 1916185.01585
935649.901176 1916185.22671
935649.876353 1916185.45988
935649.85153 1916185.69306
935649.826707 1916185.92624
935649.810754 1916186.15935
935649.7948 1916186.39246
935649.769977 1916186.62564
935649.754024 1916186.85875
935649.737985 1916187.08077
935649.713247 1916187.32504
935649.706078 1916187.54699
935649.690125 1916187.7801
935649.612 1916188.00259
935649.560484 1916188.22488
935649.544445 1916188.44689
935649.537191 1916188.65775
935649.521323 1916188.90195
935649.514069 1916189.11281
935649.4982 1916189.35701
935649.491031 1916189.57896
935649.483947 1916189.812
935649.476863 1916190.04505
935649.460825 1916190.26706
935649.453826 1916190.5112
935649.446657 1916190.73315
935649.439573 1916190.96619
935649.441188 1916191.17698
935649.442974 1916191.40995
935649.444589 1916191.62074
935649.44646 1916191.8648
935649.45703 1916192.08662
935649.449861 1916192.30857
935649.451476 1916192.51935
935649.444392 1916192.75239
935649.437053 1916192.95215
935649.429884 1916193.1741
935649.422715 1916193.39605
935649.415376 1916193.59581
935649.408037 1916193.79557
935649.391828 1916193.9954
935649.384659 1916194.21735
935649.37732 1916194.41711
935649.361112 1916194.61694
935649.353943 1916194.83889
935649.337649 1916195.02762
935649.330395 1916195.23847
935649.314187 1916195.4383
935649.298063 1916195.64923
935649.299679 1916195.86001
935649.28347 1916196.05984
935649.276301 1916196.28179
935649.269047 1916196.49264
935649.270748 1916196.71452
935649.263409 1916196.91428
935649.256325 1916197.14733
935649.408551 1916197.33477
935649.410252 1916197.55665
935649.402998 1916197.7675
935649.404528 1916197.9672
935649.406144 1916198.17798
935649.39889 1916198.38884
935649.39155 1916198.5886
935649.393166 1916198.79938
935649.385827 1916198.99914
935649.378488 1916199.1989
935649.380103 1916199.40969
935649.372849 1916199.62054
935649.356726 1916199.83147
935649.349472 1916200.04232
935649.333348 1916200.25324
935649.334879 1916200.45294
935649.31884 1916200.67495
935649.311501 1916200.87471
935649.304332 1916201.09666
935649.297078 1916201.30752
935649.289909 1916201.52946
935649.28257 1916201.72922
935649.284271 1916201.9511
935649.268232 1916202.17312
935649.269933 1916202.395
935649.253809 1916202.60592
935649.255425 1916202.81671
935649.25687 1916203.00531
935649.249786 1916203.23835
935649.242362 1916203.42702
935649.244063 1916203.6489
935649.245508 1916203.8375
935649.238339 1916204.05944
935649.23987 1916204.25914
935649.24157 1916204.48102
935649.243016 1916204.66962
935649.235847 1916204.89156
935649.246331 1916205.10228
935649.239077 1916205.31314
935649.240608 1916205.51283
935649.242308 1916205.73471
935649.252623 1916205.92324
935649.254154 1916206.12293
935649.255854 1916206.34481
935649.266169 1916206.53334
935649.258915 1916206.7442
935649.269315 1916206.94382
935649.270845 1916207.14351
935649.281245 1916207.34314
935649.273991 1916207.55399
935649.284391 1916207.75362
935649.286007 1916207.9644
935649.296492 1916208.17512
935649.306977 1916208.38584
935649.308592 1916208.59663
935649.319077 1916208.80734
935649.329647 1916209.02916
935649.331177 1916209.22885
935649.341747 1916209.45066
935649.352232 1916209.66138
935649.353848 1916209.87217
935649.364333 1916210.08289
935649.365948 1916210.29367
935649.376348 1916210.4933
935649.377963 1916210.70408
935649.379579 1916210.91487
935649.381024 1916211.10347
935649.38264 1916211.31425
935649.39304 1916211.51388
935649.385701 1916211.71364
935649.387231 1916211.91333
935649.388762 1916212.11302
935649.381337 1916212.30169
935649.383038 1916212.52357
935649.384483 1916212.71217
935649.377229 1916212.92302
935649.36989 1916213.12278
935649.362721 1916213.34473
935649.364082 1916213.52224
935649.348213 1916213.76644
935649.33192 1916213.95517
935649.333705 1916214.18815
935649.317582 1916214.39907
935649.310498 1916214.63211
935649.303244 1916214.84297
935649.278421 1916215.07615
935649.280037 1916215.28693
935649.263998 1916215.50895
935649.24796 1916215.73097
935649.240791 1916215.95291
935649.233537 1916216.16377
935649.217414 1916216.37469
935649.21016 1916216.58554
935649.194036 1916216.79647
935649.186782 1916217.00732
935649.179443 1916217.20708
935649.163405 1916217.4291
935649.156066 1916217.62886
935649.148812 1916217.83971
935649.141558 1916218.05057
935649.134304 1916218.26142
935649.135919 1916218.47221
935649.12875 1916218.69416
935649.121411 1916218.89392
935649.105373 1916219.11593
935649.098034 1916219.31569
935649.099819 1916219.54867
935649.092565 1916219.75952
935649.085397 1916219.98147
935649.069188 1916220.1813
935649.062189 1916220.42544
935649.05485 1916220.6252
935649.047766 1916220.85824
935649.049297 1916221.05793
935649.033343 1916221.29104
935649.034874 1916221.49073
935649.02779 1916221.72378
935649.020451 1916221.92354
935649.013367 1916222.15658
935649.014982 1916222.36736
935649.007899 1916222.60041
935649.009514 1916222.81119
935649.0026 1916223.06642
935648.995431 1916223.28837
935648.988432 1916223.53251
935648.990048 1916223.7433
935648.983049 1916223.98743
935648.984664 1916224.19822
935648.968711 1916224.43133
935648.970327 1916224.64211
935648.954373 1916224.87523
935648.955989 1916225.08601
935648.931081 1916225.3081
935648.915042 1916225.53011
935648.899004 1916225.75213
935648.882881 1916225.96305
935648.857888 1916226.17404
935648.83298 1916226.39613
935648.799033 1916226.59609
935648.774125 1916226.81817
935648.740263 1916227.02923
935648.706485 1916227.25138
935648.663754 1916227.46251
935648.629976 1916227.68466
935648.604984 1916227.89565
935648.553383 1916228.10685
935648.528135 1916228.28456
935648.476704 1916228.51794
935648.442756 1916228.7179
935648.400025 1916228.92903
935648.348338 1916229.12913
935648.314561 1916229.35128
935648.262705 1916229.52919
935648.220058 1916229.75141
935648.177157 1916229.94035
935648.125555 1916230.15155
935648.073869 1916230.35165
935648.030968 1916230.54059
935647.970412 1916230.74075
935647.918641 1916230.92976
935647.866955 1916231.12986
935647.815184 1916231.31887
935647.754713 1916231.53013
935647.702942 1916231.71913
935647.633517 1916231.91937
935647.581746 1916232.10838
935647.512406 1916232.31971
935647.45168 1916232.49769
935647.38234 1916232.70902
935647.31283 1916232.89816
935647.225581 1916233.08744
935647.156156 1916233.28767
935647.077777 1916233.47688
935646.990613 1916233.67726
935646.921103 1916233.8664
935646.824985 1916234.05574
935646.746605 1916234.24495
935646.650572 1916234.44539
935646.554369 1916234.62365
935646.46729 1916234.83511
935646.362132 1916235.00234
935646.257145 1916235.19175
935646.161026 1916235.3811
935646.03813 1916235.54846
935645.933057 1916235.72678
935645.810246 1916235.90524
935645.687434 1916236.08369
935645.573492 1916236.26208
935645.423987 1916236.42965
935645.292306 1916236.60817
935645.169495 1916236.78663
935645.028944 1916236.96522
935644.897178 1916237.13265
935644.747673 1916237.30022
935644.615822 1916237.45655
935644.466403 1916237.63521
935644.307858 1916237.78066
935644.158353 1916237.94822
935644.008679 1916238.0936
935643.850219 1916238.25014
935643.69176 1916238.40668
935643.506607 1916238.55233
935643.365717 1916238.68655
935643.180649 1916238.84329
935643.030805 1916238.96648
935642.845737 1916239.12323
935642.678323 1916239.26874
935642.475602 1916239.43671
935642.298894 1916239.52682
935642.113826 1916239.68357
935641.937373 1916239.80696
935641.752136 1916239.94152
935641.53142 1916240.07635
935641.310535 1916240.18899
935641.134252 1916240.33457
935640.966583 1916240.4468
935640.745868 1916240.58163
935640.551591 1916240.69406
935640.339575 1916240.80664
935640.127644 1916240.9303
935639.933367 1916241.04274
935639.712652 1916241.17757
935639.518205 1916241.26781
935639.288536 1916241.39162
935639.06748 1916241.48207
935638.873118 1916241.58341
935638.643193 1916241.67393
935638.448831 1916241.77527
935638.227776 1916241.86572
935638.024375 1916241.94494
935637.803234 1916242.0243
935637.590878 1916242.0925
935637.351829 1916242.1498
935637.157127 1916242.20677
935636.918078 1916242.26408
935636.705552 1916242.31008
935636.466332 1916242.3452
935636.244937 1916242.39128
935636.041025 1916242.40393
935635.784067 1916242.43919
935635.606679 1916242.44055
935635.367289 1916242.45348
935635.127645 1916242.43313
935634.89704 1916242.43489
935634.66635 1916242.42557
935634.444529 1916242.41617
935634.205054 1916242.41801
935633.983234 1916242.40861
935633.770453 1916242.42134
935633.530808 1916242.40099
935633.309072 1916242.40269
935633.096206 1916242.40432
935632.865601 1916242.40609
935632.65265 1916242.39663
935632.439784 1916242.39826
935632.218048 1916242.39996
935631.996313 1916242.40166
935631.783446 1916242.40329
935631.57945 1916242.40485
935631.366583 1916242.40648
935631.162502 1916242.39695
935630.931897 1916242.39872
935630.736769 1916242.40022
935630.515034 1916242.40192
935630.319906 1916242.40341
935630.106955 1916242.39395
935629.929482 1916242.38422
935629.707746 1916242.38592
935629.512619 1916242.38741
935629.308537 1916242.37788
935629.113324 1916242.36829
935628.900373 1916242.35882
935628.7229 1916242.34909
935628.509948 1916242.33963
935628.323605 1916242.32996
935628.119609 1916242.33153
935627.933266 1916242.32186
935627.720314 1916242.3124
935627.534057 1916242.31383
935627.338844 1916242.30423
935627.152586 1916242.30566
935626.94859 1916242.30722
935626.753377 1916242.29762
935626.567204 1916242.31014
935626.363122 1916242.30061
935626.176865 1916242.30204
935625.972868 1916242.30361
935625.786525 1916242.29394
935625.582443 1916242.28441
935625.396185 1916242.28584
935625.200973 1916242.27624
935625.01463 1916242.26657
935624.819502 1916242.26807
935624.62412 1916242.23628
935624.428907 1916242.22669
935624.23361 1916242.20599
935624.047097 1916242.17414
935623.851799 1916242.15345
935623.665371 1916242.13269
935623.470074 1916242.112
935623.283561 1916242.08014
935623.088263 1916242.05945
935622.910535 1916242.01643
935622.715152 1916241.98465
935622.528639 1916241.95279
935622.35091 1916241.90978
935622.164397 1916241.87792
935621.977714 1916241.82388
935621.782331 1916241.7921
935621.604603 1916241.74908
935621.409135 1916241.7062
935621.222622 1916241.67435
935621.027069 1916241.62037
935620.84934 1916241.57736
935620.662742 1916241.53441
935620.485013 1916241.49139
935620.29833 1916241.43735
935620.120601 1916241.39433
935619.933918 1916241.34029
935619.747405 1916241.30844
935619.560637 1916241.2433
935619.382908 1916241.20029
935619.187355 1916241.14631
935619.009541 1916241.0922
935618.822943 1916241.04925
935618.63626 1916240.99521
935618.458446 1916240.9411
935618.262893 1916240.88713
935618.084994 1916240.82192
935617.889527 1916240.77904
935617.702758 1916240.71391
935617.524945 1916240.6598
935617.338261 1916240.60576
935617.151578 1916240.55171
935616.96481 1916240.48658
935616.778126 1916240.43254
935616.582574 1916240.37856
935616.395805 1916240.31343
935616.209037 1916240.24829
935616.022354 1916240.19425
935615.83567 1916240.14021
935615.657686 1916240.06391
935615.470918 1916239.99877
935615.097381 1916239.8685
935614.901828 1916239.81453
935614.723844 1916239.73823
935614.528206 1916239.67316
935614.341438 1916239.60803
935614.145715 1916239.53186
935613.958947 1916239.46673
935613.763309 1916239.40166
935613.57654 1916239.33653
935613.389772 1916239.27139
935613.194134 1916239.20632
935613.007366 1916239.14119
935612.811813 1916239.08721
935612.624959 1916239.01098
935612.429492 1916238.9681
935612.233854 1916238.90303
935612.064824 1916238.83776
935611.878141 1916238.78372
935611.682673 1916238.74084
935611.478336 1916238.69803
935611.291653 1916238.64399
935611.087315 1916238.60118
935610.900632 1916238.54713
935610.687426 1916238.50439
935610.491703 1916238.42823
935610.28728 1916238.37432
935610.091813 1916238.33144
935609.887475 1916238.28863
935609.692093 1916238.25685
935609.478886 1916238.2141
935609.283418 1916238.17122
935609.079166 1916238.1395
935608.874829 1916238.09669
935608.670577 1916238.06498
935608.46641 1916238.04435
935608.262158 1916238.01263
935608.049121 1916237.99208
935607.853909 1916237.98248
935607.649742 1916237.96186
935607.445575 1916237.94123
935607.241408 1916237.92061
935607.046195 1916237.91101
935606.833329 1916237.91265
935606.638116 1916237.90305
935606.434034 1916237.89352
935606.238907 1916237.89501
935606.034825 1916237.88549
935605.839698 1916237.88698
935605.635616 1916237.87745
935605.440573 1916237.89004
935605.236491 1916237.88051
935605.050233 1916237.88194
935604.837282 1916237.87248
935604.642069 1916237.86288
935604.446942 1916237.86438
935604.251729 1916237.85478
935604.047732 1916237.85635
935603.85252 1916237.84675
935603.657392 1916237.84825
935603.453396 1916237.84981
935603.258098 1916237.82912
935603.063056 1916237.84171
935602.858974 1916237.83218
935602.663761 1916237.82258
935602.468634 1916237.82408
935602.282376 1916237.82551
935602.087163 1916237.81591
935601.900905 1916237.81734
935601.705692 1916237.80774
935601.510565 1916237.80924
935601.324307 1916237.81067
935601.129094 1916237.80107
935600.942751 1916237.7914
935600.756493 1916237.79283
935600.561366 1916237.79433
935600.357284 1916237.7848
935600.171026 1916237.78623
935599.966944 1916237.7767
935599.780601 1916237.76703
935599.585473 1916237.76853
935599.39913 1916237.75886
935599.204088 1916237.77145
935599.008875 1916237.76186
935598.831487 1916237.76322
935598.654098 1916237.76458
935598.4588 1916237.74389
935598.281412 1916237.74525
935598.095069 1916237.73558
935597.92655 1916237.73687
935597.749076 1916237.72714
935597.571687 1916237.7285
935597.403083 1916237.7187
935597.216825 1916237.72013
935597.048221 1916237.71033
935596.861963 1916237.71176
935596.702143 1916237.69079
935596.524754 1916237.69215
935596.356235 1916237.69345
935596.187631 1916237.68364
935596.019112 1916237.68494
935595.850592 1916237.68623
935595.673034 1916237.6654
935595.504515 1916237.66669
935595.318171 1916237.65703
935595.158437 1916237.64716
935594.972179 1916237.64859
935594.794705 1916237.63886
935594.617316 1916237.64022
935594.439843 1916237.63048
935594.244715 1916237.63198
935594.102634 1916237.61088
935593.880898 1916237.61258
935593.738902 1916237.60258
935593.543775 1916237.60407
935593.366301 1916237.59434
935593.215436 1916237.5844
935593.002569 1916237.58603
935592.869358 1916237.56487
935592.665361 1916237.56643
935592.523365 1916237.55643
935592.354761 1916237.54662
935592.186156 1916237.53682
935592.017637 1916237.53812
935591.857817 1916237.51715
935591.689298 1916237.51845
935591.520694 1916237.50864
935591.35209 1916237.49884
935591.183485 1916237.48904
935591.02375 1916237.47917
935590.846362 1916237.48053
935590.695326 1916237.44841
935590.526637 1916237.42751
935590.375771 1916237.41757
935590.198298 1916237.40784
935590.038393 1916237.37578
935589.869788 1916237.36598
935589.709883 1916237.33393
935589.549978 1916237.30187
935589.372419 1916237.28104
935589.20373 1916237.26015
935589.03487 1916237.21706
935588.866096 1916237.18507
935588.697236 1916237.14199
935588.528377 1916237.09891
935588.359602 1916237.06692
935588.190658 1916237.01274
935588.021713 1916236.95856
935587.852768 1916236.90439
935587.674954 1916236.85028
935587.497055 1916236.78507
935587.328025 1916236.7198
935587.15891 1916236.64344
935586.99875 1916236.5781
935586.838504 1916236.50166
935586.687043 1916236.41407
935586.526797 1916236.33763
935586.38412 1916236.23888
935586.232574 1916236.14019
935586.081113 1916236.05259
935585.94722 1916235.94267
935585.795589 1916235.83289
935585.670566 1916235.7229
935585.527804 1916235.61305
935585.402695 1916235.49197
935585.277587 1916235.37089
935585.14361 1916235.24987
935585.027286 1916235.11763
935584.910962 1916234.98539
935584.794553 1916234.84205
935584.687013 1916234.69864
935584.570604 1916234.5553
935584.462979 1916234.4008
935584.373008 1916234.23507
935584.274168 1916234.06941
935584.184197 1916233.90368
935584.094311 1916233.74905
935583.986431 1916233.56127
935583.905329 1916233.39547
935583.815273 1916233.21864
935583.725217 1916233.04182
935583.635246 1916232.87609
935583.54519 1916232.69927
935583.455048 1916232.51135
935583.382816 1916232.34548
935583.292675 1916232.15756
935583.229227 1916231.98054
935583.14804 1916231.80364
935583.075553 1916231.6045
935583.003321 1916231.43863
935582.939703 1916231.23941
935582.885124 1916231.06232
935582.821591 1916230.8742
935582.766928 1916230.68601
935582.712264 1916230.49782
935582.657601 1916230.30963
935582.620761 1916230.13239
935582.583751 1916229.93297
935582.538127 1916229.7669
935582.518941 1916229.57844
935582.473062 1916229.37909
935582.453962 1916229.20172
935582.425821 1916229.00223
935582.406635 1916228.81377
935582.369711 1916228.62544
935582.359479 1916228.44801
935582.313685 1916228.25975
935582.312238 1916228.07115
935582.293138 1916227.89378
935582.265082 1916227.70539
935582.245812 1916227.50583
935582.23558 1916227.3284
935582.216309 1916227.12884
935582.197209 1916226.95147
935582.178023 1916226.76301
935582.167706 1916226.57448
935582.148606 1916226.39711
935582.138204 1916226.19749
935582.127888 1916226.00896
935582.108702 1916225.82049
935582.107255 1916225.6319
935582.088154 1916225.45453
935582.077838 1916225.266
935582.067522 1916225.07747
935582.057205 1916224.88894
935582.046889 1916224.70041
935582.036573 1916224.51188
935582.026256 1916224.32335
935582.024894 1916224.14584
935582.014578 1916223.95731
935582.004262 1916223.76878
935582.0029 1916223.59128
935581.992583 1916223.40275
935581.973398 1916223.21428
935581.98082 1916223.02562
935581.961634 1916222.83715
935581.951318 1916222.64862
935581.949871 1916222.46003
935581.939555 1916222.2715
935581.929238 1916222.08297
935581.918837 1916221.88334
935581.90852 1916221.69481
935581.906988 1916221.49512
935581.905626 1916221.31761
935581.895225 1916221.11799
935581.902647 1916220.92932
935581.892246 1916220.7297
935581.890969 1916220.56329
935581.889437 1916220.3636
935581.896945 1916220.18602
935581.886628 1916219.99749
935581.894051 1916219.80883
935581.892689 1916219.63132
935581.900112 1916219.44266
935581.898665 1916219.25406
935581.906087 1916219.06539
935581.904725 1916218.88789
935581.912148 1916218.69922
935581.919741 1916218.53274
935581.918209 1916218.33305
935581.925801 1916218.16657
935581.933224 1916217.97791
935581.940731 1916217.80033
935581.948069 1916217.60057
935581.955577 1916217.423
935581.954215 1916217.2455
935581.961637 1916217.05683
935581.969145 1916216.87926
935581.976567 1916216.69059
935581.984075 1916216.51302
935581.991498 1916216.32435
935581.990051 1916216.13575
935582.006343 1916215.94702
935582.004896 1916215.75842
935582.012403 1916215.58085
935582.019826 1916215.39218
935582.027248 1916215.20352
935582.04354 1916215.01478
935582.042093 1916214.82618
935582.058385 1916214.63745
935582.056938 1916214.44885
935582.064361 1916214.26018
935582.071783 1916214.07152
935582.079206 1916213.88285
935582.077844 1916213.70535
935582.085352 1916213.52777
935582.092859 1916213.3502
935582.091498 1916213.1727
935582.09909 1916213.00622
935582.088944 1916212.83988
935582.096452 1916212.6623
935582.09526 1916212.50699
935582.102938 1916212.3516
935582.101661 1916212.18519
935582.10047 1916212.02988
935582.099278 1916211.87456
935582.098172 1916211.73034
935582.09698 1916211.57502
935582.095959 1916211.44189
935582.094767 1916211.28658
935582.093746 1916211.15345
935582.092639 1916211.00923
935582.091618 1916210.8761
935582.090682 1916210.75406
935582.098615 1916210.63196
935582.097679 1916210.50993
935582.096743 1916210.38789
935582.095806 1916210.26586
935582.103825 1916210.15485
935582.102888 1916210.03282
935582.110907 1916209.92181
935582.110141 1916209.82196
935582.10929 1916209.71102
935582.108524 1916209.61118
935582.107758 1916209.51133
935582.115861 1916209.41142
935582.11518 1916209.32266
935582.123454 1916209.24494
935582.131642 1916209.15612
935582.131047 1916209.07846
935582.130451 1916209.0008
935582.138724 1916208.92307
935582.138129 1916208.84542
935582.137788 1916208.80104
935582.137363 1916208.74557
