955587.018513 1956896.1495 0
955587.018573 1956896.1606 0
955587.018573 1956896.1606 0
955587.018573 1956896.1606 0
955587.018513 1956896.1495 0
955587.018513 1956896.1495 0
955587.018513 1956896.1495 0
955587.018513 1956896.1495 0
955587.018513 1956896.1495 0
955587.018573 1956896.1606 0
955587.027399 1956896.16055 0
955587.027339 1956896.14946 0
955587.036165 1956896.14941 0
955587.036106 1956896.13831 0
955587.053698 1956896.12712 0
955587.07135 1956896.12703 0
955587.088943 1956896.11584 0
955587.106476 1956896.09356 0
955587.124069 1956896.08237 0
955587.141602 1956896.06008 0
955587.159076 1956896.02671 0
955587.194261 1956896.00433 0
955587.22062 1956895.982 0
955587.264632 1956895.95957 0
955587.282165 1956895.93729 0
955587.343769 1956895.90367 0
955587.387721 1956895.87015 0
955587.431673 1956895.83663 0
955587.475565 1956895.79202 0
955587.53711 1956895.74731 0
955587.589888 1956895.71374 0
955587.642487 1956895.64689 0
955587.704151 1956895.62437 0
955587.783169 1956895.54628 0
955587.862307 1956895.49038 0
955587.941444 1956895.43448 0
955588.020581 1956895.37858 0
955588.108485 1956895.31154 0
955588.187622 1956895.25564 0
955588.284293 1956895.17746 0
955588.372137 1956895.09933 0
955588.468748 1956895.01005 0
955588.565537 1956894.95406 0
955588.670974 1956894.86473 0
955588.758878 1956894.79769 0
955588.881967 1956894.70827 0
955588.987523 1956894.64114 0
955589.092841 1956894.52962 0
955589.216049 1956894.46239 0
955589.303834 1956894.37316 0
955589.418038 1956894.2727 0
955589.514827 1956894.21671 0
955589.620146 1956894.10519 0
955589.761065 1956894.04896 0
955589.848731 1956893.93754 0
955589.962994 1956893.84817 0
955590.068432 1956893.75885 0
955590.200347 1956893.66938 0
955590.297017 1956893.5912 0
955590.402454 1956893.50187 0
955590.525544 1956893.41246 0
955590.622036 1956893.30099 0
955590.727473 1956893.21166 0
955590.815198 1956893.11134 0
955590.938287 1956893.02192 0
955591.05261 1956892.94364 0
955591.131628 1956892.86556 0
955591.27231 1956892.76495 0
955591.351448 1956892.70905 0
955591.483363 1956892.61958 0
955591.553496 1956892.53045 0
955591.667699 1956892.42998 0
955591.76437 1956892.3518 0
955591.878693 1956892.27352 0
955591.984249 1956892.20639 0
955592.107338 1956892.11697 0
955592.204068 1956892.04988 0
955592.327038 1956891.93827 0
955592.432535 1956891.86004 0
955592.520201 1956891.74862 0
955592.643528 1956891.70358 0
955592.757672 1956891.59202 0
955592.88088 1956891.52479 0
955592.995203 1956891.44652 0
955593.118292 1956891.3571 0
955593.22361 1956891.24558 0
955593.302629 1956891.1675 0
955593.452196 1956891.07794 0
955593.539981 1956890.98871 0
955593.680782 1956890.91029 0
955593.803931 1956890.83196 0
955593.90913 1956890.69826 0
955594.014627 1956890.62003 0
955594.181965 1956890.55256 0
955594.26975 1956890.46333 0
955594.401725 1956890.38496 0
955594.51587 1956890.2734 0
955594.647785 1956890.18394 0
955594.753163 1956890.08352 0
955594.876133 1956889.97191 0
955594.990456 1956889.89363 0
955595.122312 1956889.79307 0
955595.245401 1956889.70365 0
955595.377257 1956889.60309 0
955595.491699 1956889.547 0
955595.605902 1956889.44654 0
955595.737758 1956889.34598 0
955595.878559 1956889.26756 0
955595.975051 1956889.15609 0
955596.106907 1956889.05553 0
955596.256475 1956888.96597 0
955596.388212 1956888.84322 0
955596.51142 1956888.77599 0
955596.625446 1956888.64224 0
955596.748654 1956888.57501 0
955596.862679 1956888.44126 0
955596.977062 1956888.37408 0
955597.091087 1956888.24033 0
955597.223062 1956888.16196 0
955597.337266 1956888.06149 0
955597.486833 1956887.97193 0
955597.618808 1956887.89356 0
955597.724246 1956887.80424 0
955597.856101 1956887.70368 0
955597.961598 1956887.62545 0
955598.084806 1956887.55822 0
955598.190065 1956887.43561 0
955598.260258 1956887.35757 0
955598.383228 1956887.24596 0
955598.506437 1956887.17873 0
955598.611933 1956887.1005 0
955598.708604 1956887.02232 0
955598.831693 1956886.9329 0
955598.910652 1956886.84372 0
955599.051334 1956886.74311 0
955599.156831 1956886.66488 0
955599.324051 1956886.57522 0
955599.403069 1956886.49714 0
955599.517333 1956886.40776 0
955599.640363 1956886.30725 0
955599.754745 1956886.24007 0
955599.877834 1956886.15065 0
955599.965619 1956886.06142 0
955600.115187 1956885.97186 0
955600.238217 1956885.87135 0
955600.325883 1956885.75993 0
955600.47557 1956885.69256 0
955600.581007 1956885.60323 0
955600.704156 1956885.52491 0
955600.836012 1956885.42435 0
955600.94139 1956885.32393 0
955601.055653 1956885.23456 0
955601.178802 1956885.15623 0
955601.292947 1956885.04467 0
955601.407329 1956884.97749 0
955601.503881 1956884.87712 0
955601.626911 1956884.77661 0
955601.732348 1956884.68728 0
955601.837904 1956884.62015 0
955601.952227 1956884.54187 0
955602.057664 1956884.45254 0
955602.172047 1956884.38536 0
955602.268658 1956884.29609 0
955602.374214 1956884.22895 0
955602.453173 1956884.13977 0
955602.585208 1956884.07249 0
955602.672993 1956883.98326 0
955602.796201 1956883.91603 0
955602.91935 1956883.83771 0
955603.024847 1956883.75948 0
955603.139229 1956883.6923 0
955603.262378 1956883.61397 0
955603.385527 1956883.53565 0
955603.499791 1956883.44628 0
955603.596461 1956883.36809 0
955603.71961 1956883.28977 0
955603.825048 1956883.20045 0
955603.930485 1956883.11112 0
955604.06246 1956883.03275 0
955604.159071 1956882.94347 0
955604.291046 1956882.8651 0
955604.40531 1956882.77573 0
955604.52834 1956882.67522 0
955604.651608 1956882.61908 0
955604.774578 1956882.50747 0
955604.906434 1956882.40691 0
955605.003046 1956882.31764 0
955605.17927 1956882.26122 0
955605.293355 1956882.13856 0
955605.363726 1956882.09381 0
955605.486697 1956881.9822 0
955605.565953 1956881.94849 0
955605.653857 1956881.88145 0
955605.750528 1956881.80327 0
955605.838492 1956881.74732 0
955605.926455 1956881.69138 0
955606.005593 1956881.63548 0
955606.111208 1956881.57944 0
955606.163808 1956881.51259 0
955606.216646 1956881.49011 0
955606.251891 1956881.47883 0
955606.27825 1956881.4565 0
955606.295843 1956881.44531 0
955606.313435 1956881.43412 0
955606.322261 1956881.43407 0
955606.331028 1956881.42293 0
955606.322202 1956881.42298 0
955606.331088 1956881.43402 0
955606.313376 1956881.42302 0
955606.313435 1956881.43412 0
955606.304609 1956881.43417 0
955606.295783 1956881.43421 0
955606.295843 1956881.44531 0
955606.287017 1956881.44536 0
