955589.75754 1956898.33161 3
955589.748714 1956898.33166 3
955589.748714 1956898.33166 3
955589.748714 1956898.33166 3
955589.75754 1956898.33161 3
955589.748714 1956898.33166 3
955589.748714 1956898.33166 3
955589.748714 1956898.33166 3
955589.748714 1956898.33166 3
955589.748714 1956898.33166 3
955589.748714 1956898.33166 3
955589.748714 1956898.33166 3
955589.75754 1956898.33161 3
955589.75754 1956898.33161 3
955589.757481 1956898.32052 3
955589.775133 1956898.32042 3
955589.792666 1956898.29814 3
955589.827792 1956898.26467 3
955589.889455 1956898.24215 3
955589.933407 1956898.20863 3
955589.994892 1956898.15282 3
955590.056437 1956898.10811 3
955590.117863 1956898.04121 3
955590.214711 1956897.99632 3
955590.302615 1956897.92927 3
955590.390579 1956897.87333 3
955590.469716 1956897.81743 3
955590.548794 1956897.75044 3
955590.636697 1956897.6834 3
955590.698183 1956897.62759 3
955590.803679 1956897.54936 3
955590.865283 1956897.51575 3
955590.961953 1956897.43757 3
955591.014434 1956897.34852 3
955591.111283 1956897.30363 3
955591.199127 1956897.22549 3
955591.269439 1956897.16964 3
955591.348516 1956897.10265 3
955591.43648 1956897.0467 3
955591.515557 1956896.97971 3
955591.594754 1956896.9349 3
955591.691484 1956896.86782 3
955591.770562 1956896.80082 3
955591.840932 1956896.75607 3
955591.919951 1956896.67798 3
955591.990202 1956896.61103 3
955592.060573 1956896.56628 3
955592.148596 1956896.52142 3
955592.210081 1956896.46562 3
955592.271566 1956896.40982 3
955592.333051 1956896.35401 3
955592.412189 1956896.29811 3
955592.473733 1956896.2534 3
955592.544044 1956896.19755 3
955592.605589 1956896.15284 3
955592.667015 1956896.08594 3
955592.7285 1956896.03014 3
955592.79887 1956895.98538 3
955592.860474 1956895.95177 3
955592.930786 1956895.89592 3
955592.974619 1956895.84021 3
955593.036223 1956895.80659 3
955593.088941 1956895.76193 3
955593.141719 1956895.72836 3
955593.185612 1956895.68375 3
955593.229623 1956895.66132 3
955593.264749 1956895.62785 3
955593.282282 1956895.60557 3
955593.317468 1956895.58319 3
955593.343827 1956895.56086 3
955593.36136 1956895.53857 3
955593.378953 1956895.52738 3
955593.396605 1956895.52729 3
955593.422964 1956895.50496 3
955593.43179 1956895.50491 3
955593.449383 1956895.49372 3
955593.458149 1956895.48258 3
955593.466916 1956895.47144 3
955593.466916 1956895.47144 3
955593.466916 1956895.47144 3
955593.493275 1956895.44911 3
955593.501982 1956895.42687 3
955593.545994 1956895.40444 3
955593.55476 1956895.3933 3
955593.589886 1956895.35983 3
955593.616305 1956895.34859 3
955593.660316 1956895.32617 3
955593.67785 1956895.30388 3
955593.713035 1956895.28151 3
955593.730509 1956895.24813 3
955593.774461 1956895.21461 3
955593.818472 1956895.19218 3
955593.853598 1956895.15871 3
955593.888783 1956895.13633 3
955593.932735 1956895.10281 3
955593.976687 1956895.06929 3
955594.011813 1956895.03582 3
955594.055765 1956895.0023 3
955594.090831 1956894.95773 3
955594.143669 1956894.93526 3
955594.169969 1956894.90183 3
955594.222747 1956894.86826 3
955594.266699 1956894.83474 3
955594.310651 1956894.80122 3
955594.354662 1956894.7788 3
955594.389788 1956894.74532 3
955594.416207 1956894.73409 3
955594.354603 1956894.7677 3
955594.372136 1956894.74542 3
955594.389788 1956894.74532 3
955594.372195 1956894.75651 3
955594.363369 1956894.75656 3
955594.380962 1956894.74537 3
955594.372195 1956894.75651 3