955593.827783 1956913.39886 0
955593.827783 1956913.39886 0
955593.827783 1956913.39886 0
955593.827783 1956913.39886 0
955593.818957 1956913.39891 0
955593.818898 1956913.38782 0
955593.810072 1956913.38786 0
955593.810012 1956913.37677 0
955593.792301 1956913.36577 0
955593.792241 1956913.35467 0
955593.77447 1956913.33258 0
955593.756759 1956913.32158 0
955593.738928 1956913.28839 0
955593.721157 1956913.2663 0
955593.694382 1956913.21097 0
955593.667785 1956913.18892 0
955593.623357 1956913.13368 0
955593.596701 1956913.10054 0
955593.561159 1956913.05635 0
955593.534443 1956913.01211 0
955593.498901 1956912.96793 0
955593.454533 1956912.92378 0
955593.418991 1956912.87959 0
955593.383389 1956912.82431 0
955593.347847 1956912.78012 0
955593.30342 1956912.72489 0
955593.267878 1956912.6807 0
955593.232276 1956912.62541 0
955593.187789 1956912.55908 0
955593.152307 1956912.52599 0
955593.099053 1956912.4708 0
955593.063511 1956912.42661 0
955593.010317 1956912.38251 0
955592.965949 1956912.33837 0
955592.930407 1956912.29418 0
955592.894805 1956912.2389 0
955592.850318 1956912.17257 0
955592.832429 1956912.12828 0
955592.779294 1956912.09528 0
955592.7524 1956912.01776 0
955592.699146 1956911.96258 0
955592.645952 1956911.91848 0
955592.592639 1956911.8522 0
955592.548152 1956911.78587 0
955592.494898 1956911.73068 0
955592.432759 1956911.66444 0
955592.379506 1956911.60925 0
955592.30854 1956911.54306 0
955592.264053 1956911.47673 0
955592.219507 1956911.39931 0
955592.157427 1956911.34416 0
955592.11294 1956911.27783 0
955592.077279 1956911.21146 0
955592.024026 1956911.15627 0
955591.961827 1956911.07894 0
955591.908633 1956911.03484 0
955591.846494 1956910.9686 0
955591.802067 1956910.91337 0
955591.757698 1956910.86923 0
955591.704504 1956910.82513 0
955591.660017 1956910.7588 0
955591.615649 1956910.71466 0
955591.571341 1956910.68161 0
955591.50938 1956910.64866 0
955591.465071 1956910.61561 0
955591.411937 1956910.58261 0
955591.358683 1956910.52742 0
955591.305548 1956910.49442 0
955591.252354 1956910.45033 0
955591.190334 1956910.40628 0
955591.119547 1956910.37338 0
955591.022163 1956910.31842 0
955590.951317 1956910.27442 0
955590.862819 1956910.23052 0
955590.765494 1956910.18666 0
955590.650518 1956910.1429 0
955590.588498 1956910.09885 0
955590.482347 1956910.05504 0
955590.385023 1956910.01118 0
955590.287758 1956909.97842 0
955590.181727 1956909.9568 0
955590.102173 1956909.93503 0
955590.013794 1956909.91332 0
955589.925355 1956909.88051 0
955589.837095 1956909.88098 0
955589.739889 1956909.85931 0
955589.669221 1956909.84859 0
955589.598553 1956909.83788 0
955589.510352 1956909.84945 0
955589.430918 1956909.84987 0
955589.333772 1956909.8393 0
955589.263223 1956909.85077 0
955589.18367 1956909.82901 0
955589.113121 1956909.84048 0
955589.033686 1956909.84091 0
955588.945485 1956909.85247 0
955588.857225 1956909.85295 0
955588.77785 1956909.86447 0
955588.698415 1956909.86489 0
955588.636633 1956909.86522 0
955588.539606 1956909.87684 0
955588.477883 1956909.88826 0
955588.398508 1956909.89978 0
955588.336785 1956909.91121 0
955588.266177 1956909.91159 0
955588.186802 1956909.92311 0
955588.116194 1956909.92349 0
955588.027933 1956909.92396 0
955587.957384 1956909.93543 0
955587.869124 1956909.93591 0
955587.789868 1956909.96962 0
955587.736852 1956909.95881 0
955587.639884 1956909.98151 0
955587.586869 1956909.9707 0
955587.489901 1956909.99341 0
955587.419293 1956909.99379 0
955587.331032 1956909.99427 0
955587.24295 1956910.02802 0
955587.163456 1956910.01735 0
955587.101793 1956910.03987 0
955587.031184 1956910.04025 0
955587.048836 1956910.04016 0
955587.022358 1956910.0403 0
955587.048836 1956910.04016 0
955587.048777 1956910.02906 0
955587.066429 1956910.02897 0
955587.057603 1956910.02902 0
955587.066429 1956910.02897 0
955587.066429 1956910.02897 0
955587.075196 1956910.01783 0
955587.075255 1956910.02892 0
955587.075255 1956910.02892 0
955587.066429 1956910.02897 0
955587.057603 1956910.02902 0
955587.04001 1956910.0402 0
955587.031125 1956910.02916 0
955587.04001 1956910.0402 0
955587.031125 1956910.02916 0
955587.048836 1956910.04016 0
955587.039951 1956910.02911 0
955587.057603 1956910.02902 0
955587.048777 1956910.02906 0
955587.066429 1956910.02897 0
955587.057663 1956910.04011 0
955587.066429 1956910.02897 0
955587.066489 1956910.04006 0
955587.075255 1956910.02892 0
955587.084081 1956910.02887 0
955587.075255 1956910.02892 0
955587.075315 1956910.04002 0
955587.075255 1956910.02892 0
955587.066429 1956910.02897 0
955587.066429 1956910.02897 0
955587.075255 1956910.02892 0
955587.075255 1956910.02892 0
955587.084081 1956910.02887 0
955587.075255 1956910.02892 0
955587.075255 1956910.02892 0
955587.066429 1956910.02897 0
955587.075255 1956910.02892 0
955587.084022 1956910.01778 0
955587.084022 1956910.01778 0
955587.084022 1956910.01778 0
