935509.802716026 1915803.85711309
935510.7253395476 1915805.5853147048
935511.6479630691 1915807.3131937291
935512.5705865908 1915809.0407195261
935513.4932101124 1915810.658860471
935514.415833634 1915812.3025301928
935515.3384571556 1915814.037724011
935516.2610806773 1915815.7500145058
935517.1837041989 1915817.450774251
935518.1063277205 1915819.1881798992
935519.0289512421 1915820.9138804679
935519.9515747637 1915822.615545182
935520.8741982853 1915824.307793639
935521.7968218069 1915826.0299685209
935522.7194453286 1915827.8007517417
935523.6420688501 1915829.5458452413
935524.5646923718 1915831.2855506951
935525.4873158934 1915833.0290691992
935526.4099394149 1915834.7466577615
935527.3325629366 1915836.4866630344
935528.2551864582 1915838.2057389964
935529.1778099799 1915839.9369213856
935530.1004335014 1915841.6582145626
935531.0230570231 1915843.384482516
935531.9456805447 1915845.1118152027
935532.8683040662 1915846.8451149287
935533.7909275879 1915848.5796155753
935534.7135511095 1915850.3010428483
935535.6361746311 1915852.0277602535
935536.5587981527 1915853.7648319413
935537.4814216744 1915855.4822330212
935538.404045196 1915857.2352956391
935539.3266687175 1915858.9332974257
935540.2492922392 1915860.6730971
935541.1719157608 1915862.3902634112
935542.0945392824 1915864.1370227248
935543.017162804 1915865.8621885704
935543.9397863257 1915867.5844781487
935544.8624098472 1915869.3410214393
935545.7850333689 1915871.0442744829
935546.7076568905 1915872.7815063754
935547.630280412 1915874.5063958978
935548.5529039337 1915876.2312443515
935549.4755274553 1915877.9761513777
935550.398150977 1915879.695922068
935551.3207744985 1915881.4461211138
935552.2433980202 1915883.1346546505
935553.1660215418 1915884.808332387
935554.0886450633 1915886.4397723638
935555.011268585 1915888.15932374
935555.011268585 1915888.15932374
935555.290382217 1915888.7182465256
935555.5694958492 1915889.2711593765
935555.8486094812 1915889.818062292
935556.1277231133 1915890.358955272
935556.4068367454 1915890.8938383171
935556.6859503775 1915891.4311551224
935556.9650640095 1915892.0528387772
935557.2441776417 1915892.7795484397
935557.5232912737 1915893.6315323815
935557.8024049058 1915894.6340182244
935557.999184267 1915895.4481441076
935558.1973586178 1915896.2622699908
935558.3588394368 1915897.076395874
935558.4004019827 1915897.890521757
935558.3319408414 1915898.70464764
935558.1935802427 1915899.5187735232
935557.9885677436 1915900.3328994063
935557.7207358324 1915901.1470252895
935557.3911502755 1915901.9611511726
935556.9602374987 1915902.551159794
935556.529324722 1915903.041013782
935556.0984119453 1915903.5520781947
935555.6674991685 1915904.0843530323
935555.2365863917 1915904.6107806175
935554.805673615 1915905.092171123
935554.3747608382 1915905.5282023768
935553.9438480615 1915905.9188743792
935553.5129352848 1915906.2641871304
935553.082022508 1915906.56414063
935553.082022508 1915906.56414063
935552.2893512779 1915906.9954795623
935551.4966800476 1915907.426760374
935550.7040088174 1915907.855857951
935549.9113375872 1915908.282208115
935549.118666357 1915908.7076882715
935548.3259951267 1915909.127755631
935547.5333238966 1915909.5461669744
935546.7406526664 1915909.9667955167
935545.9479814362 1915910.3880576526
935545.155310206 1915910.806468593
935544.3626389757 1915911.2256011174
935543.5699677456 1915911.6476660129
935542.7772965153 1915912.066992261
935541.9846252851 1915912.4847844513
935541.1919540549 1915912.9069308117
935540.3992828247 1915913.3261472268
935539.6066115946 1915913.744445348
935538.8139403643 1915914.1664747328
935538.0212691341 1915914.5831538488
935537.2285979039 1915914.999422574
935536.4359266737 1915915.4214519556
935535.6432554434 1915915.8404190473
935534.8505842133 1915916.2558145477
935534.0579129831 1915916.6773104575
935533.2652417528 1915917.1004049387
935532.4725705227 1915917.5216806452
935531.6798992924 1915917.9376393287
935530.8872280623 1915918.3756285042
935530.094556832 1915918.8264876574
935529.3018856018 1915919.290960819
935528.5092143716 1915919.778276678
935527.495680365 1915920.50919665
935527.096892713 1915920.81877923
935526.69260087 1915921.16026483
935526.244033781 1915921.58302368
935525.845724114 1915921.98858467
935525.292678792 1915922.56963876
935524.981224434 1915922.91959385
935524.541845164 1915923.4564637
935524.313772496 1915923.78074873
935523.981031481 1915924.27532233
935523.725880092 1915924.66815714
935523.489640293 1915925.12927108
935523.258999743 1915925.55248531
935523.023903322 1915926.06760096
935522.818980364 1915926.57119855
935522.625450072 1915927.17594604
935522.473419833 1915927.7483614
935522.328673579 1915928.4288594
935522.256567251 1915929.00454108
935522.200456092 1915929.76941887
935522.184713405 1915930.25802073
935522.16784453 1915930.75460231
935522.182324183 1915931.29166866
935522.216504867 1915931.72108012
935522.259536624 1915932.0966483
935522.329050466 1915932.6935691
935522.463876777 1915933.2695319
935522.608826978 1915933.96361932
935522.821310331 1915934.62278819
935523.058608235 1915935.41930878
935523.247419065 1915935.93214677
935523.431676271 1915936.41692108
935523.657244766 1915936.94433748
935523.84876741 1915937.41223214
935524.053043854 1915937.83234354
935524.391379405 1915938.56148671
935524.631447098 1915939.05714268
935525.154892668 1915940.09112839
935525.390137405 1915940.57571125
935525.482312187 1915940.75211919
935525.83168781 1915941.41545743
935526.182062876 1915942.07881152
935526.535436278 1915942.74221313
935526.886874158 1915943.40158528
935527.237249223 1915944.06493937
935527.586624841 1915944.72827762
935528.1419608913 1915945.7706040984
935528.6972969417 1915946.8197529353
935529.252632992 1915947.8685668681
935529.8079690423 1915948.9081105078
935530.3633050927 1915949.9481985352
935530.918641143 1915950.9884178222
935531.4739771934 1915952.0276555587
935532.0293132436 1915953.0755758423
935532.5846492939 1915954.132148159
935533.1399853443 1915955.1103313798
935533.6953213946 1915956.028300243
935534.2506574449 1915956.9462691061
935534.8059934953 1915957.864699447
935535.3613295456 1915958.7832557135
935535.916665596 1915959.70181198
935536.562567569 1915960.76772979
935537.1723754512 1915961.5179648963
935537.7821833333 1915962.1041194834
935538.3919912155 1915962.5261935513
935539.0017990978 1915962.8020191982
935539.6116069799 1915963.0147638072
935540.2214148621 1915963.1749555224
935540.8312227442 1915963.2935506073
935541.4410306264 1915963.3837623908
935542.0508385086 1915963.4456192087
935542.6606463908 1915963.4791210624
935543.270454273 1915963.4842679
935544.3263838486 1915963.317201563
935545.3823134241 1915963.0554941932
935546.4382429998 1915962.6991458412
935547.4941725754 1915962.2481565068
935548.550102151 1915961.70252619
935549.2822783526 1915961.3761662224
935550.0144545543 1915961.0134884622
935550.7466307561 1915960.621782192
935551.4788069577 1915960.231658055
935552.2109831594 1915959.8425768316
935552.943159361 1915959.4554763422
935553.6753355627 1915959.0606283126
935554.4075117644 1915958.6647093676
935555.1396879661 1915958.2740366908
935555.8718641677 1915957.8803498496
935556.6040403694 1915957.4831856731
935557.336216571 1915957.0903903774
935558.0683927728 1915956.700091138
935558.8005689745 1915956.3141283006
935559.5327451761 1915955.9270012027
935560.2649213778 1915955.53632852
935560.9970975795 1915955.1457426723
935561.7292737812 1915954.755306653
935562.4614499828 1915954.36493768
935563.1936261845 1915953.9746136225
935563.9258023861 1915953.5823018923
935564.6579785879 1915953.1916292016
935565.3901547896 1915952.8071466475
935566.1223309912 1915952.4429228965
935566.8545071929 1915952.078896185
935567.5866833945 1915951.7148694734
935568.3188595963 1915951.3508008865
935569.0510357979 1915950.9866433726
935569.7832119996 1915950.6224858586
935570.5153882012 1915950.258328345
935571.2475644029 1915949.8942570728
935571.9797406046 1915949.5302303517
935572.7119168063 1915949.1662036309
935573.444093008 1915948.80217691
935574.4120754554 1915948.26292477
935575.3800579028 1915947.815987509
935576.3480403502 1915947.461365128
935577.3160227976 1915947.1944242504
935578.2840052451 1915946.9279280335
935579.2519876924 1915946.6833892236
935580.2199701399 1915946.615569276
935581.1879525874 1915946.6739253462
935582.1559350347 1915946.817290503
935583.1239174822 1915947.077316456
935584.0918999296 1915947.5413775807
935585.059882377 1915948.21454076
935586.196768274 1915949.39820822
935586.7848298658 1915950.188229426
935587.3728914575 1915950.974570621
935587.9609530494 1915951.757231806
935588.5490146411 1915952.547192438
935589.1370762329 1915953.403975976
935589.7251378247 1915954.3160900366
935590.3131994165 1915955.2240196115
935590.9012610082 1915956.1239555941
935591.4893226001 1915957.0087474769
935592.0773841918 1915957.8673478153
935592.6654457836 1915958.7346655114
935593.2535073754 1915959.7842272809
935593.8415689672 1915960.8927488658
935594.4296305589 1915961.9904498972
935595.0176921508 1915963.0908587263
935595.6057537425 1915964.1931228158
935596.1938153344 1915965.2925408266
935596.7818769261 1915966.3947519371
935597.3699385179 1915967.493915729
935597.9580001098 1915968.5969760849
935598.5460617015 1915969.689302053
935599.1341232933 1915970.8011451138
935599.7221848851 1915971.8972722664
935600.3102464769 1915972.996240685
935600.8983080686 1915974.0934379173
935601.4863696605 1915975.216890913
935602.0744312522 1915976.2934621847
935602.662492844 1915977.3563797537
935603.2505544358 1915978.4292488014
935603.8386160276 1915979.508919571
935604.4266776193 1915980.5872795735
935605.0147392112 1915981.6640140798
935605.6028008029 1915982.740617569
935606.1908623948 1915983.8176007848
935606.7789239865 1915984.8946085912
935607.3669855783 1915985.97106775
935607.95504717 1915987.047072655
935608.5431087619 1915988.1234167144
935609.1311703536 1915989.2002675885
935609.7192319455 1915990.2773526784
935610.3072935373 1915991.3544055787
935610.895355129 1915992.4313799315
935611.4834167209 1915993.5080662188
935612.0714783126 1915994.5844473552
935612.6595399044 1915995.6610434193
935613.2476014962 1915996.7381620575
935613.835663088 1915997.8153104638
935614.4237246797 1915998.891390149
935615.0117862716 1915999.9805974197
935615.5998478633 1916001.0848883218
935616.1879094552 1916002.1843419848
935616.7759710469 1916003.2787496205
935617.3640326387 1916004.3844186037
935617.9520942305 1916005.505800672
935618.5401558223 1916006.6325181862
935619.128217414 1916007.7590547549
935619.7162790059 1916008.871553498
935620.3043405976 1916009.9655062675
935620.8924021894 1916011.0579438969
935621.4804637813 1916012.1539565322
935622.068525373 1916013.2547839032
935622.6565869648 1916014.353690228
935623.2446485566 1916015.4498273022
935623.8327101484 1916016.59588732
935624.4207717401 1916017.7586243427
935625.008833332 1916018.9168770537
935625.5968949237 1916020.076142895
935626.1849565156 1916021.233222855
935626.7730181073 1916022.4155767239
935627.3610796991 1916023.6197181765
935627.9491412909 1916024.8225346652
935628.5372028827 1916026.0243103337
935629.1252644744 1916027.2295222315
935629.7133260663 1916028.437747711
935630.301387658 1916029.6415398607
935630.8894492498 1916030.862665348
935631.4775108416 1916032.1299896606
935632.0655724334 1916033.4059979036
935632.6536340251 1916034.6823962273
935633.241695617 1916035.9609643791
935633.8297572088 1916037.251019766
935634.4178188005 1916038.5474081743
935635.0058803924 1916039.8520285184
935635.5939419841 1916041.1814203132
935636.182003576 1916042.5087788117
935636.7700651677 1916043.8393168433
935637.3581267595 1916045.2028635056
935637.9461883513 1916046.6081120702
935638.5342499431 1916048.0616272292
935639.1223115348 1916049.5232900595
935639.7103731267 1916050.9800516842
935640.2984347184 1916052.4758324123
935640.8864963102 1916054.0665109402
935641.474557902 1916055.6604325837
935642.0626194938 1916057.2457401534
935642.6506810855 1916058.806028328
935643.2387426774 1916060.4535973547
935643.8268042691 1916062.1870809274
935644.414865861 1916064.00155404
935644.879828494 1916065.44548859
935645.1530884256 1916066.307495072
935645.4263483572 1916067.2160777159
935645.6996082888 1916068.113377158
935645.9728682203 1916069.0254434464
935646.2461281519 1916069.991779137
935646.5193880835 1916070.9936942612
935646.7926480151 1916071.9989923167
935647.0659079467 1916072.9892880977
935647.3391678783 1916073.9820352863
935647.6124278097 1916075.0241945367
935647.8856877413 1916076.0838208268
935648.1589476729 1916077.133763343
935648.4322076045 1916078.4199609705
935648.7054675361 1916079.8540152947
935648.9787274677 1916081.3840743634
935649.2519873992 1916083.2581749659
935649.5252473308 1916085.7338121394
935649.7985072624 1916088.5840046431
935649.9384929438 1916090.1090284803
935650.2394819283 1916091.2938492893
935650.071767194 1916093.28736585
935650.126720739 1916094.80277729
935650.181674278 1916096.31818874
935650.245027343 1916098.18662623
935650.306118741 1916100.38692713
935650.343747502 1916103.37361731
935650.380376785 1916106.36029165
935650.418005489 1916109.34698183
935650.455634162 1916112.33367201
935650.492263358 1916115.32034635
935650.529907815 1916118.30603709
935650.567536399 1916121.29272728
935650.60435563 1916124.26740828
935650.852001126 1916126.80756424
935651.018130599 1916128.30974264
935651.184260066 1916129.81192104
935651.306152581 1916130.95150803
935651.615931227 1916133.92351819
935651.829268173 1916135.97927715
935652.147216612 1916138.94042017
935652.464118044 1916141.90454568
935652.510355172 1916142.3301497
935652.819324384 1916145.29015069
935653.132180443 1916148.25721119
935653.22690837 1916149.15544069
935653.340329749 1916151.08165462
935653.346675886 1916152.63628343
935653.353006174 1916154.19191168
935653.351602614 1916154.59576686
935653.323999275 1916156.14785809
935653.297395374 1916157.69996517
935653.256940083 1916160.69341517
935653.215485314 1916163.68684932
935653.175029961 1916166.68029932
935653.150842032 1916168.458376133
935652.243123279 1916169.97152303
935651.364133644 1916171.43813962
935650.540522585 1916173.51045051
935649.985510392 1916174.90922504
935649.520525942 1916176.99821767
935649.470584832 1916178.50896722
935649.420627869 1916180.02071622
935649.342078633 1916182.83161752
935649.281602499 1916185.8267495
935649.221126334 1916188.82188148
935649.19036475 1916190.32093871
935649.159587317 1916191.82099539
935649.156528197 1916191.95090745
935649.093259604 1916194.93299911
935649.029990979 1916197.91509076
935648.965722882 1916200.89716657
935648.902454201 1916203.87925822
935648.864321348 1916205.65411486
935648.84986701 1916208.64697731
935648.836412085 1916211.6398556
935648.821957687 1916214.63271805
935648.808502705 1916217.62559634
935648.79586641 1916220.31457985
935648.634461761 1916223.30711215
935648.553474237 1916224.82136833
935648.345380799 1916227.79516596
935648.320750953 1916228.1506675
935647.510196571 1916231.03893763
935647.279230508 1916231.8610256
935646.04524138 1916234.59562778
935645.656728626 1916235.45520609
935643.777791006 1916237.94665484
935641.342766057 1916239.69751023
935640.666262708 1916240.18363509
935637.819693643 1916241.40912389
935634.833008689 1916241.69867489
935631.847323208 1916241.98824173
935629.423324765 1916242.22373188
935629.510769768 1916238.41027616
935626.696157351 1916238.37665391
935626.04956374 1916238.36340463
935624.550332337 1916238.34363671
935623.632904884 1916238.32509431
935623.130168032 1916238.31812433
935622.21272474 1916238.30058138
935620.713762701 1916238.26382289
935618.880906711 1916238.22676979
935617.88858425 1916238.20304133
935616.158671144 1916238.16762014
935614.65967745 1916238.13286054
935613.639370534 1916238.10868846
935611.909441608 1916238.07426672
935610.410257808 1916238.05150046
935608.681344191 1916238.01609512
935608.493448475 1916238.01311648
935607.692876951 1916238.00142504
935607.503965948 1916237.99943001
935606.22554867 1916237.98716135
935606.036669355 1916237.98316742
935604.735470811 1916237.95754157
935603.200608049 1916237.91521547
935602.60398675 1916237.90275839
935601.15889979 1916237.87285213
935600.964023805 1916237.86876314
935582.279027336 1916221.13654937
935582.280717461 1916220.77768517
935582.292160514 1916220.2450284
935582.3118132 1916219.3206208
935582.340576037 1916217.82153221
935582.348151923 1916217.46975918
935582.379501147 1916215.9967037
935582.408263965 1916214.4976151
935582.440248216 1916213.0475627
935582.468011575 1916211.54845826
935582.48354358 1916210.82092553
935582.499346219 1916210.13938311
935582.521392568 1916209.12704018
935582.554153135 1916207.62801496
935582.567593762 1916207.03240899
935582.584155598 1916206.23991231
935582.617915595 1916204.74090294
935582.622955183 1916204.48606025
935582.647490264 1916203.37978531
935582.680250802 1916201.88076009
935582.703596306 1916200.78646265
935582.711267233 1916200.42869296
935582.729604836 1916199.58723931
935582.761365911 1916198.08819824
935582.773553576 1916197.50856755
935582.782888085 1916197.04585611
935582.800384672 1916196.19439217
935582.832145727 1916194.6953511
935582.844095731 1916194.13071209
935582.855030446 1916193.56705668
935582.887790936 1916192.06803146
935582.906760966 1916191.12361911
935582.918330715 1916190.58296678
935582.928790113 1916190.04929473
935582.947839357 1916189.09988515
935582.979600378 1916187.60084409
935582.99671669 1916186.77336683
935583.002738568 1916186.45655854
935583.03350013 1916184.95750163
935583.035355132 1916184.90354744
935583.051994832 1916184.04307264
935583.082756385 1916182.54401573
935583.10495978 1916181.45869745
935583.113611693 1916180.97598126
935583.132027164 1916180.06654949
935583.151708822 1916179.01418122
935583.180471457 1916177.51509262
935583.190978364 1916176.97842223
935583.219740992 1916175.47933363
935583.241499444 1916174.35901893
935583.252006343 1916173.82234854
935583.256507223 1916173.60148699
935583.281006609 1916172.30826826
935583.285269832 1916172.10239839
935583.298443649 1916171.64974478
935583.30372216 1916171.4428913
935583.324124549 1916170.72343334
935583.330402507 1916170.51659572
935583.325633028 1916168.48413739
935583.323188161 1916167.62935824
935583.323313608 1916167.55838179
935583.337683729 1916166.65188498
935583.356870287 1916165.44155683
935583.379967366 1916164.61517408
935583.398467211 1916163.95266865
935583.412449035 1916163.44904333
935583.419550853 1916163.19023455
935583.428697791 1916162.86547823
935583.472968128 1916161.77551128
935583.490711379 1916161.3499219
935583.508723971 1916160.90734195
935583.528068719 1916160.4437895
935583.554676322 1916159.83739559
935583.580982895 1916159.24999115
935583.595269645 1916158.91631904
935583.623557963 1916158.26696484
935583.640365137 1916157.83736183
935583.655396533 1916157.4567158
935583.675454237 1916156.94818831
935583.680307567 1916156.89428165
935583.783924095 1916155.71828189
935583.803178987 1916155.51264967
935583.839040294 1916155.1423308
935583.867780038 1916154.84287748
935583.907257576 1916154.43362778
935583.970764119 1916153.76983642
935583.999456333 1916153.47338144
935584.00189884 1916153.44542866
935584.054650441 1916152.82945224
935584.106133254 1916152.23045054
935582.279027336 1916221.13654937
935582.280717461 1916220.77768517
935582.292160514 1916220.2450284
935582.3118132 1916219.3206208
935582.340576037 1916217.82153221
935582.348151923 1916217.46975918
935582.379501147 1916215.9967037
935582.408263965 1916214.4976151
935582.440248216 1916213.0475627
935582.468011575 1916211.54845826
935582.48354358 1916210.82092553
935582.499346219 1916210.13938311
935582.521392568 1916209.12704018
935582.554153135 1916207.62801496
935582.567593762 1916207.03240899
935582.584155598 1916206.23991231
935582.617915595 1916204.74090294
935582.622955183 1916204.48606025
935582.647490264 1916203.37978531
935582.680250802 1916201.88076009
935582.703596306 1916200.78646265
935582.711267233 1916200.42869296
935582.729604836 1916199.58723931
935582.761365911 1916198.08819824
935582.773553576 1916197.50856755
935582.782888085 1916197.04585611
935582.800384672 1916196.19439217
935582.832145727 1916194.6953511
935582.844095731 1916194.13071209
935582.855030446 1916193.56705668
935582.887790936 1916192.06803146
935582.906760966 1916191.12361911
935582.918330715 1916190.58296678
935582.928790113 1916190.04929473
935582.947839357 1916189.09988515
935582.979600378 1916187.60084409
935582.99671669 1916186.77336683
935583.002738568 1916186.45655854
935583.03350013 1916184.95750163
935583.035355132 1916184.90354744
935583.051994832 1916184.04307264
935583.082756385 1916182.54401573
935583.10495978 1916181.45869745
935583.113611693 1916180.97598126
935583.132027164 1916180.06654949
935583.151708822 1916179.01418122
935583.180471457 1916177.51509262
935583.190978364 1916176.97842223
935583.219740992 1916175.47933363
935583.241499444 1916174.35901893
935583.252006343 1916173.82234854
935583.256507223 1916173.60148699
935583.281006609 1916172.30826826
935583.285269832 1916172.10239839
935583.298443649 1916171.64974478
935583.30372216 1916171.4428913
935583.324124549 1916170.72343334
935583.330402507 1916170.51659572
935583.325633028 1916168.48413739
935583.323188161 1916167.62935824
935583.323313608 1916167.55838179
935583.337683729 1916166.65188498
935583.356870287 1916165.44155683
935583.379967366 1916164.61517408
935583.398467211 1916163.95266865
935583.412449035 1916163.44904333
935583.419550853 1916163.19023455
935583.428697791 1916162.86547823
935583.472968128 1916161.77551128
935583.490711379 1916161.3499219
935583.508723971 1916160.90734195
935583.528068719 1916160.4437895
935583.554676322 1916159.83739559
935583.580982895 1916159.24999115
935583.595269645 1916158.91631904
935583.623557963 1916158.26696484
935583.640365137 1916157.83736183
935583.655396533 1916157.4567158
935583.675454237 1916156.94818831
935583.680307567 1916156.89428165
935583.783924095 1916155.71828189
935583.803178987 1916155.51264967
935583.839040294 1916155.1423308
935583.867780038 1916154.84287748
935583.907257576 1916154.43362778
935583.970764119 1916153.76983642
935583.999456333 1916153.47338144
935584.00189884 1916153.44542866
935584.054650441 1916152.82945224
935584.106133254 1916152.23045054
935584.14909897 1916151.72728467
935584.195617546 1916151.18918576
935584.267972584 1916150.34558932
935584.314570374 1916149.80249318
935584.324345821 1916149.18583548
935584.343412086 1916148.29840735
935584.367177345 1916146.79923953
935584.390997956 1916145.67495873
935584.39893816 1916145.30019846
935584.414437015 1916144.51168372
935584.427958042 1916143.97406141
935584.456720506 1916142.47497281
935584.495477417 1916140.97604264
935584.524239865 1916139.47695404
935584.561997315 1916137.97800803
935584.585108858 1916137.08764493
935584.614870733 1916135.58857217
935584.643688529 1916134.46437059
935584.65362761 1916134.08964201
935584.684656789 1916133.26738378
935584.698609494 1916132.89171913
935584.73927803 1916131.77670267
935584.774063413 1916130.78055681
935584.81937131 1916130.00351127
935584.819387152 1916130.00251183
935584.894259934 1916128.9370227
935584.977088591 1916128.25254402
935585.094130804 1916127.30168876
935585.191603891 1916126.70241641
935585.335365706 1916125.95792216
935585.47449862 1916125.37930414
935585.682495574 1916124.6818142
935585.866763264 1916124.15689557
935586.130063724 1916123.50226956
935586.314397403 1916123.09931493
935586.663363659 1916122.40106057
935586.868543098 1916122.00743366
935587.083431805 1916121.6319552
935587.32240095 1916121.18787941
935587.657442272 1916120.67434814
935588.032412563 1916120.10146805
935588.418664554 1916119.636734
935588.691172529 1916119.28416224
935589.067716558 1916118.86426064
935589.561177212 1916118.32125037
935589.939768972 1916117.96136301
935590.476365517 1916117.47202045
935590.972225081 1916117.09299841
935591.496655319 1916116.67744052
935591.98563098 1916116.35429235
935592.590271642 1916115.9869917
935593.111769538 1916115.69335028
935593.663965059 1916115.41819001
935594.368185848 1916115.07546093
935594.824849175 1916114.89875591
935595.775647763 1916114.57793016
935596.216828267 1916114.43197029
935596.597455854 1916114.32203929
935597.546923602 1916114.08516694
935598.65397099 1916113.87178619
935599.676130222 1916113.71604187
935600.222095363 1916113.6447209
935601.161159361 1916113.55963748
935601.69878039 1916113.51017755
935602.149006063 1916113.48732372
935603.529412952 1916113.43522866
935603.971484632 1916113.42224253
935604.404434558 1916113.41710938
935605.090101551 1916113.42497961
935606.067590723 1916113.43847556
935606.739170426 1916113.45212066
935606.767154894 1916113.45256427
935608.26535507 1916113.47431463
935608.266354515 1916113.47433047
935609.764507167 1916113.49907917
935609.765506613 1916113.49909501
935610.215193623 1916113.51022232
935610.216193069 1916113.51023816
935611.71415561 1916113.5469802
935613.213307724 1916113.57174473
935614.650462552 1916113.59752587
935616.149614681 1916113.62229041
935617.648719287 1916113.65005328
935619.147871432 1916113.67481782
935620.646991896 1916113.70158125
935622.146144055 1916113.72634579
935622.315034475 1916113.73002276
935623.814186641 1916113.7547873
935625.313227912 1916113.78654796
935626.812380092 1916113.81131249
935628.311421379 1916113.84307315
935630.084057206 1916113.89516602
935633.070631061 1916113.61260989
935634.326137793 1916113.4935546
935637.079029065 1916112.31256569
935638.512347382 1916111.69748052
935640.6732463 1916109.5813882
935641.821757268 1916106.81543969
935642.096178384 1916106.15299226
935642.438056275 1916104.07304475
935642.706241973 1916101.09220216
935642.765687255 1916100.43234508
935642.699232985 1916097.43520106
935642.665744425 1916095.9531199
935642.549016818 1916092.97417319
935642.537064424 1916092.65608022
935642.308414744 1916089.67435961
935642.091539207 1916086.83278317
935641.908197158 1916085.34432774
935641.72587039 1916083.85488871
935641.581608347 1916082.67595902
935640.994285736 1916079.74353603
935640.496811516 1916077.26040139
935639.710758976 1916074.37781207
935639.144855052 1916072.30146888
935638.708749629 1916070.86598936
935638.273643647 1916069.43052569
935638.018053634 1916068.58972807
935637.553821138 1916067.16279996
935637.089588636 1916065.73587186
935636.743520417 1916064.67470644
935635.765749852 1916061.84106229
935635.30696081 1916060.51219075
935634.232498826 1916057.72399961
935633.159036264 1916054.93582434
935632.084574239 1916052.14763324
935631.534389372 1916050.71934267
935630.367360458 1916047.9686724
935629.201315122 1916045.21901744
935628.034286166 1916042.46834721
935627.550514897 1916041.32802236
935626.297946863 1916038.61298496
935625.046378255 1916035.89796345
935624.536051035 1916034.79320673
935623.880640494 1916033.44422362
935623.224214661 1916032.09622411
935622.56880411 1916030.74724101
935621.912378269 1916029.39924152
935621.022643261 1916027.57068842
935620.353113718 1916026.2294791
935619.682584726 1916024.88825394
935619.013055173 1916023.54704463
935618.342542013 1916022.20482004
935617.426853082 1916020.37385617
935616.029350824 1916017.72050206
935614.631832708 1916015.06814741
935613.300296471 1916012.54180079
935612.592471096 1916011.2199784
935611.883662116 1916009.89714074
935611.174837289 1916008.57530252
935610.467027748 1916007.25248071
935609.323205067 1916005.11899137
935608.124955384 1916002.38282203
935606.925706235 1915999.64663686
935605.727440672 1915996.911467
935604.528191486 1915994.17528188
935603.329941727 1915991.43911263
935602.1306925 1915988.70292755
935600.932426858 1915985.96775778
935599.733177593 1915983.23157275
935598.534927757 1915980.49540358
935597.95798208 1915979.1786551
935597.313583775 1915977.95480884
935596.605774136 1915976.63198717
935595.895918072 1915975.31213215
935595.827953115 1915975.18509304
935595.121127071 1915973.86328666
935594.411270997 1915972.54343166
935594.398658441 1915972.51923901
935593.690832942 1915971.19741681
935593.065536315 1915970.02985638
935592.641231283 1915969.23736906
935591.933405775 1915967.91554687
935591.419797545 1915966.95469466
935590.994524748 1915966.16019263
935590.286699229 1915964.83837045
935589.807951152 1915963.9429249836
935589.3292030749 1915963.027592217
935588.8504549977 1915962.1330721094
935588.3717069207 1915961.238552002
935587.8929588436 1915960.3438917599
935587.4142107666 1915959.4490927332
935586.9354626894 1915958.554293706
935586.4567146123 1915957.6596491148
935585.9779665353 1915956.765129044
935585.4992184582 1915955.8706089733
935585.020470381 1915954.9762991136
935584.541722304 1915954.0821277879
935584.0629742269 1915953.1879564621
935583.5842261498 1915952.2935578222
935583.1054780727 1915951.399037789
935582.6267299956 1915950.5045177562
935582.1479819185 1915949.6095575516
935581.6692338415 1915948.7144096186
935581.1904857644 1915947.8192616855
935580.7117376872 1915946.9248484513
935580.2329896102 1915946.030677182
935579.7542415331 1915945.1365059123
935579.275493456 1915944.242055198
935578.7967453789 1915943.3475352176
935578.3179973018 1915942.4530152373
935577.8392492248 1915941.5582580362
935577.3605011477 1915940.66345914
935576.8817530705 1915939.7686602438
935576.4030049935 1915938.8741128833
935575.9242569164 1915937.9795929412
935575.4455088393 1915937.0850729991
935574.9667607622 1915936.1905530754
935574.4880126851 1915935.2960331526
935574.009264608 1915934.40151323
935572.596532498 1915931.76291394
935571.913979526 1915930.48647887
935571.598491251 1915929.89265676
935571.044205351 1915928.84918478
935570.795666758 1915928.38338536
935570.546176246 1915927.91457176
935569.9978131223 1915926.8891007677
935569.4494499988 1915925.8631760455
935568.9010868751 1915924.8353825777
935568.3527237516 1915923.8099116157
935567.8043606279 1915922.7816683105
935567.2559975043 1915921.7550346854
935566.7076343807 1915920.7293327865
935566.1592712571 1915919.7022613005
935565.6109081334 1915918.6768220782
935565.0625450098 1915917.6500859049
935564.5141818862 1915916.622014651
935563.9658187625 1915915.59737022
935563.417455639 1915914.568709566
935562.8690925153 1915913.5427185062
935562.3207293918 1915912.517159731
935561.7723662681 1915911.516175203
935561.2240031445 1915910.488629279
935560.6756400209 1915909.4585793684
935560.1272768972 1915908.4283759082
935559.5789137736 1915907.3979245282
935559.03055065 1915906.3674731483
935558.4821875264 1915905.3373506225
935557.9338244027 1915904.3073007527
935557.3854612792 1915903.2771482721
935556.8370981555 1915902.2466969297
935556.2887350318 1915901.2162455872
935555.7403719083 1915900.1860721584
935555.1920087846 1915899.1560223314
935554.6436456611 1915898.1260659045
935554.0952825374 1915897.0967417657
935553.5469194138 1915896.0674176272
935552.9985562902 1915895.0374584254
935552.4501931666 1915894.0070071428
935551.901830043 1915892.97655586
935550.693309482 1915890.69908526
935550.577797531 1915890.48131984
935550.340015153 1915890.03068644
935550.103153008 1915889.58506609
935550.021576019 1915889.43381855
935549.318303901 1915888.14006041
935549.098750532 1915887.73770138
935549.087105729 1915887.71552347
935548.781120725 1915887.15284268
935548.576147122 1915886.77670686
935548.213826097 1915886.11016435
935547.866068992 1915885.47084449
935547.595065923 1915884.97169908
935547.312386367 1915884.45237465
935547.200745452 1915884.24266816
935546.492919689 1915882.92084638
935546.326925799 1915882.60830931
935546.215269041 1915882.39960227
935546.030840184 1915882.05178362
935545.9628752 1915881.92474456
935545.789075859 1915881.60008741
935545.081250089 1915880.27826563
935544.824921838 1915879.79934676
935544.685104987 1915879.53820915
935544.41421281 1915879.03206763
935543.706387033 1915877.71024586
935543.546183854 1915877.41079665
935543.274323915 1915876.9026404
935543.148087385 1915876.66771015
935542.864566798 1915876.13837545
935542.156741012 1915874.8165537
935542.000424715 1915874.52416397
935541.834399131 1915874.2136258
935541.52463813 1915873.63688943
935540.816812334 1915872.31506769
935540.690607489 1915872.07813856
935540.387668329 1915871.51250699
935540.368249761 1915871.47621011
935539.66042396 1915870.15438838
935539.223506188 1915869.33770872
935539.202136258 1915869.29838182
935538.800152893 1915868.54823587
935538.777831045 1915868.50589479
935538.070005236 1915867.18407308
935537.844740341 1915866.76362901
935537.824369858 1915866.72431796
935537.596169999 1915866.29982858
935537.57771919 1915866.26554644
935537.17681448 1915865.51041911
935536.746671016 1915864.70784259
935536.741816374 1915864.69876837
935536.038020019 1915863.37501115
935535.543798445 1915862.45245507
935535.421464634 1915862.22358488
935535.286486571 1915861.97252094
935535.24181119 1915861.88983769
935534.538014826 1915860.56608049
935534.281718239 1915860.08516276
935534.068113985 1915859.68589716
935534.006955001 1915859.57096235
935533.749658966 1915859.09002878
935533.045862594 1915857.76627159
935532.781792239 1915857.27123491
935532.772098797 1915857.25208702
935532.298311068 1915856.36484423
935531.594514686 1915855.04108705
935531.518760087 1915854.90092847
935531.107114944 1915854.12963578
935531.05760076 1915854.03687887
935530.899364771 1915853.73946025
935530.191538918 1915852.4176386
935529.884728693 1915851.84394814
935529.530355649 1915851.18053079
935529.399296149 1915850.93452746
935528.691470286 1915849.61270582
935528.23323007 1915848.75370099
935528.109928492 1915848.52281608
935527.402102624 1915847.20099446
935527.105969436 1915846.64746718
935527.040923564 1915846.52547288
935526.750644465 1915845.98103566
935526.581715584 1915845.66445332
935525.873889707 1915844.34263172
935525.746701242 1915844.10468732
935525.391360426 1915843.43925526
935525.258333716 1915843.19122136
935525.174852876 1915843.03394548
935524.467011147 1915841.71312333
935524.21555334 1915841.2422793
935524.075752311 1915840.98014228
935523.770861749 1915840.41148075
935523.750459575 1915840.37416859
935523.239738506 1915839.42036046
935523.219352176 1915839.38204886
935523.042633681 1915839.05234701
935522.896010801 1915838.7791052
935522.719308149 1915838.4484039
935522.609602732 1915838.24272692
935522.326097943 1915837.71239284
935521.794974696 1915836.72127256
935521.632820127 1915836.41879337
935521.618272044 1915836.39057127
935521.532808152 1915836.23226427
935521.456117473 1915836.08809207
935521.356105499 1915835.90156297
935521.049295253 1915835.32787254
935520.992023144 1915835.21999723
935520.455061645 1915834.21878745
935520.284181393 1915833.89917511
935520.251150811 1915833.83866977
935520.080286399 1915833.51805798
935519.945340007 1915833.26499518
935519.773476153 1915832.94436756
935519.772508393 1915832.94235283
935519.318107499 1915832.09340586
935519.230723931 1915831.93006995
935518.776323037 1915831.08112299
935518.775339434 1915831.08010771
935518.610265739 1915830.77258376
935518.609282136 1915830.77156848
935518.353937434 1915830.29366498
935518.097609128 1915829.8147462
935517.559743228 1915828.80752394
935517.132534663 1915828.00899282
935516.580088988 1915826.97554736
935516.425724022 1915826.6861877
935516.086882624 1915826.05200779
935515.932501815 1915825.76364757
935515.506261006 1915824.9671312
935514.901572121 1915823.82389075
935514.653985334 1915823.36110568
935514.406382705 1915822.89932006
935513.890997066 1915821.92444444
935513.705616243 1915821.57361168
935513.642490043 1915821.4566463
935513.456093934 1915821.10679715
935513.261908217 1915820.74382847
935512.893970641 1915820.05320438
935512.329150016 1915818.98057464
935512.139834784 1915818.62568074
935511.778687368 1915817.94816034
935511.219689141 1915816.88661955
935511.079919781 1915816.62248366
935510.893523669 1915816.27263451
935510.752754863 1915816.00848278
935510.604101394 1915815.7372082
935510.383469303 1915815.33983065
935510.383485143 1915815.33883121
935509.898640067 1915814.45541205
935509.170650931 1915813.14426764
935508.81797571 1915812.49987152
935508.80242818 1915812.47163358
935508.601897252 1915812.13055765
935508.156191689 1915811.36372366
935507.397918191 1915810.07109344
935507.092330526 1915809.54640755
935507.074768261 1915809.51913738
935506.768673638 1915809.02643373
935506.379717387 1915808.40045674
935505.563604186 1915807.161893
935505.41709356 1915806.94463597
935505.366294758 1915806.86985324
935504.922891835 1915806.21002325
935504.571266327 1915805.6886064
935504.293840131 1915805.27933196
935503.941215177 1915804.75789927
935503.890400534 1915804.68411598
935503.730198681 1915804.44764772
935503.679368197 1915804.37486388
935503.361693505 1915803.91896544
935503.014304786 1915803.44560116
935502.905790283 1915803.29092758
935500.990946859 1915800.98426715
935500.488688951 1915800.37948723
935498.519813504 1915798.13895
935498.222273041 1915797.80033516
935496.287447592 1915795.80826231
935494.018253059 1915793.84587871
935493.067588787 1915793.02305521
935490.354935533 1915791.47651374
935488.000502354 1915790.22456264
935485.327868256 1915789.11752211
935482.729918407 1915788.53350674
935480.270025599 1915788.25858641
935477.387090742 1915788.37283998
