955594.669309 1956894.20018
955594.669309 1956894.20018
955594.669309 1956894.20018
955594.669309 1956894.20018
955594.669309 1956894.20018
955594.669309 1956894.20018
955594.669309 1956894.20018
955594.669309 1956894.20018
955594.669309 1956894.20018
955594.669309 1956894.20018
955594.669309 1956894.20018
955594.669309 1956894.20018
955594.669309 1956894.20018
955594.669309 1956894.20018
955594.660542 1956894.21132
955594.660542 1956894.21132
955594.642949 1956894.22251
955594.634183 1956894.23365
955594.61659 1956894.24484
955594.590171 1956894.25607
955594.554986 1956894.27845
955594.537453 1956894.30074
955594.511093 1956894.32307
955594.467023 1956894.3344
955594.431837 1956894.35678
955594.396652 1956894.37915
955594.361526 1956894.41263
955594.32646 1956894.4572
955594.291334 1956894.49067
955594.256208 1956894.52414
955594.20343 1956894.55771
955594.168244 1956894.58009
955594.115526 1956894.62475
955594.071515 1956894.64717
955594.027622 1956894.69179
955593.974903 1956894.73645
955593.930952 1956894.76997
955593.860581 1956894.81473
955593.816688 1956894.85934
955593.755144 1956894.90405
955593.702366 1956894.93762
955593.649647 1956894.98228
955593.596869 1956895.01585
955593.544151 1956895.06051
955593.482666 1956895.11632
955593.447599 1956895.16088
955593.368402 1956895.20569
955593.315684 1956895.25035
955593.245194 1956895.27292
955593.192595 1956895.33977
955593.122224 1956895.38453
955593.069505 1956895.42919
955593.007901 1956895.4628
955592.946416 1956895.51861
955592.884812 1956895.55222
955592.823268 1956895.59693
955592.761723 1956895.64164
955592.709004 1956895.6863
955592.64746 1956895.73101
955592.594741 1956895.77567
955592.533256 1956895.83148
955592.462885 1956895.87624
955592.401341 1956895.92094
955592.339796 1956895.96565
955592.2606 1956896.01046
955592.199114 1956896.06626
955592.119918 1956896.11107
955592.049606 1956896.16692
955591.988121 1956896.22272
955591.908984 1956896.27862
955591.838673 1956896.33447
955591.768362 1956896.39032
955591.689165 1956896.43513
955591.618854 1956896.49098
955591.557428 1956896.55788
955591.469405 1956896.60273
955591.40798 1956896.66963
955591.319897 1956896.70338
955591.258472 1956896.77028
955591.170509 1956896.82623
955591.100197 1956896.88208
955591.02112 1956896.94907
955590.941923 1956896.99388
955590.871671 1956897.06082
955590.792534 1956897.11672
955590.731049 1956897.17253
955590.651912 1956897.22842
955590.590426 1956897.28423
955590.520115 1956897.34008
955590.449804 1956897.39593
955590.379374 1956897.42959
955590.326774 1956897.49644
955590.247578 1956897.54125
955590.194919 1956897.59701
955590.1422 1956897.64167
955590.063063 1956897.69757
955590.001459 1956897.73118
955589.940033 1956897.79808
955589.887315 1956897.84274
955589.816944 1956897.8875
955589.75534 1956897.92111
955589.685148 1956897.99915
955589.623484 1956898.02167
955589.553173 1956898.07753
955589.491688 1956898.13333
955589.430203 1956898.18913
955589.368658 1956898.23384
955589.289521 1956898.28974
955589.236803 1956898.3344
955589.166551 1956898.40135
955589.105006 1956898.44606
955589.025869 1956898.50196
955588.964325 1956898.54667
955588.894073 1956898.61361
955588.832588 1956898.66942
955588.744565 1956898.71427
955588.692025 1956898.79221
955588.604002 1956898.83707
955588.533691 1956898.89292
955588.463499 1956898.97096
955588.384362 1956899.02686
955588.305225 1956899.08276
955588.226087 1956899.13865
955588.14695 1956899.19455
955588.067872 1956899.26155
955587.997621 1956899.32849
955587.918484 1956899.38439
955587.857058 1956899.45129
955587.777921 1956899.50719
955587.70761 1956899.56304
955587.628413 1956899.60784
955587.575754 1956899.6636
955587.496557 1956899.7084
955587.435072 1956899.76421
955587.373587 1956899.82001
955587.303276 1956899.87586
955587.232965 1956899.93172
955587.180306 1956899.98747
955587.101109 1956900.03228
955587.021972 1956900.08817
955586.942835 1956900.14407
955586.881409 1956900.21097
955586.802272 1956900.26687
955586.723135 1956900.32277
955586.644057 1956900.38976
955586.56492 1956900.44566
955586.494609 1956900.50151
955586.424298 1956900.55736
955586.336334 1956900.61331
955586.283735 1956900.68016
955586.195712 1956900.72501
955586.125401 1956900.78086
955586.055149 1956900.84781
955585.984779 1956900.89257
955585.905761 1956900.97065
955585.83539 1956901.01541
955585.765138 1956901.08236
955585.694827 1956901.13821
955585.606864 1956901.19416
955585.536553 1956901.25001
955585.457416 1956901.30591
955585.413523 1956901.35052
955585.334386 1956901.40642
955585.281727 1956901.46218
955585.202531 1956901.50698
955585.167405 1956901.54045
955585.070675 1956901.60754
955585.035549 1956901.64101
955584.965238 1956901.69686
955584.91252 1956901.74153
955584.842209 1956901.79738
955584.780605 1956901.83099
955584.727946 1956901.88675
955584.666461 1956901.94255
955584.587323 1956901.99845
955584.525719 1956902.03207
955584.464234 1956902.08787
955584.411516 1956902.13253
955584.367683 1956902.18824
955584.314846 1956902.21072
955584.270894 1956902.24424
955584.235708 1956902.26662
955584.191757 1956902.30014
955584.156631 1956902.33361
955584.130272 1956902.35594
955584.103853 1956902.36718
955584.095086 1956902.37832
955584.077494 1956902.38951
955584.08626 1956902.37837
955584.08632 1956902.38946
955584.08626 1956902.37837
955584.095086 1956902.37832
