955542.738924 1956952.4606 0
955542.738924 1956952.4606 0
955542.738924 1956952.4606 0
955542.738924 1956952.4606 0
955542.738924 1956952.4606 0
955542.738924 1956952.4606 0
955542.738924 1956952.4606 0
955542.738924 1956952.4606 0
955542.738924 1956952.4606 0
955542.738924 1956952.4606 0
955542.738924 1956952.4606 0
955542.738924 1956952.4606 0
955542.738924 1956952.4606 0
955542.738924 1956952.4606 0
955542.738924 1956952.4606 0
955542.730098 1956952.46065 0
955542.730098 1956952.46065 0
955542.738924 1956952.4606 0
955542.738924 1956952.4606 0
955542.738924 1956952.4606 0
955542.738924 1956952.4606 0
955542.730098 1956952.46065 0
955542.730098 1956952.46065 0
955542.730098 1956952.46065 0
955542.730098 1956952.46065 0
955542.730098 1956952.46065 0
955542.730098 1956952.46065 0
955542.730098 1956952.46065 0
955542.730098 1956952.46065 0
955542.730098 1956952.46065 0
955542.730098 1956952.46065 0
955542.730098 1956952.46065 0
955542.730098 1956952.46065 0
955542.730098 1956952.46065 0
955542.730098 1956952.46065 0
955542.730098 1956952.46065 0
955542.730098 1956952.46065 0
955542.730098 1956952.46065 0
955542.730098 1956952.46065 0
955542.730098 1956952.46065 0
955542.730098 1956952.46065 0
955542.730098 1956952.46065 0
955542.730098 1956952.46065 0
955542.721272 1956952.4607 0
955542.721272 1956952.4607 0
955542.721272 1956952.4607 0
955542.730098 1956952.46065 0
955542.730098 1956952.46065 0
955542.721272 1956952.4607 0
955542.721272 1956952.4607 0
955542.721272 1956952.4607 0
955542.721332 1956952.47179 0
955542.721332 1956952.47179 0
955542.721332 1956952.47179 0
955542.721332 1956952.47179 0
955542.721332 1956952.47179 0
955542.721332 1956952.47179 0
955542.712506 1956952.47184 0
955542.712506 1956952.47184 0
955542.712506 1956952.47184 0
955542.703739 1956952.48298 0
955542.694913 1956952.48303 0
955542.686147 1956952.49417 0
955542.686147 1956952.49417 0
955542.677321 1956952.49422 0
955542.659669 1956952.49431 0
955542.650902 1956952.50545 0
955542.642076 1956952.5055 0
955542.624424 1956952.50559 0
955542.615658 1956952.51674 0
955542.598066 1956952.52793 0
955542.58924 1956952.52797 0
955542.571647 1956952.53916 0
955542.562881 1956952.5503 0
955542.545288 1956952.56149 0
955542.527696 1956952.57268 0
955542.510103 1956952.58387 0
955542.492511 1956952.59506 0
955542.474859 1956952.59516 0
955542.457207 1956952.59525 0
955542.439614 1956952.60644 0
955542.413196 1956952.61768 0
955542.395603 1956952.62887 0
955542.378011 1956952.64006 0
955542.351592 1956952.65129 0
955542.334 1956952.66248 0
955542.316407 1956952.67367 0
955542.298815 1956952.68486 0
955542.272396 1956952.6961 0
955542.254804 1956952.70729 0
955542.237211 1956952.71848 0
955542.219619 1956952.72966 0
955542.202026 1956952.74085 0
955542.184434 1956952.75204 0
955542.166841 1956952.76323 0
955542.140423 1956952.77447 0
955542.122831 1956952.78566 0
955542.114064 1956952.7968 0
955542.096472 1956952.80799 0
955542.087705 1956952.81913 0
955542.070053 1956952.81923 0
955542.052461 1956952.83042 0
955542.034868 1956952.84161 0
955542.026042 1956952.84165 0
955542.00845 1956952.85284 0
955541.999624 1956952.85289 0
955541.982031 1956952.86408 0
955541.964439 1956952.87527 0
955541.946846 1956952.88646 0
955541.929254 1956952.89765 0
955541.911661 1956952.90884 0
955541.894069 1956952.92002 0
955541.86765 1956952.93126 0
955541.841172 1956952.9314 0
955541.82358 1956952.94259 0
955541.805987 1956952.95378 0
955541.788395 1956952.96497 0
955541.762036 1956952.9873 0
955541.735617 1956952.99854 0
955541.709199 1956953.00978 0
955541.68284 1956953.03211 0
955541.656422 1956953.04334 0
955541.629944 1956953.04349 0
955541.594699 1956953.05477 0
955541.559514 1956953.07715 0
955541.533096 1956953.08839 0
955541.506737 1956953.11072 0
955541.471492 1956953.122 0
955541.445074 1956953.13324 0
955541.409889 1956953.15562 0
955541.374585 1956953.15581 0
955541.33934 1956953.16709 0
955541.312922 1956953.17833 0
955541.277737 1956953.2007 0
955541.233666 1956953.21204 0
955541.198422 1956953.22332 0
955541.163237 1956953.2457 0
955541.127993 1956953.25698 0
955541.092748 1956953.26827 0
955541.057504 1956953.27955 0
955541.022319 1956953.30193 0
955540.987074 1956953.31321 0
955540.95183 1956953.3245 0
955540.916645 1956953.34688 0
955540.8814 1956953.35816 0
955540.846156 1956953.36944 0
955540.819737 1956953.38068 0
955540.784493 1956953.39196 0
955540.740422 1956953.4033 0
955540.705237 1956953.42567 0
955540.678819 1956953.43691 0
955540.634748 1956953.44824 0
955540.599444 1956953.44843 0
955540.5642 1956953.45972 0
955540.528955 1956953.471 0
955540.493711 1956953.48228 0
955540.458467 1956953.49357 0
955540.423282 1956953.51595 0
955540.388037 1956953.52723 0
955540.352733 1956953.52742 0
955540.317429 1956953.52761 0
955540.282125 1956953.5278 0
955540.246881 1956953.53908 0
955540.211636 1956953.55037 0
955540.176451 1956953.57275 0
955540.132381 1956953.58408 0
955540.097077 1956953.58427 0
955540.061832 1956953.59555 0
955540.026588 1956953.60683 0
955539.991284 1956953.60702 0
955539.956039 1956953.61831 0
955539.920795 1956953.62959 0
955539.88555 1956953.64088 0
955539.84142 1956953.64111 0
955539.806116 1956953.6413 0
955539.770872 1956953.65259 0
955539.735687 1956953.67496 0
955539.700442 1956953.68625 0
955539.656372 1956953.69758 0
955539.621068 1956953.69777 0
955539.585823 1956953.70905 0
955539.541753 1956953.72038 0
955539.506449 1956953.72057 0
955539.462378 1956953.73191 0
955539.427134 1956953.74319 0
955539.39183 1956953.74338 0
955539.34776 1956953.75471 0
955539.303689 1956953.76604 0
955539.259559 1956953.76628 0
955539.224255 1956953.76647 0
955539.188951 1956953.76666 0
955539.144881 1956953.77799 0
955539.10081 1956953.78932 0
955539.065506 1956953.78951 0
955539.030262 1956953.80079 0
955538.994958 1956953.80098 0
955538.959654 1956953.80117 0
955538.915583 1956953.8125 0
955538.880279 1956953.81269 0
955538.845035 1956953.82398 0
955538.809731 1956953.82417 0
955538.774486 1956953.83545 0
955538.730356 1956953.83569 0
955538.703878 1956953.83583 0
955538.668574 1956953.83602 0
955538.63327 1956953.83621 0
955538.58914 1956953.83645 0
955538.553896 1956953.84773 0
955538.509825 1956953.85906 0
955538.483347 1956953.8592 0
955538.448043 1956953.85939 0
955538.412739 1956953.85958 0
955538.377435 1956953.85977 0
955538.342191 1956953.87106 0
955538.306887 1956953.87124 0
955538.271583 1956953.87143 0
955538.236279 1956953.87162 0
955538.200975 1956953.87181 0
955538.165671 1956953.872 0
955538.130367 1956953.87219 0
955538.086237 1956953.87243 0
955538.059818 1956953.88367 0
955538.024514 1956953.88386 0
955537.980444 1956953.89519 0
955537.94514 1956953.89538 0
955537.909836 1956953.89557 0
955537.874532 1956953.89575 0
955537.839228 1956953.89594 0
955537.803924 1956953.89613 0
955537.76856 1956953.88523 0
955537.733256 1956953.88542 0
955537.689186 1956953.89675 0
955537.653822 1956953.88584 0
955537.618518 1956953.88603 0
955537.574388 1956953.88627 0
955537.539084 1956953.88646 0
955537.494954 1956953.8867 0
955537.450824 1956953.88693 0
955537.406694 1956953.88717 0
955537.362564 1956953.88741 0
955537.318375 1956953.87655 0
955537.283071 1956953.87674 0
955537.238941 1956953.87698 0
955537.194811 1956953.87721 0
955537.15068 1956953.87745 0
955537.106491 1956953.86659 0
955537.053535 1956953.86688 0
955537.000579 1956953.86716 0
955536.965275 1956953.86735 0
955536.921145 1956953.86759 0
955536.868129 1956953.85678 0
955536.823999 1956953.85701 0
955536.771043 1956953.8573 0
955536.726854 1956953.84644 0
955536.682724 1956953.84668 0
955536.629768 1956953.84696 0
955536.585638 1956953.8472 0
955536.541389 1956953.82524 0
955536.497259 1956953.82548 0
955536.444243 1956953.81467 0
955536.400113 1956953.81491 0
955536.355924 1956953.80405 0
955536.302908 1956953.79324 0
955536.258719 1956953.78238 0
955536.214589 1956953.78262 0
955536.161633 1956953.7829 0
955536.117443 1956953.77204 0
955536.073253 1956953.76119 0
955536.029064 1956953.75033 0
955535.984934 1956953.75057 0
955535.940744 1956953.73971 0
955535.896555 1956953.72885 0
955535.852365 1956953.71799 0
955535.808235 1956953.71823 0
955535.772872 1956953.70732 0
955535.728623 1956953.68537 0
955535.684493 1956953.68561 0
955535.649189 1956953.6858 0
955535.613765 1956953.6638 0
955535.578402 1956953.65289 0
955535.534272 1956953.65313 0
955535.490023 1956953.63118 0
955535.454719 1956953.63137 0
955535.419355 1956953.62046 0
955535.383992 1956953.60956 0
955535.348628 1956953.59865 0
955535.304439 1956953.58779 0
955535.277901 1956953.57684 0
955535.242597 1956953.57703 0
955535.207234 1956953.56613 0
955535.17187 1956953.55522 0
955535.127621 1956953.53327 0
955535.083431 1956953.52241 0
955535.056953 1956953.52255 0
955535.021649 1956953.52274 0
955534.9774 1956953.50079 0
955534.933211 1956953.48993 0
955534.888962 1956953.46798 0
955534.853598 1956953.45707 0
955534.818235 1956953.44617 0
955534.774105 1956953.44641 0
955534.738741 1956953.4355 0
955534.694492 1956953.41355 0
955534.650243 1956953.3916 0
955534.606053 1956953.38074 0
955534.561864 1956953.36988 0
955534.517615 1956953.34793 0
955534.482251 1956953.33702 0
955534.438002 1956953.31507 0
955534.402638 1956953.30417 0
955534.358449 1956953.29331 0
955534.314259 1956953.28245 0
955534.278836 1956953.26045 0
955534.234528 1956953.2274 0
955534.190338 1956953.21655 0
955534.154975 1956953.20564 0
955534.110725 1956953.18369 0
955534.066536 1956953.17283 0
955534.031113 1956953.15083 0
955533.986923 1956953.13997 0
955533.9515 1956953.11797 0
955533.916077 1956953.09597 0
955533.871888 1956953.08512 0
955533.836524 1956953.07421 0
955533.801041 1956953.04112 0
955533.756792 1956953.01916 0
955533.721429 1956953.00826 0
955533.67718 1956952.98631 0
955533.641757 1956952.96431 0
955533.597567 1956952.95345 0
955533.553318 1956952.9315 0
955533.517895 1956952.9095 0
955533.473646 1956952.88755 0
955533.438223 1956952.86555 0
955533.393974 1956952.84359 0
955533.349724 1956952.82164 0
955533.314301 1956952.79964 0
955533.270052 1956952.77769 0
955533.225863 1956952.76683 0
955533.19044 1956952.74483 0
955533.137365 1956952.72293 0
955533.101941 1956952.70093 0
955533.057633 1956952.66788 0
955533.022269 1956952.65697 0
955532.97802 1956952.63502 0
955532.933771 1956952.61307 0
955532.889522 1956952.59112 0
955532.854039 1956952.55802 0
955532.80979 1956952.53607 0
955532.774427 1956952.52517 0
955532.730178 1956952.50321 0
955532.685869 1956952.47017 0
955532.64162 1956952.44821 0
955532.597371 1956952.42626 0
955532.553122 1956952.40431 0
955532.517699 1956952.38231 0
955532.47339 1956952.34926 0
955532.429081 1956952.31622 0
955532.393658 1956952.29422 0
955532.349409 1956952.27226 0
955532.30516 1956952.25031 0
955532.269737 1956952.22831 0
955532.234254 1956952.19522 0
955532.189946 1956952.16217 0
955532.154522 1956952.14017 0
955532.110273 1956952.11822 0
955532.07485 1956952.09622 0
955532.030542 1956952.06317 0
955531.995119 1956952.04117 0
955531.959636 1956952.00808 0
955531.915387 1956951.98613 0
955531.879964 1956951.96413 0
955531.844481 1956951.93103 0
955531.809058 1956951.90903 0
955531.773635 1956951.88703 0
955531.738212 1956951.86503 0
955531.693963 1956951.84308 0
955531.65848 1956951.80999 0
955531.614171 1956951.77694 0
955531.578748 1956951.75494 0
955531.543325 1956951.73294 0
955531.507842 1956951.69985 0
955531.47236 1956951.66675 0
955531.445763 1956951.6447 0
955531.41028 1956951.61161 0
955531.383683 1956951.58956 0
955531.339434 1956951.56761 0
955531.304011 1956951.54561 0
955531.277354 1956951.51247 0
955531.250757 1956951.49042 0
955531.2241 1956951.45728 0
955531.188677 1956951.43528 0
955531.153254 1956951.41328 0
955531.126598 1956951.38014 0
955531.073344 1956951.32495 0
955531.037921 1956951.30295 0
955531.002438 1956951.26986 0
955530.975841 1956951.24781 0
955530.95801 1956951.21462 0
955530.931354 1956951.18148 0
955530.904757 1956951.15943 0
955530.869333 1956951.13743 0
955530.842677 1956951.10429 0
955530.81608 1956951.08224 0
955530.789423 1956951.0491 0
955530.762766 1956951.01596 0
955530.727284 1956950.98287 0
955530.700627 1956950.94972 0
955530.67409 1956950.93877 0
955530.647433 1956950.90563 0
955530.620776 1956950.87249 0
955530.59412 1956950.83935 0
955530.558637 1956950.80625 0
955530.53198 1956950.77311 0
955530.496557 1956950.75111 0
955530.469841 1956950.70688 0
955530.443184 1956950.67373 0
955530.416528 1956950.64059 0
955530.389871 1956950.60745 0
955530.363155 1956950.56321 0
955530.327672 1956950.53012 0
955530.309901 1956950.50803 0
955530.274418 1956950.47493 0
955530.247762 1956950.44179 0
955530.221105 1956950.40865 0
955530.194449 1956950.37551 0
955530.167792 1956950.34236 0
955530.141135 1956950.30922 0
955530.114479 1956950.27608 0
955530.078996 1956950.24299 0
955530.052339 1956950.20985 0
955530.025623 1956950.16561 0
955529.998966 1956950.13247 0
955529.97231 1956950.09933 0
955529.945594 1956950.05509 0
955529.918877 1956950.01085 0
955529.892221 1956949.97771 0
955529.865564 1956949.94457 0
955529.838907 1956949.91143 0
955529.812191 1956949.86719 0
955529.776649 1956949.823 0
955529.749992 1956949.78986 0
955529.705505 1956949.72353 0
955529.678848 1956949.69039 0
955529.652132 1956949.64615 0
955529.625356 1956949.59082 0
955529.59864 1956949.54659 0
955529.571984 1956949.51344 0
955529.545327 1956949.4803 0
955529.51867 1956949.44716 0
955529.491954 1956949.40293 0
955529.474004 1956949.34755 0
955529.447288 1956949.30331 0
955529.420632 1956949.27017 0
955529.393975 1956949.23703 0
955529.367318 1956949.20389 0
955529.349428 1956949.1596 0
955529.322712 1956949.11537 0
955529.295996 1956949.07113 0
955529.269339 1956949.03799 0
955529.251508 1956949.0048 0
955529.224852 1956948.97166 0
955529.206961 1956948.92737 0
955529.180305 1956948.89423 0
955529.162415 1956948.84995 0
955529.135758 1956948.81681 0
955529.109042 1956948.77257 0
955529.091152 1956948.72829 0
955529.064435 1956948.68405 0
955529.046605 1956948.65086 0
955529.028714 1956948.60658 0
955529.010824 1956948.56229 0
955528.984048 1956948.50696 0
955528.957392 1956948.47382 0
955528.939502 1956948.42954 0
955528.921671 1956948.39635 0
955528.903781 1956948.35207 0
955528.885891 1956948.30778 0
955528.859174 1956948.26355 0
955528.841284 1956948.21926 0
955528.823394 1956948.17498 0
955528.805504 1956948.1307 0
955528.787614 1956948.08641 0
955528.769723 1956948.04213 0
955528.743007 1956947.99789 0
955528.733943 1956947.95356 0
955528.716053 1956947.90928 0
955528.698222 1956947.87609 0
955528.66262 1956947.82081 0
955528.64473 1956947.77652 0
955528.635666 1956947.73219 0
955528.617776 1956947.68791 0
955528.599826 1956947.63253 0
955528.581936 1956947.58825 0
955528.564105 1956947.55506 0
955528.546215 1956947.51077 0
955528.528325 1956947.46649 0
955528.51932 1956947.43325 0
955528.492604 1956947.38902 0
955528.48348 1956947.33359 0
955528.474416 1956947.28926 0
955528.456466 1956947.23388 0
955528.438576 1956947.1896 0
955528.420686 1956947.14531 0
955528.402855 1956947.11213 0
955528.384905 1956947.05675 0
955528.375782 1956947.00132 0
955528.357832 1956946.94594 0
955528.340001 1956946.91275 0
955528.322171 1956946.87957 0
955528.304161 1956946.81309 0
955528.295037 1956946.75767 0
955528.277147 1956946.71338 0
955528.259257 1956946.6691 0
955528.250193 1956946.62477 0
955528.232303 1956946.58049 0
955528.214353 1956946.52511 0
955528.205229 1956946.46968 0
955528.196165 1956946.42535 0
955528.178275 1956946.38107 0
955528.169151 1956946.32564 0
955528.160087 1956946.28131 0
955528.142197 1956946.23703 0
955528.133132 1956946.1927 0
955528.115242 1956946.14841 0
955528.106118 1956946.09299 0
955528.10588 1956946.04861 0
955528.08805 1956946.01542 0
955528.078926 1956945.95999 0
955528.069802 1956945.90457 0
955528.060738 1956945.86024 0
955528.051674 1956945.81591 0
955528.051495 1956945.78262 0
955528.042431 1956945.73829 0
955528.024481 1956945.68291 0
955528.015417 1956945.63858 0
955528.015179 1956945.5942 0
955528.01494 1956945.54983 0
955528.005817 1956945.4944 0
955527.996753 1956945.45007 0
955527.987629 1956945.39464 0
955527.978565 1956945.35031 0
955527.978326 1956945.30594 0
955527.978029 1956945.25046 0
955527.977731 1956945.19499 0
955527.968667 1956945.15066 0
955527.959603 1956945.10633 0
955527.959364 1956945.06195 0
955527.9503 1956945.01762 0
955527.950062 1956944.97324 0
955527.949824 1956944.92886 0
955527.949526 1956944.87339 0
955527.940402 1956944.81796 0
955527.940164 1956944.77358 0
955527.939985 1956944.7403 0
955527.930921 1956944.69597 0
955527.930623 1956944.6405 0
955527.921559 1956944.59617 0
955527.921262 1956944.54069 0
955527.921023 1956944.49631 0
955527.920726 1956944.44084 0
955527.911661 1956944.39651 0
955527.911423 1956944.35213 0
955527.911125 1956944.29666 0
955527.910887 1956944.25228 0
955527.910649 1956944.2079 0
955527.910351 1956944.15243 0
955527.918939 1956944.108 0
955527.918641 1956944.05253 0
955527.918403 1956944.00815 0
955527.918105 1956943.95268 0
955527.917867 1956943.9083 0
955527.91757 1956943.85283 0
955527.926098 1956943.79731 0
955527.9258 1956943.74184 0
955527.934388 1956943.69741 0
955527.93415 1956943.65303 0
955527.942678 1956943.59751 0
955527.951266 1956943.55309 0
955527.950968 1956943.49761 0
955527.959496 1956943.44209 0
955527.959258 1956943.39771 0
955527.967846 1956943.35329 0
955527.976374 1956943.29777 0
955527.976136 1956943.25339 0
955527.975838 1956943.19792 0
955527.993252 1956943.15344 0
955527.993014 1956943.10907 0
955527.992716 1956943.05359 0
955528.001185 1956942.98698 0
955528.009832 1956942.95365 0
955528.01842 1956942.90922 0
955528.027008 1956942.8648 0
955528.02671 1956942.80932 0
955528.026413 1956942.75385 0
955528.035 1956942.70942 0
955528.043588 1956942.665 0
955528.052116 1956942.60948 0
955528.060704 1956942.56505 0
955528.060466 1956942.52067 0
955528.068994 1956942.46515 0
955528.086408 1956942.42068 0
955528.094996 1956942.37625 0
955528.094758 1956942.33188 0
955528.103286 1956942.27636 0
955528.111874 1956942.23193 0
955528.129288 1956942.18746 0
955528.146642 1956942.13189 0
955528.15523 1956942.08746 0
955528.154992 1956942.04309 0
955528.16352 1956941.98757 0
955528.172048 1956941.93204 0
955528.189462 1956941.88757 0
955528.19805 1956941.84315 0
955528.206578 1956941.78763 0
955528.224052 1956941.75425 0
955528.232639 1956941.70982 0
955528.241168 1956941.6543 0
955528.249696 1956941.59878 0
955528.258284 1956941.55436 0
955528.275698 1956941.50988 0
955528.284285 1956941.46546 0
955528.301699 1956941.42098 0
955528.310228 1956941.36546 0
955528.318815 1956941.32104 0
955528.336289 1956941.28766 0
955528.344877 1956941.24323 0
955528.353405 1956941.18771 0
955528.370819 1956941.14324 0
955528.388233 1956941.09877 0
955528.405646 1956941.05429 0
955528.414234 1956941.00987 0
955528.413877 1956940.9433 0
955528.43135 1956940.90992 0
955528.45765 1956940.8765 0
955528.475064 1956940.83202 0
955528.49218 1956940.73208 0
955528.509534 1956940.67651 0
955528.527007 1956940.64313 0
955528.553247 1956940.59861 0
955528.570721 1956940.56523 0
955528.579249 1956940.50971 0
955528.587837 1956940.46529 0
955528.605251 1956940.42081 0
955528.622724 1956940.38743 0
955528.640138 1956940.34296 0
955528.657552 1956940.29849 0
955528.666139 1956940.25406 0
955528.683613 1956940.22068 0
955528.701027 1956940.17621 0
955528.718441 1956940.13174 0
955528.735914 1956940.09836 0
955528.753387 1956940.06498 0
955528.779627 1956940.02046 0
955528.788215 1956939.97603 0
955528.805629 1956939.93156 0
955528.823102 1956939.89818 0
955528.849402 1956939.86476 0
955528.866816 1956939.82028 0
955528.884289 1956939.78691 0
955528.901703 1956939.74243 0
955528.919117 1956939.69796 0
955528.93659 1956939.66458 0
955528.962889 1956939.63116 0
955528.980303 1956939.58668 0
955528.997717 1956939.54221 0
955529.015191 1956939.50883 0
955529.04149 1956939.4754 0
955529.067789 1956939.44198 0
955529.085203 1956939.39751 0
955529.102558 1956939.34194 0
955529.120031 1956939.30856 0
955529.14633 1956939.27513 0
955529.172689 1956939.2528 0
955529.190103 1956939.20833 0
955529.207457 1956939.15276 0
955529.233757 1956939.11934 0
955529.260056 1956939.08591 0
955529.286415 1956939.06358 0
955529.303829 1956939.01911 0
955529.321243 1956938.97463 0
955529.338657 1956938.93016 0
955529.364956 1956938.89673 0
955529.391256 1956938.86331 0
955529.417555 1956938.82988 0
955529.435028 1956938.7965 0
955529.461268 1956938.75198 0
955529.487508 1956938.70746 0
955529.513808 1956938.67404 0
955529.540107 1956938.64061 0
955529.55758 1956938.60723 0
955529.58388 1956938.57381 0
955529.61012 1956938.52929 0
955529.63636 1956938.48477 0
955529.662659 1956938.45134 0
955529.688958 1956938.41791 0
955529.715258 1956938.38449 0
955529.741557 1956938.35106 0
955529.767857 1956938.31764 0
955529.794097 1956938.27312 0
955529.820396 1956938.23969 0
955529.855462 1956938.19512 0
955529.881761 1956938.1617 0
955529.908061 1956938.12827 0
955529.93436 1956938.09484 0
955529.969545 1956938.07247 0
955529.995785 1956938.02795 0
955530.03091 1956937.99447 0
955530.05721 1956937.96105 0
955530.083509 1956937.92762 0
955530.118635 1956937.89415 0
955530.144934 1956937.86072 0
955530.18006 1956937.82725 0
955530.206359 1956937.79382 0
955530.232658 1956937.7604 0
955530.267784 1956937.72692 0
955530.294024 1956937.6824 0
955530.320323 1956937.64898 0
955530.355449 1956937.6155 0
955530.381808 1956937.59317 0
955530.416933 1956937.5597 0
955530.443173 1956937.51518 0
955530.469472 1956937.48175 0
955530.495772 1956937.44833 0
955530.530897 1956937.41485 0
955530.557197 1956937.38143 0
955530.592322 1956937.34795 0
955530.627507 1956937.32558 0
955530.653806 1956937.29215 0
955530.688932 1956937.25868 0
955530.715231 1956937.22525 0
955530.74159 1956937.20292 0
955530.776656 1956937.15835 0
955530.811782 1956937.12488 0
955530.838081 1956937.09145 0
955530.873206 1956937.05798 0
955530.899506 1956937.02455 0
955530.934691 1956937.00218 0
955530.969816 1956936.9687 0
955531.004942 1956936.93523 0
955531.040067 1956936.90176 0
955531.075193 1956936.86828 0
955531.110378 1956936.8459 0
955531.145563 1956936.82353 0
955531.180688 1956936.79005 0
955531.215814 1956936.75658 0
955531.250939 1956936.72311 0
955531.286064 1956936.68963 0
955531.321249 1956936.66725 0
955531.356434 1956936.64488 0
955531.400386 1956936.61135 0
955531.435511 1956936.57788 0
955531.46187 1956936.55555 0
955531.496996 1956936.52208 0
955531.532181 1956936.4997 0
955531.576192 1956936.47727 0
955531.611377 1956936.45489 0
955531.646502 1956936.42142 0
955531.681687 1956936.39904 0
955531.716813 1956936.36557 0
955531.760824 1956936.34314 0
955531.795949 1956936.30967 0
955531.831134 1956936.28729 0
955531.875145 1956936.26486 0
955531.91033 1956936.24249 0
955531.945456 1956936.20901 0
955531.980641 1956936.18663 0
955532.015826 1956936.16426 0
955532.059837 1956936.14183 0
955532.094962 1956936.10836 0
955532.130147 1956936.08598 0
955532.174158 1956936.06355 0
955532.209343 1956936.04117 0
955532.253295 1956936.00765 0
955532.28842 1956935.97418 0
955532.332431 1956935.95175 0
955532.367616 1956935.92937 0
955532.402801 1956935.907 0
955532.446753 1956935.87348 0
955532.490764 1956935.85105 0
955532.525949 1956935.82867 0
955532.5699 1956935.79515 0
955532.605085 1956935.77277 0
955532.649096 1956935.75035 0
955532.693107 1956935.72792 0
955532.728292 1956935.70554 0
955532.763477 1956935.68316 0
955532.807488 1956935.66074 0
955532.851499 1956935.63831 0
955532.886684 1956935.61593 0
955532.930695 1956935.59351 0
955532.965821 1956935.56003 0
955533.001006 1956935.53765 0
955533.03625 1956935.52637 0
955533.080261 1956935.50394 0
955533.115446 1956935.48156 0
955533.150631 1956935.45919 0
955533.185816 1956935.43681 0
955533.229827 1956935.41438 0
955533.265072 1956935.4031 0
955533.300257 1956935.38072 0
955533.344327 1956935.36939 0
955533.379512 1956935.34701 0
955533.414697 1956935.32463 0
955533.458708 1956935.3022 0
955533.493953 1956935.29092 0
955533.537964 1956935.26849 0
955533.573149 1956935.24612 0
955533.61716 1956935.22369 0
955533.652405 1956935.21241 0
955533.696475 1956935.20107 0
955533.740486 1956935.17865 0
955533.775671 1956935.15627 0
955533.810856 1956935.13389 0
955533.854927 1956935.12256 0
955533.898997 1956935.11123 0
955533.943008 1956935.0888 0
955533.978193 1956935.06642 0
955534.022264 1956935.05509 0
955534.057449 1956935.03271 0
955534.101519 1956935.02138 0
955534.136704 1956934.999 0
955534.180775 1956934.98767 0
955534.224786 1956934.96525 0
955534.268916 1956934.96501 0
955534.304101 1956934.94263 0
955534.348172 1956934.9313 0
955534.383357 1956934.90892 0
955534.427427 1956934.89759 0
955534.462672 1956934.88631 0
955534.506742 1956934.87497 0
955534.594884 1956934.85231 0
955534.630128 1956934.84103 0
955534.674139 1956934.8186 0
955534.71821 1956934.80727 0
955534.76234 1956934.80703 0
955534.80641 1956934.7957 0
955534.841595 1956934.77332 0
955534.885666 1956934.76199 0
955534.929737 1956934.75066 0
955534.982693 1956934.75038 0
955535.026763 1956934.73904 0
955535.070834 1956934.72771 0
955535.114904 1956934.71638 0
955535.158975 1956934.70505 0
955535.203046 1956934.69372 0
955535.256002 1956934.69343 0
955535.300013 1956934.67101 0
955535.344024 1956934.64858 0
955535.388154 1956934.64835 0
955535.44111 1956934.64806 0
955535.485181 1956934.63673 0
955535.529311 1956934.63649 0
955535.573381 1956934.62516 0
955535.617452 1956934.61383 0
955535.670289 1956934.59136 0
955535.723245 1956934.59107 0
955535.767375 1956934.59084 0
955535.811446 1956934.5795 0
955535.855516 1956934.56817 0
955535.899587 1956934.55684 0
955535.952483 1956934.54546 0
955535.996614 1956934.54523 0
955536.040684 1956934.53389 0
955536.09364 1956934.53361 0
955536.137711 1956934.52228 0
955536.190667 1956934.522 0
955536.234738 1956934.51066 0
955536.287694 1956934.51038 0
955536.331764 1956934.49905 0
955536.375835 1956934.48772 0
955536.428731 1956934.47634 0
955536.481688 1956934.47605 0
955536.534644 1956934.47577 0
955536.569888 1956934.46449 0
955536.613959 1956934.45315 0
955536.658089 1956934.45292 0
955536.719871 1956934.45259 0
955536.772827 1956934.4523 0
955536.816898 1956934.44097 0
955536.860968 1956934.42964 0
955536.913924 1956934.42935 0
955536.958055 1956934.42912 0
955537.011011 1956934.42883 0
955537.063907 1956934.41746 0
955537.108037 1956934.41722 0
955537.152168 1956934.41698 0
955537.196298 1956934.41674 0
955537.249254 1956934.41646 0
955537.293384 1956934.41622 0
955537.34628 1956934.40484 0
955537.390411 1956934.40461 0
955537.434541 1956934.40437 0
955537.487556 1956934.41518 0
955537.531627 1956934.40385 0
955537.575757 1956934.40361 0
955537.619887 1956934.40338 0
955537.672903 1956934.41419 0
955537.717033 1956934.41395 0
955537.761163 1956934.41371 0
955537.805293 1956934.41348 0
955537.849423 1956934.41324 0
955537.893613 1956934.4241 0
955537.946629 1956934.43491 0
955537.990759 1956934.43467 0
955538.026003 1956934.42339 0
955538.070133 1956934.42315 0
955538.114263 1956934.42291 0
955538.158453 1956934.43377 0
955538.211469 1956934.44458 0
955538.255599 1956934.44435 0
955538.299729 1956934.44411 0
955538.343859 1956934.44387 0
955538.396875 1956934.45468 0
955538.441005 1956934.45445 0
955538.476309 1956934.45426 0
955538.529325 1956934.46507 0
955538.573514 1956934.47592 0
955538.617644 1956934.47569 0
955538.652949 1956934.4755 0
955538.697138 1956934.48636 0
955538.741268 1956934.48612 0
955538.785398 1956934.48588 0
955538.829588 1956934.49674 0
955538.873718 1956934.4965 0
955538.917908 1956934.50736 0
955538.953212 1956934.50717 0
955538.997402 1956934.51803 0
955539.041532 1956934.51779 0
955539.085721 1956934.52865 0
955539.129851 1956934.52841 0
955539.174041 1956934.53927 0
955539.209405 1956934.55018 0
955539.244768 1956934.56108 0
955539.297724 1956934.5608 0
955539.341914 1956934.57165 0
955539.377278 1956934.58256 0
955539.430293 1956934.59337 0
955539.465657 1956934.60428 0
955539.509787 1956934.60404 0
955539.553977 1956934.6149 0
955539.598166 1956934.62575 0
955539.63347 1956934.62556 0
955539.67766 1956934.63642 0
955539.72185 1956934.64728 0
955539.766039 1956934.65814 0
955539.810229 1956934.669 0
955539.854419 1956934.67985 0
955539.898608 1956934.69071 0
955539.942798 1956934.70157 0
955539.986988 1956934.71243 0
955540.031177 1956934.72328 0
955540.075307 1956934.72305 0
955540.119497 1956934.73391 0
955540.172572 1956934.75581 0
955540.216821 1956934.77776 0
955540.252185 1956934.78867 0
955540.296315 1956934.78843 0
955540.349331 1956934.79924 0
955540.384694 1956934.81015 0
955540.428884 1956934.82101 0
955540.473133 1956934.84296 0
955540.517323 1956934.85382 0
955540.561512 1956934.86467 0
955540.605642 1956934.86444 0
955540.641006 1956934.87534 0
955540.694081 1956934.89725 0
955540.738211 1956934.89701 0
955540.773575 1956934.90791 0
955540.808998 1956934.92991 0
955540.853188 1956934.94077 0
955540.906203 1956934.95158 0
955540.950453 1956934.97354 0
955540.994642 1956934.98439 0
955541.029946 1956934.9842 0
955541.074136 1956934.99506 0
955541.118385 1956935.01701 0
955541.162575 1956935.02787 0
955541.206824 1956935.04982 0
955541.251073 1956935.07178 0
955541.295263 1956935.08263 0
955541.339452 1956935.09349 0
955541.383642 1956935.10435 0
955541.427891 1956935.1263 0
955541.472081 1956935.13716 0
955541.51633 1956935.15911 0
955541.560579 1956935.18106 0
955541.604769 1956935.19192 0
955541.648958 1956935.20278 0
955541.693208 1956935.22473 0
955541.728631 1956935.24673 0
955541.77282 1956935.25759 0
955541.81707 1956935.27954 0
955541.861319 1956935.30149 0
955541.905508 1956935.31235 0
955541.940991 1956935.34545 0
955541.98524 1956935.3674 0
955542.02943 1956935.37826 0
955542.073619 1956935.38911 0
955542.109043 1956935.41111 0
955542.144466 1956935.43311 0
955542.1976 1956935.46611 0
955542.24185 1956935.48807 0
955542.277273 1956935.51007 0
955542.312696 1956935.53207 0
955542.348119 1956935.55407 0
955542.392368 1956935.57602 0
955542.436617 1956935.59797 0
955542.472041 1956935.61997 0
955542.516349 1956935.65302 0
955542.560658 1956935.68606 0
955542.596081 1956935.70806 0
955542.631504 1956935.73006 0
955542.675753 1956935.75202 0
955542.720002 1956935.77397 0
955542.755485 1956935.80706 0
955542.799734 1956935.82902 0
955542.844043 1956935.86206 0
955542.879526 1956935.89516 0
955542.923775 1956935.91711 0
955542.959257 1956935.9502 0
955543.003507 1956935.97216 0
955543.038989 1956936.00525 0
955543.083298 1956936.0383 0
955543.118781 1956936.07139 0
955543.16303 1956936.09334 0
955543.198512 1956936.12644 0
955543.242762 1956936.14839 0
955543.278244 1956936.18148 0
955543.313727 1956936.21458 0
955543.357976 1956936.23653 0
955543.393459 1956936.26963 0
955543.437767 1956936.30267 0
955543.47325 1956936.33577 0
955543.508673 1956936.35777 0
955543.552922 1956936.37972 0
955543.588405 1956936.41281 0
955543.632714 1956936.44586 0
955543.677082 1956936.49 0
955543.712565 1956936.5231 0
955543.748047 1956936.55619 0
955543.792356 1956936.58924 0
955543.827779 1956936.61124 0
955543.863262 1956936.64433 0
955543.898804 1956936.68852 0
955543.934287 1956936.72161 0
955543.978595 1956936.75466 0
955544.022963 1956936.7988 0
955544.058387 1956936.8208 0
955544.093869 1956936.8539 0
955544.129411 1956936.89809 0
955544.164954 1956936.94228 0
955544.209262 1956936.97532 0
955544.253571 1956937.00837 0
955544.280228 1956937.04151 0
955544.31577 1956937.0857 0
955544.351252 1956937.11879 0
955544.395561 1956937.15184 0
955544.422218 1956937.18498 0
955544.45776 1956937.22917 0
955544.493183 1956937.25117 0
955544.528725 1956937.29536 0
955544.555441 1956937.3396 0
955544.59975 1956937.37264 0
955544.635233 1956937.40574 0
955544.670775 1956937.44993 0
955544.697431 1956937.48307 0
955544.732974 1956937.52726 0
955544.768516 1956937.57145 0
955544.795172 1956937.60459 0
955544.830715 1956937.64878 0
955544.866257 1956937.69297 0
955544.892913 1956937.72611 0
955544.928396 1956937.7592 0
955544.955112 1956937.80344 0
955544.990654 1956937.84763 0
955545.026137 1956937.88072 0
955545.061679 1956937.92491 0
955545.088336 1956937.95805 0
955545.115052 1956938.00229 0
955545.150594 1956938.04648 0
955545.186136 1956938.09067 0
955545.221619 1956938.12376 0
955545.257161 1956938.16795 0
955545.283877 1956938.21219 0
955545.31942 1956938.25637 0
955545.354962 1956938.30056 0
955545.390444 1956938.33366 0
955545.425986 1956938.37785 0
955545.461469 1956938.41094 0
955545.488245 1956938.46627 0
955545.514961 1956938.51051 0
955545.550444 1956938.5436 0
955545.585986 1956938.58779 0
955545.612702 1956938.63203 0
955545.639418 1956938.67626 0
955545.67496 1956938.72045 0
955545.701676 1956938.76469 0
955545.737219 1956938.80888 0
955545.763935 1956938.85311 0
955545.799477 1956938.8973 0
955545.826133 1956938.93045 0
955545.85285 1956938.97468 0
955545.879566 1956939.01892 0
955545.915167 1956939.0742 0
955545.941884 1956939.11844 0
955545.96854 1956939.15158 0
955545.995256 1956939.19582 0
955546.021973 1956939.24005 0
955546.048689 1956939.28429 0
955546.075464 1956939.33962 0
955546.093354 1956939.3839 0
955546.111245 1956939.42819 0
955546.146727 1956939.46128 0
955546.164617 1956939.50556 0
955546.182448 1956939.53875 0
955546.209164 1956939.58299 0
955546.227054 1956939.62727 0
955546.25377 1956939.67151 0
955546.271601 1956939.7047 0
955546.289491 1956939.74898 0
955546.307262 1956939.77108 0
955546.333978 1956939.81531 0
955546.351809 1956939.8485 0
955546.369699 1956939.89279 0
955546.378704 1956939.92602 0
955546.396534 1956939.95921 0
955546.414365 1956939.9924 0
955546.432136 1956940.01449 0
955546.449966 1956940.04768 0
955546.458971 1956940.08092 0
955546.476802 1956940.11411 0
955546.494632 1956940.1473 0
955546.503637 1956940.18053 0
955546.521467 1956940.21372 0
955546.530472 1956940.24696 0
955546.548303 1956940.28015 0
955546.557248 1956940.30229 0
955546.566252 1956940.33553 0
955546.584023 1956940.35762 0
955546.601854 1956940.39081 0
955546.610799 1956940.41295 0
955546.619744 1956940.43509 0
955546.628749 1956940.46833 0
955546.646579 1956940.50152 0
955546.655524 1956940.52366 0
955546.664469 1956940.5458 0
955546.664588 1956940.56799 0
955546.673593 1956940.60123 0
955546.682538 1956940.62337 0
955546.700309 1956940.64547 0
955546.709254 1956940.66761 0
955546.709373 1956940.6898 0
955546.718259 1956940.70084 0
955546.718378 1956940.72303 0
955546.736208 1956940.75622 0
955546.745154 1956940.77836 0
955546.745273 1956940.80055 0
955546.754158 1956940.8116 0
955546.763163 1956940.84484 0
955546.772167 1956940.87807 0
955546.789938 1956940.90017 0
955546.798883 1956940.92231 0
955546.807828 1956940.94445 0
955546.816833 1956940.97769 0
955546.825838 1956941.01092 0
955546.834783 1956941.03307 0
955546.843787 1956941.0663 0
955546.852792 1956941.09954 0
955546.861737 1956941.12168 0
955546.870741 1956941.15492 0
955546.879746 1956941.18815 0
955546.888691 1956941.21029 0
955546.897696 1956941.24353 0
955546.897874 1956941.27681 0
955546.906819 1956941.29896 0
955546.915824 1956941.33219 0
955546.924769 1956941.35433 0
955546.933774 1956941.38757 0
955546.942719 1956941.40971 0
955546.942897 1956941.443 0
955546.960728 1956941.47619 0
955546.969673 1956941.49833 0
955546.969851 1956941.53161 0
955546.978796 1956941.55375 0
955546.987801 1956941.58699 0
955546.98798 1956941.62027 0
955546.996925 1956941.64242 0
955547.00587 1956941.66456 0
955547.014874 1956941.69779 0
955547.023879 1956941.73103 0
955547.032883 1956941.76427 0
955547.041829 1956941.78641 0
955547.041948 1956941.8086 0
955547.050952 1956941.84183 0
955547.051071 1956941.86402 0
955547.060076 1956941.89726 0
955547.06908 1956941.9305 0
955547.069259 1956941.96378 0
955547.08709 1956941.99697 0
955547.096154 1956942.0413 0
955547.105158 1956942.07454 0
955547.105337 1956942.10782 0
955547.114401 1956942.15215 0
955547.123405 1956942.18539 0
955547.13247 1956942.22972 0
955547.141534 1956942.27405 0
955547.141712 1956942.30733 0
955547.150776 1956942.35166 0
955547.159781 1956942.3849 0
955547.168845 1956942.42923 0
955547.177909 1956942.47356 0
955547.186973 1956942.51789 0
955547.187211 1956942.56227 0
955547.196275 1956942.6066 0
955547.20528 1956942.63984 0
955547.214404 1956942.69526 0
955547.214582 1956942.72855 0
955547.223646 1956942.77288 0
955547.241596 1956942.82826 0
955547.241834 1956942.87264 0
955547.242072 1956942.91701 0
955547.251136 1956942.96134 0
955547.251374 1956943.00572 0
955547.251612 1956943.0501 0
955547.260676 1956943.09443 0
955547.269741 1956943.13876 0
955547.278745 1956943.172 0
955547.278983 1956943.21638 0
955547.279221 1956943.26076 0
955547.288285 1956943.30509 0
955547.288523 1956943.34947 0
955547.288762 1956943.39384 0
955547.297766 1956943.42708 0
955547.298004 1956943.47146 0
955547.298302 1956943.52693 0
955547.307366 1956943.57126 0
955547.307545 1956943.60455 0
955547.316668 1956943.65997 0
955547.325732 1956943.7043 0
955547.325911 1956943.73759 0
955547.326149 1956943.78196 0
955547.326387 1956943.82634 0
955547.335451 1956943.87067 0
955547.335749 1956943.92615 0
955547.335987 1956943.97053 0
955547.345051 1956944.01486 0
955547.336463 1956944.05928 0
955547.336701 1956944.10366 0
955547.336939 1956944.14804 0
955547.337177 1956944.19242 0
955547.346241 1956944.23675 0
955547.337653 1956944.28117 0
955547.337891 1956944.32555 0
955547.33813 1956944.36993 0
955547.338368 1956944.41431 0
955547.338606 1956944.45869 0
955547.330018 1956944.50311 0
955547.339022 1956944.53635 0
955547.33926 1956944.58073 0
955547.330673 1956944.62515 0
955547.330911 1956944.66953 0
955547.331149 1956944.71391 0
955547.322501 1956944.74724 0
955547.322739 1956944.79162 0
955547.314151 1956944.83605 0
955547.31439 1956944.88042 0
955547.314568 1956944.91371 0
955547.30598 1956944.95813 0
955547.297392 1956945.00256 0
955547.29763 1956945.04694 0
955547.297809 1956945.08022 0
955547.28928 1956945.13574 0
955547.289459 1956945.16902 0
955547.280812 1956945.20236 0
955547.281109 1956945.25783 0
955547.272521 1956945.30225 0
955547.2727 1956945.33554 0
955547.264112 1956945.37996 0
955547.255524 1956945.42439 0
955547.246936 1956945.46882 0
955547.247174 1956945.51319 0
955547.247412 1956945.55757 0
955547.238824 1956945.602 0
955547.230236 1956945.64642 0
955547.230475 1956945.6908 0
955547.221887 1956945.73523 0
955547.204413 1956945.76861 0
955547.204651 1956945.81298 0
955547.196063 1956945.85741 0
955547.187416 1956945.89074 0
955547.178828 1956945.93517 0
955547.179126 1956945.99064 0
955547.170478 1956946.02397 0
955547.153005 1956946.05735 0
955547.144417 1956946.10177 0
955547.135829 1956946.1462 0
955547.127181 1956946.17953 0
955547.118593 1956946.22396 0
955547.110065 1956946.27948 0
955547.092651 1956946.32395 0
955547.075178 1956946.35733 0
955547.075416 1956946.40171 0
955547.066887 1956946.45723 0
955547.058299 1956946.50165 0
955547.040826 1956946.53503 0
955547.032298 1956946.59055 0
955547.02371 1956946.63498 0
955547.006296 1956946.67945 0
955546.988822 1956946.71283 0
955546.971408 1956946.7573 0
955546.96288 1956946.81282 0
955546.963118 1956946.8572 0
955546.945704 1956946.90167 0
955546.92829 1956946.94615 0
955546.910876 1956946.99062 0
955546.902288 1956947.03505 0
955546.89376 1956947.09057 0
955546.876346 1956947.13504 0
955546.858932 1956947.17951 0
955546.841518 1956947.22398 0
955546.824104 1956947.26846 0
955546.80669 1956947.31293 0
955546.789276 1956947.3574 0
955546.771922 1956947.41297 0
955546.763334 1956947.4574 0
955546.74592 1956947.50187 0
955546.71968 1956947.54639 0
955546.711092 1956947.59082 0
955546.693738 1956947.64638 0
955546.667498 1956947.6909 0
955546.650084 1956947.73538 0
955546.63267 1956947.77985 0
955546.615256 1956947.82432 0
955546.589076 1956947.87994 0
955546.571662 1956947.92441 0
955546.554248 1956947.96888 0
955546.536834 1956948.01336 0
955546.51942 1956948.05783 0
955546.502006 1956948.1023 0
955546.475766 1956948.14682 0
955546.449526 1956948.19134 0
955546.440938 1956948.23577 0
955546.423584 1956948.29134 0
955546.40617 1956948.33581 0
955546.379871 1956948.36924 0
955546.35369 1956948.42485 0
955546.336276 1956948.46932 0
955546.310036 1956948.51385 0
955546.292622 1956948.55832 0
955546.266382 1956948.60284 0
955546.249028 1956948.65841 0
955546.222788 1956948.70293 0
955546.196548 1956948.74745 0
955546.179134 1956948.79192 0
955546.144068 1956948.83649 0
955546.126654 1956948.88096 0
955546.100415 1956948.92548 0
955546.074175 1956948.97 0
955546.047935 1956949.01452 0
955546.021695 1956949.05904 0
955545.995455 1956949.10356 0
955545.969215 1956949.14808 0
955545.942975 1956949.1926 0
955545.916676 1956949.22603 0
955545.890436 1956949.27055 0
955545.864196 1956949.31507 0
955545.837956 1956949.35959 0
955545.811716 1956949.40411 0
955545.785476 1956949.44863 0
955545.75035 1956949.4821 0
955545.715285 1956949.52667 0
955545.688985 1956949.5601 0
955545.662745 1956949.60462 0
955545.636565 1956949.66023 0
955545.610265 1956949.69366 0
955545.575199 1956949.73823 0
955545.540074 1956949.7717 0
955545.513775 1956949.80513 0
955545.487535 1956949.84965 0
955545.452469 1956949.89421 0
955545.426169 1956949.92764 0
955545.391103 1956949.97221 0
955545.356037 1956950.01678 0
955545.320912 1956950.05025 0
955545.285786 1956950.08372 0
955545.259547 1956950.12824 0
955545.224421 1956950.16172 0
955545.189355 1956950.20628 0
955545.163056 1956950.23971 0
955545.12799 1956950.28428 0
955545.10175 1956950.3288 0
955545.066684 1956950.37336 0
955545.031559 1956950.40684 0
955544.996433 1956950.44031 0
955544.961308 1956950.47378 0
955544.926182 1956950.50726 0
955544.899942 1956950.55178 0
955544.873702 1956950.5963 0
955544.838577 1956950.62977 0
955544.803451 1956950.66324 0
955544.750674 1956950.69681 0
955544.724375 1956950.73024 0
955544.689309 1956950.77481 0
955544.654243 1956950.81937 0
955544.610291 1956950.85289 0
955544.56634 1956950.88641 0
955544.522448 1956950.93103 0
955544.487323 1956950.9645 0
955544.452197 1956950.99798 0
955544.417072 1956951.03145 0
955544.37312 1956951.06497 0
955544.338054 1956951.10954 0
955544.294103 1956951.14306 0
955544.250151 1956951.17658 0
955544.215026 1956951.21005 0
955544.188786 1956951.25457 0
955544.144894 1956951.29919 0
955544.100883 1956951.32161 0
955544.056932 1956951.35513 0
955544.021866 1956951.3997 0
955543.98674 1956951.43317 0
955543.951674 1956951.47774 0
955543.907723 1956951.51126 0
955543.863772 1956951.54478 0
955543.81982 1956951.5783 0
955543.784695 1956951.61178 0
955543.740803 1956951.65639 0
955543.696851 1956951.68991 0
955543.661666 1956951.71229 0
955543.617715 1956951.74581 0
955543.573823 1956951.79043 0
955543.538698 1956951.8239 0
955543.494687 1956951.84633 0
955543.450735 1956951.87985 0
955543.406784 1956951.91337 0
955543.362832 1956951.94689 0
955543.327707 1956951.98036 0
955543.283755 1956952.01388 0
955543.24863 1956952.04735 0
955543.213445 1956952.06973 0
955543.169494 1956952.10325 0
955543.125542 1956952.13677 0
955543.090357 1956952.15915 0
955543.055113 1956952.17044 0
955543.028813 1956952.20386 0
955543.002454 1956952.22619 0
955542.976036 1956952.23743 0
955542.958443 1956952.24862 0
955542.940851 1956952.25981 0
955542.923258 1956952.271 0
955542.914432 1956952.27105 0
955542.923258 1956952.271 0
955542.932084 1956952.27095 0
955542.949677 1956952.25976 0
955542.949617 1956952.24867 0
955542.949677 1956952.25976 0
955542.940851 1956952.25981 0
955542.932025 1956952.25986 0
955542.932025 1956952.25986 0
955542.932025 1956952.25986 0
955542.94091 1956952.2709 0
955542.940851 1956952.25981 0
955542.940851 1956952.25981 0
955542.940851 1956952.25981 0
955542.940851 1956952.25981 0
955542.940851 1956952.25981 0
955542.940851 1956952.25981 0
955542.940791 1956952.24871 0
955542.940791 1956952.24871 0
955542.940791 1956952.24871 0
955542.940791 1956952.24871 0
955542.940791 1956952.24871 0