955543.8723 1956951.48926
955543.87224 1956951.47817
955543.8723 1956951.48926
955543.87224 1956951.47817
955543.881066 1956951.47812
955543.881066 1956951.47812
955543.881066 1956951.47812
955543.881066 1956951.47812
955543.881066 1956951.47812
955543.881066 1956951.47812
955543.881066 1956951.47812
955543.881066 1956951.47812
955543.889892 1956951.47807
955543.889892 1956951.47807
955543.889892 1956951.47807
955543.889892 1956951.47807
955543.889892 1956951.47807
955543.889833 1956951.46698
955543.889833 1956951.46698
955543.889833 1956951.46698
955543.889833 1956951.46698
955543.889833 1956951.46698
955543.889833 1956951.46698
955543.898659 1956951.46693
955543.898659 1956951.46693
955543.898659 1956951.46693
955543.898659 1956951.46693
955543.898599 1956951.45584
955543.907425 1956951.45579
955543.907425 1956951.45579
955543.907366 1956951.4447
955543.907366 1956951.4447
955543.916192 1956951.44465
955543.916192 1956951.44465
955543.924958 1956951.43351
955543.933784 1956951.43346
955543.942551 1956951.42232
955543.951377 1956951.42227
955543.951317 1956951.41117
955543.960143 1956951.41113
955543.96891 1956951.39999
955543.977736 1956951.39994
955543.986502 1956951.3888
955543.995269 1956951.37765
955544.004035 1956951.36651
955544.021628 1956951.35532
955544.030394 1956951.34418
955544.03922 1956951.34413
955544.056813 1956951.33294
955544.065579 1956951.3218
955544.074346 1956951.31066
955544.083112 1956951.29952
955544.100645 1956951.27723
955544.109412 1956951.26609
955544.127004 1956951.2549
955544.13577 1956951.24376
955544.144537 1956951.23262
955544.16207 1956951.21034
955544.179662 1956951.19915
955544.197255 1956951.18796
955544.214847 1956951.17677
955544.223614 1956951.16563
955544.241206 1956951.15444
955544.249913 1956951.1322
955544.267506 1956951.12101
955544.285098 1956951.10982
955544.302631 1956951.08754
955544.311398 1956951.0764
955544.328931 1956951.05411
955544.346523 1956951.04292
955544.364056 1956951.02064
955544.372823 1956951.0095
955544.390356 1956950.98721
955544.399062 1956950.96498
955544.416595 1956950.94269
955544.434247 1956950.9426
955544.45184 1956950.93141
955544.460547 1956950.90917
955544.486906 1956950.88684
955544.504439 1956950.86456
955544.513205 1956950.85341
955544.530798 1956950.84223
955544.548331 1956950.81994
955544.565923 1956950.80875
955544.583456 1956950.78647
955544.601049 1956950.77528
955544.618582 1956950.753
955544.636115 1956950.73071
955544.653648 1956950.70843
955544.67118 1956950.68614
955544.688773 1956950.67495
955544.715132 1956950.65262
955544.732665 1956950.63034
955544.750198 1956950.60806
955544.767731 1956950.58577
955544.785204 1956950.55239
955544.811563 1956950.53006
955544.829037 1956950.49668
955544.855455 1956950.48545
955544.881814 1956950.46312
955544.899347 1956950.44083
955544.925706 1956950.4185
955544.943239 1956950.39622
955544.960712 1956950.36284
955544.987071 1956950.34051
955545.004604 1956950.31822
955545.022137 1956950.29594
955545.048496 1956950.27361
955545.06597 1956950.24023
955545.083503 1956950.21795
955545.101036 1956950.19566
955545.127395 1956950.17333
955545.144928 1956950.15105
955545.153634 1956950.12881
955545.171167 1956950.10653
955545.1887 1956950.08424
955545.206233 1956950.06196
955545.232652 1956950.05072
955545.250244 1956950.03953
955545.258892 1956950.0062
955545.267599 1956949.98397
955545.276365 1956949.97282
955545.293958 1956949.96163
955545.311491 1956949.93935
955545.320198 1956949.91711
955545.328905 1956949.89488
955545.337612 1956949.87264
955545.355204 1956949.86145
955545.372797 1956949.85026
955545.381563 1956949.83912
955545.39027 1956949.81688
955545.398977 1956949.79465
955545.407743 1956949.7835
955545.425336 1956949.77232
955545.434102 1956949.76117
955545.451635 1956949.73889
955545.460342 1956949.71665
955545.477935 1956949.70546
955545.486701 1956949.69432
955545.495468 1956949.68318
955545.504175 1956949.66094
955545.512941 1956949.6498
955545.521708 1956949.63866
955545.530415 1956949.61642
955545.548007 1956949.60523
955545.556774 1956949.59409
955545.565481 1956949.57186
955545.574187 1956949.54962
955545.582894 1956949.52738
955545.591661 1956949.51624
955545.600427 1956949.5051
955545.61802 1956949.49391
955545.626727 1956949.47167
955545.635493 1956949.46053
955545.64426 1956949.44939
955545.652967 1956949.42715
955545.661674 1956949.40492
955545.670381 1956949.38268
955545.687914 1956949.3604
955545.705447 1956949.33811
955545.714154 1956949.31588
955545.731687 1956949.29359
955545.740394 1956949.27135
955545.74916 1956949.26021
955545.766693 1956949.23793
955545.784226 1956949.21564
955545.801759 1956949.19336
955545.819292 1956949.17108
955545.827999 1956949.14884
955545.845472 1956949.11546
955545.862946 1956949.08208
955545.871653 1956949.05985
955545.889186 1956949.03756
955545.906719 1956949.01528
955545.924192 1956948.9819
955545.932839 1956948.94857
955545.950372 1956948.92629
955545.976672 1956948.89286
955545.994205 1956948.87058
955546.002852 1956948.83725
955546.020326 1956948.80387
955546.037799 1956948.77049
955546.055332 1956948.7482
955546.072806 1956948.71483
955546.090279 1956948.68145
955546.098926 1956948.64812
955546.1164 1956948.61474
955546.133873 1956948.58136
955546.151347 1956948.54798
955546.177646 1956948.51456
955546.186294 1956948.48122
955546.203708 1956948.43675
955546.212355 1956948.40342
955546.229828 1956948.37004
955546.256128 1956948.33662
955546.273601 1956948.30324
955546.282249 1956948.26991
955546.299663 1956948.22543
955546.317136 1956948.19205
955546.33461 1956948.15868
955546.352083 1956948.1253
955546.360671 1956948.08087
955546.378144 1956948.04749
955546.395558 1956948.00302
955546.421858 1956947.96959
955546.439331 1956947.93622
955546.447979 1956947.90289
955546.465393 1956947.85841
955546.47404 1956947.82508
955546.491513 1956947.7917
955546.508927 1956947.74723
955546.526401 1956947.71385
955546.543815 1956947.66938
955546.552403 1956947.62495
955546.569876 1956947.59157
955546.58735 1956947.5582
955546.604764 1956947.51372
955546.613411 1956947.48039
955546.622058 1956947.44706
955546.639532 1956947.41368
955546.656946 1956947.36921
955546.665534 1956947.32478
955546.683007 1956947.2914
955546.700421 1956947.24693
955546.717835 1956947.20246
955546.726423 1956947.15803
955546.726244 1956947.12475
955546.743718 1956947.09137
955546.761132 1956947.0469
955546.778546 1956947.00242
955546.787193 1956946.96909
955546.804607 1956946.92462
955546.813254 1956946.89129
955546.821842 1956946.84686
955546.83043 1956946.80244
955546.847904 1956946.76906
955546.856492 1956946.72463
955546.86508 1956946.68021
955546.873668 1956946.63578
955546.891141 1956946.6024
955546.908555 1956946.55793
955546.925731 1956946.46908
955546.943145 1956946.42461
955546.960618 1956946.39123
955546.969206 1956946.3468
955546.977794 1956946.30238
955546.986382 1956946.25795
955546.995029 1956946.22462
955547.012443 1956946.18015
955547.021031 1956946.13572
955547.020793 1956946.09134
955547.038207 1956946.04687
955547.046795 1956946.00244
955547.055442 1956945.96911
955547.06403 1956945.92469
955547.072618 1956945.88026
955547.081206 1956945.83584
955547.080968 1956945.79146
955547.098382 1956945.74698
955547.098144 1956945.70261
955547.106732 1956945.65818
955547.124205 1956945.6248
955547.132793 1956945.58038
955547.141143 1956945.49157
955547.140905 1956945.44719
955547.158319 1956945.40272
955547.166966 1956945.36939
955547.175554 1956945.32496
955547.175257 1956945.26949
955547.175019 1956945.22511
955547.183666 1956945.19178
955547.192313 1956945.15845
955547.200901 1956945.11403
955547.209489 1956945.0696
955547.209311 1956945.03632
955547.217899 1956944.99189
955547.226546 1956944.95856
955547.226248 1956944.90309
955547.22607 1956944.8698
955547.234658 1956944.82538
955547.234479 1956944.79209
955547.234241 1956944.74771
955547.234063 1956944.71443
955547.242651 1956944.67001
955547.242472 1956944.63672
955547.233408 1956944.59239
955547.241996 1956944.54796
955547.241817 1956944.51468
955547.241579 1956944.4703
955547.241401 1956944.43702
955547.241222 1956944.40374
955547.240984 1956944.35936
955547.240746 1956944.31498
955547.240567 1956944.28169
955547.231503 1956944.23736
955547.240151 1956944.20403
955547.240032 1956944.18184
955547.248619 1956944.13742
955547.239555 1956944.09309
955547.239317 1956944.04871
955547.230253 1956944.00438
955547.238841 1956943.95995
955547.238603 1956943.91557
955547.238365 1956943.8712
955547.238127 1956943.82682
955547.237829 1956943.77134
955547.228765 1956943.72701
955547.228527 1956943.68263
955547.228229 1956943.62716
955547.227991 1956943.58278
955547.227694 1956943.52731
955547.21863 1956943.48298
955547.209566 1956943.43865
955547.218153 1956943.39422
955547.217915 1956943.34984
955547.208792 1956943.29442
955547.199728 1956943.25009
955547.19943 1956943.19461
955547.190366 1956943.15028
955547.190128 1956943.10591
955547.18989 1956943.06153
955547.180766 1956943.0061
955547.171702 1956942.96177
955547.162578 1956942.90635
955547.153514 1956942.86201
955547.153276 1956942.81764
955547.152979 1956942.76216
955547.143855 1956942.70674
955547.125965 1956942.66245
955547.116901 1956942.61812
955547.116603 1956942.56265
955547.116365 1956942.51827
955547.107241 1956942.46285
955547.089292 1956942.40747
955547.088816 1956942.31871
955547.079752 1956942.27438
955547.061861 1956942.2301
955547.052857 1956942.19686
955547.043674 1956942.13034
955547.03461 1956942.08601
955547.034312 1956942.03054
955547.016422 1956941.98625
955547.007417 1956941.95302
955546.989527 1956941.90873
955546.980404 1956941.85331
955546.980106 1956941.79783
955546.971042 1956941.7535
955546.962037 1956941.72027
955546.944207 1956941.68708
955546.935083 1956941.63165
955546.926019 1956941.58732
955546.916955 1956941.54299
955546.90795 1956941.50975
955546.89012 1956941.47656
955546.87217 1956941.42119
955546.85422 1956941.36581
955546.845216 1956941.33257
955546.836211 1956941.29934
955546.818321 1956941.25505
955546.809257 1956941.21072
955546.791367 1956941.16644
955546.782303 1956941.12211
955546.764413 1956941.07782
955546.746582 1956941.04463
955546.728692 1956941.00035
955546.710861 1956940.96716
955546.701797 1956940.92283
955546.683907 1956940.87855
955546.666017 1956940.83426
955546.648186 1956940.80107
955546.639182 1956940.76784
955546.621292 1956940.72355
955546.603402 1956940.67927
955546.585571 1956940.64608
955546.56774 1956940.61289
955546.54985 1956940.56861
955546.531901 1956940.51323
955546.51407 1956940.48004
955546.496239 1956940.44685
955546.478349 1956940.40257
955546.460459 1956940.35828
955546.442629 1956940.3251
955546.424679 1956940.26972
955546.397963 1956940.22548
955546.380073 1956940.1812
955546.362183 1956940.13691
955546.344352 1956940.10372
955546.317576 1956940.04839
955546.29086 1956940.00416
955546.27297 1956939.95987
955546.25508 1956939.91559
955546.219538 1956939.8714
955546.201648 1956939.82712
955546.183757 1956939.78283
955546.165867 1956939.73855
955546.139151 1956939.69431
955546.103609 1956939.65013
955546.076893 1956939.60589
955546.059003 1956939.56161
955546.041053 1956939.50623
955546.005511 1956939.46204
955545.978735 1956939.40671
955545.952019 1956939.36247
955545.934129 1956939.31819
955545.898587 1956939.274
955545.871871 1956939.22976
955545.845095 1956939.17443
955545.818438 1956939.14129
955545.782837 1956939.08601
955545.756121 1956939.04177
955545.729404 1956938.99753
955545.693862 1956938.95334
955545.667146 1956938.90911
955545.64037 1956938.85378
955545.62248 1956938.80949
955545.586938 1956938.7653
955545.542629 1956938.73226
955545.515913 1956938.68802
955545.489197 1956938.64379
955545.462422 1956938.58845
955545.426879 1956938.54427
955545.391337 1956938.50008
955545.364621 1956938.45584
955545.320253 1956938.4117
955545.293537 1956938.36746
955545.257935 1956938.31218
955545.213567 1956938.26804
955545.178084 1956938.23494
955545.151308 1956938.17961
955545.124652 1956938.14647
955545.08911 1956938.10228
955545.053627 1956938.06919
955545.018025 1956938.0139
955544.982483 1956937.96971
955544.946941 1956937.92553
955544.911399 1956937.88134
955544.875916 1956937.84824
955544.831548 1956937.8041
955544.796065 1956937.77101
955544.760464 1956937.71572
955544.733807 1956937.68258
955544.689439 1956937.63844
955544.64513 1956937.60539
955544.609588 1956937.5612
955544.574046 1956937.51702
955544.538504 1956937.47283
955544.503021 1956937.43973
955544.458653 1956937.39559
955544.414344 1956937.36254
955544.378861 1956937.32945
955544.334493 1956937.28531
955544.298951 1956937.24112
955544.263468 1956937.20802
955544.2191 1956937.16388
955544.174732 1956937.11974
955544.130423 1956937.08669
955544.094941 1956937.0536
955544.050572 1956937.00946
955544.006204 1956936.96532
955543.970722 1956936.93222
955543.926413 1956936.89918
955543.882104 1956936.86613
955543.837736 1956936.82199
955543.793368 1956936.77785
955543.749059 1956936.7448
955543.704751 1956936.71175
955543.660442 1956936.6787
955543.616074 1956936.63456
955543.562939 1956936.60156
955543.51869 1956936.57961
955543.474381 1956936.54656
955543.438898 1956936.51347
955543.39459 1956936.48042
955543.341455 1956936.44742
955543.297146 1956936.41438
955543.244012 1956936.38138
955543.199703 1956936.34833
955543.16422 1956936.31524
955543.119912 1956936.28219
955543.066777 1956936.24919
955543.031354 1956936.22719
955542.978279 1956936.20528
955542.942736 1956936.16109
955542.898428 1956936.12805
955542.862945 1956936.09495
955542.80987 1956936.07305
955542.765621 1956936.0511
955542.712546 1956936.02919
955542.677063 1956935.9961
955542.632754 1956935.96305
955542.57962 1956935.93005
955542.53537 1956935.9081
955542.482295 1956935.88619
955542.437987 1956935.85315
955542.393678 1956935.8201
955542.349369 1956935.78705
955542.296294 1956935.76515
955542.252104 1956935.75429
955542.207736 1956935.71015
955542.154601 1956935.67715
955542.110352 1956935.6552
955542.066103 1956935.63324
955542.013028 1956935.61134
955541.968719 1956935.57829
955541.933237 1956935.5452
955541.880161 1956935.52329
955541.835972 1956935.51243
955541.782897 1956935.49053
955541.738647 1956935.46858
955541.694279 1956935.42443
955541.641144 1956935.39144
955541.596955 1956935.38058
955541.54388 1956935.35867
955541.490864 1956935.34786
955541.437729 1956935.31486
955541.39348 1956935.29291
955541.340345 1956935.25991
955541.28727 1956935.23801
955541.243081 1956935.22715
955541.190005 1956935.20524
955541.13693 1956935.18334
955541.083855 1956935.16143
955541.039606 1956935.13948
955540.98659 1956935.12867
955540.933515 1956935.10676
955540.880499 1956935.09595
955540.836191 1956935.06291
955540.783175 1956935.0521
955540.7301 1956935.03019
955540.677084 1956935.01938
955540.632835 1956934.99743
955540.57976 1956934.97552
955540.526744 1956934.96471
955540.473669 1956934.94281
955540.411827 1956934.93205
955540.358752 1956934.91014
955540.314562 1956934.89928
955540.252721 1956934.88852
955540.199645 1956934.86661
955540.14663 1956934.8558
955540.093555 1956934.8339
955540.031713 1956934.82314
955539.978697 1956934.81233
955539.916796 1956934.79047
955539.86378 1956934.77966
955539.810765 1956934.76885
955539.748923 1956934.75808
955539.695907 1956934.74727
955539.642892 1956934.73646
955539.58105 1956934.7257
955539.53686 1956934.71484
955539.474959 1956934.69298
955539.422003 1956934.69327
955539.360161 1956934.68251
955539.29832 1956934.67174
955539.245304 1956934.66093
955539.192288 1956934.65012
955539.139273 1956934.63931
955539.077431 1956934.62855
955539.015589 1956934.61779
955538.962633 1956934.61807
955538.909618 1956934.60726
955538.847776 1956934.5965
955538.79476 1956934.58569
955538.733038 1956934.59711
955538.680022 1956934.5863
955538.61818 1956934.57554
955538.565165 1956934.56473
955538.512149 1956934.55392
955538.450367 1956934.55425
955538.397411 1956934.55453
955538.335628 1956934.55486
955538.282613 1956934.54405
955538.229657 1956934.54434
955538.167815 1956934.53358
955538.105973 1956934.52281
955538.044191 1956934.52314
955537.991295 1956934.53452
955537.938279 1956934.52371
955537.876497 1956934.52404
955537.823481 1956934.51323
955537.761699 1956934.51356
955537.699917 1956934.5139
955537.646961 1956934.51418
955537.594004 1956934.51446
955537.532222 1956934.5148
955537.479266 1956934.51508
955537.417544 1956934.52651
955537.364528 1956934.5157
955537.311572 1956934.51598
955537.258616 1956934.51626
955537.205659 1956934.51655
955537.143877 1956934.51688
955537.090921 1956934.51716
955537.038025 1956934.52854
955536.985068 1956934.52883
955536.932112 1956934.52911
955536.879156 1956934.5294
955536.8262 1956934.52968
955536.773244 1956934.52996
955536.720347 1956934.54134
955536.667391 1956934.54163
955536.614435 1956934.54191
955536.561538 1956934.55329
955536.499756 1956934.55362
955536.4468 1956934.55391
955536.40267 1956934.55414
955536.349773 1956934.56552
955536.288051 1956934.57695
955536.235095 1956934.57723
955536.191024 1956934.58856
955536.138128 1956934.59994
955536.085231 1956934.61132
955536.023449 1956934.61165
955535.970552 1956934.62303
955535.926482 1956934.63436
955535.882411 1956934.64569
955535.829514 1956934.65707
955535.776558 1956934.65736
955535.723662 1956934.66873
955535.670825 1956934.69121
955535.626695 1956934.69145
955535.573798 1956934.70282
955535.520842 1956934.70311
955535.467945 1956934.71449
955535.423934 1956934.73691
955535.371038 1956934.74829
955535.326967 1956934.75962
955535.27407 1956934.771
955535.221174 1956934.78238
955535.177044 1956934.78262
955535.124207 1956934.80509
955535.080196 1956934.82752
955535.027299 1956934.8389
955534.983229 1956934.85023
955534.930332 1956934.86161
955534.877495 1956934.88408
955534.833424 1956934.89541
955534.789354 1956934.90674
955534.736457 1956934.91812
955534.683561 1956934.9295
955534.630724 1956934.95197
955534.586653 1956934.9633
955534.542642 1956934.98573
955534.498571 1956934.99706
955534.445675 1956935.00844
955534.392778 1956935.01982
955534.348827 1956935.05334
955534.313642 1956935.07572
955534.260745 1956935.0871
955534.207848 1956935.09848
955534.110941 1956935.13228
955534.06693 1956935.15471
955534.022919 1956935.17713
955533.978908 1956935.19956
955533.926011 1956935.21094
955533.882 1956935.23336
955533.829163 1956935.25584
955533.785152 1956935.27826
955533.732315 1956935.30074
955533.688304 1956935.32316
955533.635467 1956935.34564
955533.591515 1956935.37916
955533.538678 1956935.40163
955533.485841 1956935.4241
955533.433004 1956935.44658
955533.388993 1956935.469
955533.344982 1956935.49143
955533.292205 1956935.525
955533.248194 1956935.54742
955533.195297 1956935.5588
955533.151286 1956935.58123
955533.107335 1956935.61475
955533.063324 1956935.63717
955533.010487 1956935.65965
955532.966476 1956935.68207
955532.922465 1956935.7045
955532.878513 1956935.73802
955532.834502 1956935.76045
955532.790491 1956935.78287
955532.737714 1956935.81644
955532.693703 1956935.83887
955532.640865 1956935.86134
955532.596914 1956935.89486
955532.552903 1956935.91729
955532.517778 1956935.95076
955532.465 1956935.98433
955532.429815 1956936.0067
955532.376978 1956936.02918
955532.333026 1956936.0627
955532.289075 1956936.09622
955532.245064 1956936.11865
955532.201053 1956936.14107
955532.165987 1956936.18564
955532.11315 1956936.20811
955532.069139 1956936.23054
955532.025188 1956936.26406
955531.981236 1956936.29758
955531.946111 1956936.33105
955531.902159 1956936.36457
955531.840496 1956936.38709
955531.796485 1956936.40952
955531.76136 1956936.44299
955531.717468 1956936.48761
955531.673516 1956936.52113
955531.629505 1956936.54356
955531.576728 1956936.57712
955531.532717 1956936.59955
955531.497651 1956936.64412
955531.462525 1956936.67759
955531.418574 1956936.71111
955531.374622 1956936.74463
955531.330671 1956936.77815
955531.286719 1956936.81167
955531.242828 1956936.85629
955531.207702 1956936.88976
955531.163691 1956936.91219
955531.11974 1956936.94571
955531.075848 1956936.99032
955531.040722 1956937.0238
955530.99683 1956937.06841
955530.961645 1956937.09079
955530.917753 1956937.13541
955530.873802 1956937.16893
955530.838736 1956937.21349
955530.803611 1956937.24697
955530.759659 1956937.28049
955530.715827 1956937.3362
955530.680701 1956937.36967
955530.63675 1956937.40319
955530.601624 1956937.43666
955530.557732 1956937.48128
955530.513841 1956937.52589
955530.478715 1956937.55937
955530.434823 1956937.60398
955530.399817 1956937.65965
955530.364751 1956937.70421
955530.329685 1956937.74878
955530.285793 1956937.7934
955530.241842 1956937.82692
955530.206776 1956937.87148
955530.171769 1956937.92715
955530.136704 1956937.97171
955530.101578 1956938.00519
955530.057686 1956938.0498
955530.031506 1956938.10542
955529.996499 1956938.16108
955529.961434 1956938.20565
955529.926308 1956938.23912
955529.891242 1956938.28369
955529.865002 1956938.32821
955529.829996 1956938.38387
955529.79499 1956938.43953
955529.759924 1956938.4841
955529.733684 1956938.52862
955529.698618 1956938.57319
955529.663612 1956938.62885
955529.628546 1956938.67342
955529.602306 1956938.71794
955529.558533 1956938.78475
955529.532293 1956938.82927
955529.497287 1956938.88493
955529.471107 1956938.94054
955529.444867 1956938.98506
955529.409801 1956939.02963
955529.374735 1956939.0742
955529.348555 1956939.12981
955529.322315 1956939.17434
955529.296134 1956939.22995
955529.261069 1956939.27452
955529.226003 1956939.31909
955529.208648 1956939.37465
955529.182408 1956939.41917
955529.164995 1956939.46365
955529.138755 1956939.50817
955529.112515 1956939.55269
955529.095161 1956939.60826
955529.068921 1956939.65278
955529.042681 1956939.6973
955529.016441 1956939.74182
955528.999027 1956939.78629
955528.972847 1956939.8419
955528.946667 1956939.89752
955528.920427 1956939.94204
955528.911839 1956939.98647
955528.885659 1956940.04208
955528.859419 1956940.0866
955528.842064 1956940.14217
955528.82465 1956940.18664
955528.807237 1956940.23112
955528.781056 1956940.28673
955528.763702 1956940.3423
955528.737522 1956940.39791
955528.720108 1956940.44239
955528.702694 1956940.48686
955528.68528 1956940.53133
955528.667926 1956940.5869
955528.650572 1956940.64247
955528.633158 1956940.68694
955528.615803 1956940.74251
955528.598449 1956940.79808
955528.572269 1956940.85369
955528.554855 1956940.89816
955528.546267 1956940.94259
955528.520027 1956940.98711
955528.511499 1956941.04263
955528.494145 1956941.0982
955528.47679 1956941.15377
955528.459377 1956941.19824
955528.442022 1956941.25381
955528.424668 1956941.30937
955528.41608 1956941.3538
955528.398726 1956941.40937
955528.390138 1956941.45379
955528.372724 1956941.49827
955528.364196 1956941.55379
955528.355668 1956941.60931
955528.338254 1956941.65378
955528.32084 1956941.69825
955528.312312 1956941.75377
955528.294957 1956941.80934
955528.277544 1956941.85381
955528.269015 1956941.90933
955528.260487 1956941.96485
955528.243073 1956942.00933
955528.234545 1956942.06485
955528.217131 1956942.10932
955528.208603 1956942.16484
955528.191248 1956942.22041
955528.18272 1956942.27593
955528.174192 1956942.33145
955528.17449 1956942.38692
955528.157135 1956942.44249
955528.139781 1956942.49806
955528.140079 1956942.55353
955528.131551 1956942.60905
955528.123022 1956942.66457
955528.114494 1956942.72009
955528.09714 1956942.77566
955528.088611 1956942.83118
955528.080083 1956942.8867
955528.071555 1956942.94222
955528.063027 1956942.99774
955528.063324 1956943.05321
955528.054796 1956943.10873
955528.046268 1956943.16425
955528.03774 1956943.21977
955528.029211 1956943.27529
955528.029509 1956943.33077
955528.020981 1956943.38629
955528.021278 1956943.44176
955528.01275 1956943.49728
955528.013048 1956943.55275
955528.00452 1956943.60827
955528.004877 1956943.67484
955528.005115 1956943.71922
955528.005413 1956943.77469
955527.996885 1956943.83021
955527.988356 1956943.88573
955527.988714 1956943.9523
955527.989011 1956944.00777
955527.989369 1956944.07434
955527.989666 1956944.12981
955527.981138 1956944.18533
955527.990321 1956944.25185
955527.999445 1956944.30728
955527.999743 1956944.36275
955528.0001 1956944.42932
955528.000398 1956944.48479
955528.000696 1956944.54027
955528.009819 1956944.59569
955528.019003 1956944.66221
955528.0193 1956944.71769
955528.028424 1956944.77311
955528.028722 1956944.82858
955528.037905 1956944.8951
955528.047029 1956944.95053
955528.047327 1956945.006
955528.047624 1956945.06148
955528.056748 1956945.1169
955528.065931 1956945.18342
955528.075115 1956945.24994
955528.084239 1956945.30537
955528.102188 1956945.36074
955528.111372 1956945.42726
955528.111669 1956945.48274
955528.120853 1956945.54926
955528.138862 1956945.61573
955528.147986 1956945.67116
955528.165935 1956945.72653
955528.183885 1956945.78191
955528.193068 1956945.84843
955528.211018 1956945.90381
955528.220202 1956945.97033
955528.238151 1956946.02571
955528.247275 1956946.08113
955528.256458 1956946.14765
955528.274408 1956946.20303
955528.292358 1956946.25841
955528.310308 1956946.31379
955528.319431 1956946.36921
955528.337441 1956946.43569
955528.35539 1956946.49107
955528.37334 1956946.54644
955528.382464 1956946.60187
955528.400473 1956946.66834
955528.418423 1956946.72372
955528.436373 1956946.7791
955528.463148 1956946.83443
955528.481098 1956946.88981
955528.490222 1956946.94523
955528.508231 1956947.01171
955528.526181 1956947.06708
955528.544131 1956947.12246
955528.562081 1956947.17784
955528.58003 1956947.23322
955528.59798 1956947.2886
955528.61593 1956947.34398
955528.63388 1956947.39935
955528.651829 1956947.45473
955528.669779 1956947.51011
955528.687788 1956947.57658
955528.705738 1956947.63196
955528.723628 1956947.67624
955528.741638 1956947.74272
955528.768473 1956947.80914
955528.786423 1956947.86452
955528.804372 1956947.9199
955528.822263 1956947.96418
955528.849098 1956948.03061
955528.867048 1956948.08599
955528.893823 1956948.14132
955528.911773 1956948.19669
955528.938608 1956948.26312
955528.965384 1956948.31845
955528.99216 1956948.37378
955529.018936 1956948.42911
955529.045771 1956948.49554
955529.072547 1956948.55087
955529.108149 1956948.60615
955529.14375 1956948.66144
955529.179352 1956948.71672
955529.206128 1956948.77205
955529.232904 1956948.82738
955529.259679 1956948.88271
955529.295281 1956948.93799
955529.330883 1956948.99328
955529.366485 1956949.04856
955529.402086 1956949.10385
955529.428862 1956949.15918
955529.455638 1956949.21451
955529.49124 1956949.26979
955529.526841 1956949.32507
955529.562384 1956949.36926
955529.597985 1956949.42455
955529.633527 1956949.46873
955529.669129 1956949.52402
955529.704671 1956949.56821
955529.731447 1956949.62354
955529.766989 1956949.66773
955529.802532 1956949.71192
955529.846959 1956949.76715
955529.882502 1956949.81134
955529.909277 1956949.86667
955529.94482 1956949.91086
955529.989188 1956949.955
955530.02473 1956949.99919
955530.060272 1956950.04338
955530.1047 1956950.09862
955530.140183 1956950.13171
955530.184551 1956950.17585
955530.220152 1956950.23113
955530.264521 1956950.27528
955530.300003 1956950.30837
955530.335546 1956950.35256
955530.371147 1956950.40784
955530.415456 1956950.44089
955530.459824 1956950.48503
955530.504192 1956950.52917
955530.548561 1956950.57331
955530.592929 1956950.61746
955530.628471 1956950.66164
955530.672839 1956950.70579
955530.726033 1956950.74988
955530.770402 1956950.79402
955530.81477 1956950.83816
955530.859138 1956950.8823
955530.903506 1956950.92645
955530.947874 1956950.97059
955530.992243 1956951.01473
955531.036551 1956951.04778
955531.080919 1956951.09192
955531.134114 1956951.13601
955531.178422 1956951.16906
955531.22279 1956951.2132
955531.267159 1956951.25734
955531.311527 1956951.30148
955531.364721 1956951.34558
955531.409089 1956951.38972
955531.462283 1956951.43381
955531.515478 1956951.47791
955531.559786 1956951.51095
955531.604154 1956951.5551
955531.648463 1956951.58814
955531.701717 1956951.64333
955531.754911 1956951.68743
955531.808046 1956951.72042
955531.852414 1956951.76457
955531.896723 1956951.79761
955531.958743 1956951.84166
955532.011996 1956951.89685
955532.065131 1956951.92985
955532.118325 1956951.97394
955532.17152 1956952.01804
955532.215828 1956952.05108
955532.277848 1956952.09513
955532.330983 1956952.12813
955532.384177 1956952.17222
955532.437312 1956952.20522
955532.490506 1956952.24932
955532.552467 1956952.28227
955532.605661 1956952.32636
955532.658855 1956952.37046
955532.712049 1956952.41455
955532.77401 1956952.4475
955532.827144 1956952.4805
955532.889105 1956952.51346
955532.942299 1956952.55755
955532.995434 1956952.59055
955533.057395 1956952.6235
955533.110529 1956952.6565
955533.163664 1956952.6895
955533.225684 1956952.73355
955533.278819 1956952.76655
955533.340779 1956952.7995
955533.393854 1956952.8214
955533.455815 1956952.85436
955533.50895 1956952.88736
955533.570851 1956952.90921
955533.623926 1956952.93112
955533.685887 1956952.96407
955533.738962 1956952.98598
955533.792037 1956953.00788
955533.853938 1956953.02974
955533.907013 1956953.05164
955533.960088 1956953.07355
955534.013163 1956953.09545
955534.066179 1956953.10626
955534.119254 1956953.12817
955534.172329 1956953.15007
955534.23417 1956953.16084
955534.27842 1956953.18279
955534.331495 1956953.20469
955534.375684 1956953.21555
955534.437526 1956953.22631
955534.490541 1956953.23713
955534.53485 1956953.27017
955534.587865 1956953.28098
955534.632055 1956953.29184
955534.685071 1956953.30265
955534.738146 1956953.32456
955534.791221 1956953.34646
955534.83541 1956953.35732
955534.870774 1956953.36822
955534.932675 1956953.39008
955534.98569 1956953.40089
955535.02988 1956953.41175
955535.07407 1956953.42261
955535.127085 1956953.43342
955535.162449 1956953.44432
955535.206638 1956953.45518
955535.259594 1956953.4549
955535.303843 1956953.47685
955535.356859 1956953.48766
955535.392222 1956953.49856
955535.436471 1956953.52052
955535.480601 1956953.52028
955535.533617 1956953.53109
955535.577807 1956953.54195
955535.613111 1956953.54176
955535.6573 1956953.55262
955535.70149 1956953.56347
955535.74562 1956953.56324
955535.798635 1956953.57405
955535.851651 1956953.58486
955535.89584 1956953.59572
955535.93997 1956953.59548
955535.98416 1956953.60634
955536.037175 1956953.61715
955536.090191 1956953.62796
955536.143207 1956953.63877
955536.187337 1956953.63853
955536.240293 1956953.63825
955536.293308 1956953.64906
955536.337438 1956953.64882
955536.390454 1956953.65963
955536.443529 1956953.68154
955536.496485 1956953.68125
955536.549441 1956953.68097
955536.602397 1956953.68068
955536.655353 1956953.6804
955536.708309 1956953.68011
955536.761324 1956953.69093
955536.81428 1956953.69064
955536.876062 1956953.69031
955536.929078 1956953.70112
955536.982034 1956953.70084
955537.043816 1956953.7005
955537.096772 1956953.70022
955537.149787 1956953.71103
955537.202743 1956953.71075
955537.255699 1956953.71046
955537.317481 1956953.71013
955537.379323 1956953.72089
955537.43222 1956953.70951
955537.485176 1956953.70923
955537.538132 1956953.70895
955537.599973 1956953.71971
955537.661755 1956953.71938
955537.714771 1956953.73019
955537.776553 1956953.72986
955537.829509 1956953.72957
955537.882465 1956953.72929
955537.944247 1956953.72896
955537.997203 1956953.72867
955538.059044 1956953.73944
955538.120767 1956953.72801
955538.173723 1956953.72773
955538.235505 1956953.72739
955538.297227 1956953.71597
955538.359009 1956953.71564
955538.411965 1956953.71535
955538.473747 1956953.71502
955538.526644 1956953.70364
955538.588366 1956953.69222
955538.658974 1956953.69184
955538.720756 1956953.69151
955538.782479 1956953.68008
955538.844261 1956953.67975
955538.897157 1956953.66837
955538.95888 1956953.65694
955539.020602 1956953.64552
955539.082384 1956953.64519
955539.144107 1956953.63376
955539.205829 1956953.62233
955539.267552 1956953.61091
955539.329274 1956953.59948
955539.391056 1956953.59915
955539.452779 1956953.58772
955539.523327 1956953.57625
955539.58505 1956953.56482
955539.646772 1956953.5534
955539.708435 1956953.53088
955539.778983 1956953.5194
955539.840765 1956953.51907
955539.902488 1956953.50765
955539.964091 1956953.47403
955540.025754 1956953.45151
955540.096362 1956953.45113
955540.158085 1956953.43971
955540.219748 1956953.41718
955540.272585 1956953.39471
955540.343074 1956953.37214
955540.404737 1956953.34962
955540.475285 1956953.33815
955540.536948 1956953.31563
955540.598611 1956953.29311
955540.660274 1956953.27059
955540.721996 1956953.25916
955540.783659 1956953.23664
955540.845322 1956953.21412
955540.906985 1956953.1916
955540.968648 1956953.16908
955541.039137 1956953.14651
955541.1008 1956953.12399
955541.171289 1956953.10142
955541.232952 1956953.0789
955541.294615 1956953.05638
955541.347392 1956953.02281
955541.417822 1956952.98915
955541.479485 1956952.96663
955541.541148 1956952.94411
955541.611577 1956952.91045
955541.673181 1956952.87683
955541.74367 1956952.85426
955541.796507 1956952.83179
955541.85811 1956952.79817
955541.919713 1956952.76456
955541.972491 1956952.73099
955542.034094 1956952.69738
955542.095757 1956952.67485
955542.157361 1956952.64124
955542.210198 1956952.61877
955542.271801 1956952.58515
955542.333404 1956952.55154
955542.386241 1956952.52906
955542.439078 1956952.50659
955542.491856 1956952.47302
955542.544574 1956952.42836
955542.606177 1956952.39474
955542.659074 1956952.38336
955542.703025 1956952.34984
955542.755803 1956952.31628
955542.799754 1956952.28276
955542.843705 1956952.24924
955542.896542 1956952.22676
955542.949379 1956952.20429
955542.993331 1956952.17077
955543.046168 1956952.14829
955543.090119 1956952.11477
955543.13413 1956952.09235
955543.178141 1956952.06992
955543.222093 1956952.0364
955543.266044 1956952.00288
955543.310055 1956951.98046
955543.34518 1956951.94698
955543.389191 1956951.92456
955543.424317 1956951.89108
955543.459502 1956951.8687
955543.503453 1956951.83518
955543.538638 1956951.81281
955543.582649 1956951.79038
955543.608948 1956951.75695
955543.644133 1956951.73458
955543.670492 1956951.71224
955543.696911 1956951.70101
955543.714563 1956951.70091
955543.714503 1956951.68982
955543.705677 1956951.68987
955543.696911 1956951.70101
955543.679259 1956951.7011
955543.679318 1956951.7122
955543.688144 1956951.71215
955543.688144 1956951.71215
955543.69697 1956951.7121
955543.696911 1956951.70101
955543.696911 1956951.70101
955543.696911 1956951.70101
955543.696911 1956951.70101
955543.696911 1956951.70101
955543.696911 1956951.70101
955543.696851 1956951.68991
955543.696911 1956951.70101
955543.696911 1956951.70101
955543.696911 1956951.70101
955543.696911 1956951.70101
955543.696911 1956951.70101
955543.696911 1956951.70101
955543.696911 1956951.70101
955543.696911 1956951.70101
955543.696911 1956951.70101
955543.696911 1956951.70101
955543.696911 1956951.70101
955543.696911 1956951.70101
955543.688085 1956951.70105
955543.688085 1956951.70105
955543.688085 1956951.70105
955543.688085 1956951.70105
955543.688085 1956951.70105
955543.688085 1956951.70105
955543.688144 1956951.71215
955543.696911 1956951.70101
955543.688085 1956951.70105
955543.688085 1956951.70105
955543.688144 1956951.71215
955543.688144 1956951.71215
955543.688144 1956951.71215
955543.688144 1956951.71215
955543.688085 1956951.70105
955543.688085 1956951.70105
955543.688085 1956951.70105
955543.688085 1956951.70105
955543.688085 1956951.70105
955543.696911 1956951.70101
955543.696911 1956951.70101
955543.696911 1956951.70101
955543.688085 1956951.70105
955543.688144 1956951.71215
955543.696911 1956951.70101
955543.696911 1956951.70101
955543.696911 1956951.70101
955543.688085 1956951.70105
955543.696911 1956951.70101
955543.69697 1956951.7121
955543.688144 1956951.71215
955543.688085 1956951.70105
955543.688085 1956951.70105
955543.696911 1956951.70101
955543.69697 1956951.7121
955543.688144 1956951.71215
955543.69697 1956951.7121
955543.696911 1956951.70101
955543.696911 1956951.70101
955543.696911 1956951.70101
