955607.721566 1956880.67212
955607.721566 1956880.67212
955607.721566 1956880.67212
955607.721566 1956880.67212
955607.721566 1956880.67212
955607.721566 1956880.67212
955607.721566 1956880.67212
955607.721566 1956880.67212
955607.730392 1956880.67207
955607.721506 1956880.66103
955607.721506 1956880.66103
955607.721506 1956880.66103
955607.721566 1956880.67212
955607.721566 1956880.67212
955607.730392 1956880.67207
955607.721506 1956880.66103
955607.721566 1956880.67212
955607.721566 1956880.67212
955607.721566 1956880.67212
955607.730333 1956880.66098
955607.721506 1956880.66103
955607.721625 1956880.68322
955607.712799 1956880.68326
955607.704033 1956880.69441
955607.686321 1956880.68341
955607.668728 1956880.69459
955607.651195 1956880.71688
955607.642369 1956880.71693
955607.615891 1956880.71707
955607.598298 1956880.72826
955607.563113 1956880.75064
955607.54552 1956880.76182
955607.510394 1956880.7953
955607.475208 1956880.81768
955607.457675 1956880.83996
955607.431316 1956880.86229
955607.39613 1956880.88467
955607.360945 1956880.90705
955607.316933 1956880.92947
955607.273041 1956880.97409
955607.255508 1956880.99637
955607.229089 1956881.00761
955607.167485 1956881.04122
955607.123532 1956881.07474
955607.088406 1956881.10822
955607.044454 1956881.14174
955607.009328 1956881.17521
955606.938958 1956881.21996
955606.903832 1956881.25344
955606.85982 1956881.27586
955606.789449 1956881.32062
955606.763149 1956881.35405
955606.745675 1956881.38742
955606.684071 1956881.42104
955606.640119 1956881.45456
955606.604934 1956881.47694
955606.552156 1956881.5105
955606.508203 1956881.54402
955606.481904 1956881.57745
955606.437952 1956881.61097
955606.402766 1956881.63335
955606.367581 1956881.65573
955606.332455 1956881.6892
955606.297329 1956881.72267
955606.270969 1956881.745
955606.24461 1956881.76734
955606.218191 1956881.77857
955606.191832 1956881.8009
955606.156646 1956881.82328
955606.139113 1956881.84556
955606.112754 1956881.8679
955606.095221 1956881.89018
955606.060035 1956881.91256
955606.042502 1956881.93484
955606.033735 1956881.94598
955606.024969 1956881.95713
955606.016202 1956881.96827
955606.007435 1956881.97941
955605.998609 1956881.97946
955605.989843 1956881.9906
955605.97225 1956882.00179
955605.972309 1956882.01288
955605.954717 1956882.02407
955605.937124 1956882.03526
955605.919531 1956882.04645
955605.901938 1956882.05764
955605.893231 1956882.07987
955605.875639 1956882.09106
955605.840453 1956882.11344
955605.805268 1956882.13582
955605.770082 1956882.1582
955605.752549 1956882.18048
955605.708597 1956882.214
955605.673352 1956882.22529
955605.6294 1956882.25881
955605.567855 1956882.30352
955605.550263 1956882.31471
955605.497544 1956882.35937
955605.444766 1956882.39293
955605.418466 1956882.42636
955605.38334 1956882.45983
955605.330562 1956882.4934
955605.304262 1956882.52683
955605.277843 1956882.53806
955605.216298 1956882.58277
955605.181113 1956882.60515
955605.154813 1956882.63858
955605.102035 1956882.67214
955605.084561 1956882.70552
955605.031783 1956882.73909
955604.979005 1956882.77266
955604.935112 1956882.81727
955604.891101 1956882.8397
955604.847208 1956882.88431
955604.812141 1956882.92888
955604.741771 1956882.97364
955604.671281 1956882.9962
955604.618622 1956883.05196
955604.565903 1956883.09662
955604.495532 1956883.14138
955604.45164 1956883.18599
955604.381209 1956883.21966
955604.310898 1956883.27551
955604.23176 1956883.33141
955604.187868 1956883.37602
955604.099904 1956883.43197
955604.020826 1956883.49896
955603.950515 1956883.55481
955603.871437 1956883.6218
955603.801066 1956883.66656
955603.713221 1956883.7447
955603.625139 1956883.77845
955603.563654 1956883.83426
955603.47575 1956883.9013
955603.405319 1956883.93496
955603.326241 1956884.00195
955603.238337 1956884.06899
955603.176852 1956884.1248
955603.1066 1956884.19174
955603.009929 1956884.26992
955602.921966 1956884.32587
955602.860481 1956884.38167
955602.754805 1956884.42662
955602.684494 1956884.48247
955602.578997 1956884.5607
955602.508626 1956884.60546
955602.429608 1956884.68354
955602.359297 1956884.7394
955602.271333 1956884.79534
955602.183429 1956884.86238
955602.095465 1956884.91833
955602.016388 1956884.98532
955601.93731 1956885.05231
955601.831694 1956885.10835
955601.734964 1956885.17544
955601.655767 1956885.22025
955601.559037 1956885.28733
955601.479959 1956885.35433
955601.365577 1956885.42151
955601.286558 1956885.4996
955601.189768 1956885.55559
955601.093098 1956885.63377
955600.996249 1956885.67867
955600.890752 1956885.7569
955600.794141 1956885.84618
955600.723889 1956885.91312
955600.636044 1956885.99126
955600.530369 1956886.0362
955600.424872 1956886.11443
955600.336909 1956886.17038
955600.249064 1956886.24852
955600.161101 1956886.30446
955600.046778 1956886.38274
955599.950108 1956886.46092
955599.853377 1956886.52801
955599.774418 1956886.61719
955599.660036 1956886.68437
955599.536768 1956886.74051
955599.457809 1956886.82969
955599.352194 1956886.88573
955599.264409 1956886.97496
955599.14126 1956887.05328
955599.062182 1956887.12028
955598.9478 1956887.18746
955598.851129 1956887.26564
955598.763284 1956887.34378
955598.657788 1956887.42201
955598.552232 1956887.48914
955598.446854 1956887.58956
955598.332472 1956887.65674
955598.235741 1956887.72383
955598.130364 1956887.82425
955598.024689 1956887.8692
955597.919311 1956887.96961
955597.822521 1956888.02561
955597.708139 1956888.09279
955597.611528 1956888.18207
955597.514798 1956888.24915
955597.409301 1956888.32738
955597.312631 1956888.40557
955597.215901 1956888.47265
955597.110404 1956888.55088
955597.013733 1956888.62907
955596.916944 1956888.68506
955596.820273 1956888.76324
955596.732429 1956888.84138
955596.635758 1956888.91956
955596.539028 1956888.98665
955596.46001 1956889.06473
955596.354394 1956889.12077
955596.275435 1956889.20996
955596.152167 1956889.26609
955596.073208 1956889.35527
955595.967652 1956889.42241
955595.85333 1956889.50069
955595.747774 1956889.56782
955595.651162 1956889.6571
955595.545666 1956889.73533
955595.448936 1956889.80242
955595.334613 1956889.88069
955595.237942 1956889.95888
955595.132386 1956890.02601
955595.018183 1956890.12648
955594.903741 1956890.18256
955594.80713 1956890.27184
955594.701633 1956890.35007
955594.578366 1956890.40621
955594.481873 1956890.51767
955594.367491 1956890.58485
955594.262054 1956890.67418
955594.147731 1956890.75246
955594.042354 1956890.85287
955593.954569 1956890.9421
955593.822534 1956891.00938
955593.725983 1956891.10975
955593.61166 1956891.18803
955593.506164 1956891.26626
955593.39196 1956891.36673
955593.295349 1956891.456
955593.163493 1956891.55656
955593.066763 1956891.62365
955592.961326 1956891.71298
955592.838237 1956891.80239
955592.759278 1956891.89158
955592.636248 1956891.99209
955592.530632 1956892.04813
955592.425314 1956892.15964
955592.319758 1956892.22678
955592.223147 1956892.31606
955592.099998 1956892.39438
955592.003387 1956892.48366
955591.89795 1956892.57298
955591.810165 1956892.66221
955591.695843 1956892.74049
955591.607998 1956892.81862
955591.493735 1956892.908
955591.397064 1956892.98618
955591.300453 1956893.07546
955591.203723 1956893.14254
955591.089401 1956893.22082
955590.99279 1956893.3101
955590.89606 1956893.37718
955590.781797 1956893.46656
955590.685067 1956893.53364
955590.57963 1956893.62297
955590.474074 1956893.6901
955590.368518 1956893.75724
955590.263081 1956893.84656
955590.16641 1956893.92475
955590.060854 1956893.99188
955589.955417 1956894.08121
955589.849802 1956894.13725
955589.744365 1956894.22657
955589.638868 1956894.3048
955589.524486 1956894.37198
955589.419049 1956894.46131
955589.304726 1956894.53958
955589.190344 1956894.60677
955589.093733 1956894.69604
955588.970585 1956894.77437
955588.873974 1956894.86364
955588.750766 1956894.93087
955588.654155 1956895.02015
955588.531006 1956895.09848
955588.42551 1956895.17671
955588.311246 1956895.26608
955588.196864 1956895.33326
955588.091487 1956895.43368
955587.968219 1956895.48981
955587.854016 1956895.59028
955587.74846 1956895.65742
955587.625311 1956895.73574
955587.519934 1956895.83616
955587.396785 1956895.91448
955587.291229 1956895.98162
955587.16814 1956896.07104
955587.07141 1956896.13812
955586.966032 1956896.23854
955586.851531 1956896.28354
955586.746213 1956896.39505
955586.640657 1956896.46219
955586.53528 1956896.5626
955586.412131 1956896.64093
955586.31552 1956896.73021
955586.210024 1956896.80844
955586.12218 1956896.88657
955586.016743 1956896.9759
955585.920072 1956897.05408
955585.814576 1956897.13231
955585.717905 1956897.21049
955585.612409 1956897.28872
955585.515798 1956897.378
955585.410361 1956897.46732
955585.313691 1956897.5455
955585.208194 1956897.62373
955585.102757 1956897.71306
955584.99732 1956897.80238
955584.882938 1956897.86957
955584.777442 1956897.94779
955584.663238 1956898.04826
955584.540149 1956898.13768
955584.416941 1956898.20491
955584.320271 1956898.28309
955584.188475 1956898.39475
955584.091804 1956898.47293
955583.959889 1956898.5624
955583.854452 1956898.65172
955583.731363 1956898.74114
955583.608155 1956898.80837
955583.494011 1956898.91993
955583.397341 1956898.99811
955583.283078 1956899.08749
955583.168815 1956899.17686
955583.054611 1956899.27732
955582.931463 1956899.35565
955582.826026 1956899.44497
955582.702937 1956899.53439
955582.597559 1956899.63481
955582.47447 1956899.72423
955582.3778 1956899.80241
955582.272363 1956899.89174
955582.149155 1956899.95897
955582.034833 1956900.03724
955581.929336 1956900.11547
955581.823899 1956900.2048
955581.709518 1956900.27198
955581.6042 1956900.38349
955581.472166 1956900.45077
955581.366729 1956900.5401
955581.243521 1956900.60733
955581.14691 1956900.6966
955581.032587 1956900.77488
955580.927151 1956900.8642
955580.830421 1956900.93129
955580.73381 1956901.02057
955580.59295 1956901.08789
955580.505106 1956901.16603
955580.382017 1956901.25545
955580.285346 1956901.33363
955580.171024 1956901.41191
955580.065587 1956901.50123
955579.942439 1956901.57956
955579.845768 1956901.65774
955579.713853 1956901.74721
955579.617064 1956901.8032
955579.520394 1956901.88138
955579.43249 1956901.94842
955579.344587 1956902.01546
955579.265449 1956902.07136
955579.186312 1956902.12726
955579.098409 1956902.1943
955579.028098 1956902.25015
955578.948901 1956902.29496
955578.87859 1956902.35081
955578.817045 1956902.39552
955578.746794 1956902.46246
955578.68513 1956902.48498
955578.623645 1956902.54079
955578.570927 1956902.58545
955578.509323 1956902.61907
955578.456486 1956902.64154
955578.412534 1956902.67506
955578.377408 1956902.70853
955578.342163 1956902.71982
