955607.184483 1956880.91909
955607.184483 1956880.91909
955607.184483 1956880.91909
955607.184483 1956880.91909
955607.184483 1956880.91909
955607.184483 1956880.91909
955607.184423 1956880.90799
955607.184483 1956880.91909
955607.184423 1956880.90799
955607.184423 1956880.90799
955607.175657 1956880.91913
955607.175657 1956880.91913
955607.175657 1956880.91913
955607.175657 1956880.91913
955607.175597 1956880.90804
955607.175657 1956880.91913
955607.175657 1956880.91913
955607.184483 1956880.91909
955607.175657 1956880.91913
955607.175657 1956880.91913
955607.175657 1956880.91913
955607.175657 1956880.91913
955607.175657 1956880.91913
955607.175657 1956880.91913
955607.175657 1956880.91913
955607.184483 1956880.91909
955607.175657 1956880.91913
955607.175657 1956880.91913
955607.175657 1956880.91913
955607.175657 1956880.91913
955607.184542 1956880.93018
955607.184542 1956880.93018
955607.184542 1956880.93018
955607.175716 1956880.93023
955607.175657 1956880.91913
955607.175597 1956880.90804
955607.175657 1956880.91913
955607.175776 1956880.94132
955607.149476 1956880.97475
955607.105405 1956880.98608
955607.061334 1956880.99741
955606.999789 1956881.04212
955606.964782 1956881.09778
955606.876878 1956881.16482
955606.832866 1956881.18725
955606.771381 1956881.24305
955606.701069 1956881.2989
955606.639644 1956881.3658
955606.560447 1956881.41061
955606.490076 1956881.45536
955606.42865 1956881.52226
955606.349631 1956881.60035
955606.287968 1956881.62287
955606.199945 1956881.66772
955606.129812 1956881.75686
955606.059441 1956881.80161
955605.971596 1956881.87975
955605.927644 1956881.91327
955605.839859 1956882.0025
955605.787259 1956882.06935
955605.690469 1956882.12534
955605.611391 1956882.19233
955605.523428 1956882.24828
955605.462121 1956882.33737
955605.39169 1956882.37103
955605.268363 1956882.41607
955605.206878 1956882.47187
955605.1278 1956882.53887
955605.066493 1956882.62795
955604.9963 1956882.706
955604.92581 1956882.72856
955604.82914 1956882.80674
955604.767536 1956882.84036
955604.697165 1956882.88512
955604.635798 1956882.96311
955604.547835 1956883.01906
955604.477464 1956883.06381
955604.389619 1956883.14195
955604.284004 1956883.19799
955604.196159 1956883.27612
955604.090662 1956883.35435
955603.976399 1956883.44372
955603.844424 1956883.52209
955603.73022 1956883.62256
955603.580593 1956883.70103
955603.448736 1956883.80159
955603.308114 1956883.91329
955603.167372 1956884.0028
955603.017864 1956884.10346
955602.8773 1956884.22626
955602.718847 1956884.30477
955602.569636 1956884.4609
955602.428954 1956884.5615
955602.261734 1956884.65116
955602.129997 1956884.77391
955601.989374 1956884.88561
955601.84887 1956885.0195
955601.68177 1956885.13135
955601.532321 1956885.2431
955601.400405 1956885.33256
955601.233185 1956885.42222
955601.092563 1956885.53392
955600.951999 1956885.65672
955600.820025 1956885.73509
955600.661809 1956885.85798
955600.512479 1956885.99192
955600.380385 1956886.0481
955600.230877 1956886.14876
955600.107907 1956886.26037
955599.949454 1956886.33888
955599.83525 1956886.43935
955599.685682 1956886.52891
955599.536233 1956886.64066
955599.404258 1956886.71903
955599.272402 1956886.81959
955599.131661 1956886.9091
955599.008571 1956886.99852
955598.876775 1956887.11018
955598.736033 1956887.19969
955598.595292 1956887.2892
955598.463436 1956887.38976
955598.331639 1956887.50142
955598.208609 1956887.60193
955598.067927 1956887.70254
955597.944778 1956887.78086
955597.812922 1956887.88142
955597.689892 1956887.98194
955597.54921 1956888.08255
955597.426002 1956888.14978
955597.294206 1956888.26143
955597.16229 1956888.3509
955597.030672 1956888.49584
955596.898757 1956888.5853
955596.757956 1956888.66372
955596.643811 1956888.77528
955596.50307 1956888.8648
955596.388925 1956888.97636
955596.248184 1956889.06587
955596.116387 1956889.17752
955595.98465 1956889.30027
955595.852795 1956889.40084
955595.712053 1956889.49035
955595.580257 1956889.602
955595.439575 1956889.70261
955595.316485 1956889.79203
955595.166918 1956889.88159
955595.043888 1956889.98211
955594.89438 1956890.08276
955594.771409 1956890.19437
955594.639553 1956890.29493
955594.489986 1956890.38449
955594.35813 1956890.48505
955594.208681 1956890.5968
955594.085652 1956890.69731
955593.962622 1956890.79783
955593.786695 1956890.90972
955593.637128 1956890.99928
955593.505331 1956891.11094
955593.347057 1956891.22273
955593.224146 1956891.34544
955593.039333 1956891.44628
955592.916304 1956891.54679
955592.749262 1956891.66973
955592.635118 1956891.78129
955592.467958 1956891.88204
955592.336102 1956891.9826
955592.204365 1956892.10535
955592.054857 1956892.20601
955591.940832 1956892.33976
955591.791264 1956892.42932
955591.659587 1956892.56316
955591.518786 1956892.64158
955591.404642 1956892.75314
955591.272845 1956892.8648
955591.14093 1956892.95427
955591.01796 1956893.06587
955590.877159 1956893.14429
955590.75401 1956893.22262
955590.639926 1956893.34527
955590.516836 1956893.43469
955590.402573 1956893.52406
955590.279425 1956893.60239
955590.156335 1956893.69181
955590.033187 1956893.77013
955589.927869 1956893.88164
955589.786949 1956893.93787
955589.690397 1956894.03825
955589.558423 1956894.11662
955589.453045 1956894.21704
955589.32113 1956894.3065
955589.215693 1956894.39583
955589.092544 1956894.47415
955588.978281 1956894.56352
955588.864077 1956894.66399
955588.758581 1956894.74222
955588.644377 1956894.84269
955588.521229 1956894.92101
955588.39808 1956894.99933
955588.292643 1956895.08866
955588.169554 1956895.17808
955588.064295 1956895.30069
955587.932261 1956895.36796
955587.826883 1956895.46838
955587.703735 1956895.54671
955587.598238 1956895.62494
955587.484035 1956895.7254
955587.360945 1956895.81482
955587.25539 1956895.88196
955587.141067 1956895.96023
955587.044456 1956896.04951
955586.921307 1956896.12783
955586.815692 1956896.18388
955586.710196 1956896.2621
955586.604699 1956896.34033
955586.499203 1956896.41856
955586.411418 1956896.50779
955586.305802 1956896.56383
955586.244258 1956896.60854
955586.156176 1956896.6423
955586.112343 1956896.69801
955586.077157 1956896.72039
955586.033205 1956896.75391
955585.99808 1956896.78738
955585.980546 1956896.80967
955585.954187 1956896.832
955585.945421 1956896.84314
955585.919061 1956896.86547
955585.910235 1956896.86552
955585.901469 1956896.87666
955585.901528 1956896.88775
955585.901469 1956896.87666
955585.901528 1956896.88775
955585.901528 1956896.88775
955585.901528 1956896.88775
955585.901469 1956896.87666
955585.901409 1956896.86556
955585.910235 1956896.86552
955585.919002 1956896.85438
955585.919002 1956896.85438
955585.927768 1956896.84323
955585.927768 1956896.84323
955585.936594 1956896.84319
955585.945421 1956896.84314
955585.945361 1956896.83204
955585.945302 1956896.82095
955585.954128 1956896.8209
955585.936535 1956896.83209
955585.954187 1956896.832
955585.945421 1956896.84314
