955597.320684 1956888.26129
955597.320684 1956888.26129
955597.320684 1956888.26129
955597.320684 1956888.26129
955597.320684 1956888.26129
955597.320684 1956888.26129
955597.320743 1956888.27238
955597.320684 1956888.26129
955597.320684 1956888.26129
955597.320743 1956888.27238
955597.320684 1956888.26129
955597.320743 1956888.27238
955597.320743 1956888.27238
955597.320743 1956888.27238
955597.320743 1956888.27238
955597.320743 1956888.27238
955597.320743 1956888.27238
955597.320743 1956888.27238
955597.329569 1956888.27234
955597.329569 1956888.27234
955597.320743 1956888.27238
955597.320743 1956888.27238
955597.320743 1956888.27238
955597.320743 1956888.27238
955597.320743 1956888.27238
955597.329569 1956888.27234
955597.320743 1956888.27238
955597.320743 1956888.27238
955597.320743 1956888.27238
955597.320743 1956888.27238
955597.320743 1956888.27238
955597.320743 1956888.27238
955597.320743 1956888.27238
955597.320743 1956888.27238
955597.320743 1956888.27238
955597.320743 1956888.27238
955597.320684 1956888.26129
955597.320684 1956888.26129
955597.320743 1956888.27238
955597.320743 1956888.27238
955597.320743 1956888.27238
955597.320743 1956888.27238
955597.320743 1956888.27238
955597.320743 1956888.27238
955597.311917 1956888.27243
955597.311917 1956888.27243
955597.303151 1956888.28357
955597.294384 1956888.29471
955597.276791 1956888.3059
955597.241606 1956888.32828
955597.215247 1956888.35061
955597.180061 1956888.37299
955597.136109 1956888.40651
955597.074505 1956888.44013
955597.039439 1956888.48469
955596.995487 1956888.51821
955596.925235 1956888.58516
955596.863571 1956888.60768
955596.810853 1956888.65234
955596.740541 1956888.70819
955596.687823 1956888.75286
955596.626278 1956888.79757
955596.547022 1956888.83128
955596.512015 1956888.88694
955596.432818 1956888.93174
955596.380159 1956888.9875
955596.318674 1956889.0433
955596.248422 1956889.11025
955596.195644 1956889.14382
955596.10768 1956889.19976
955596.063847 1956889.25547
955595.98471 1956889.31137
955595.914339 1956889.35613
955595.844147 1956889.43417
955595.765009 1956889.49007
955595.703643 1956889.56806
955595.633332 1956889.62391
955595.56308 1956889.69086
955595.492769 1956889.74671
955595.413631 1956889.80261
955595.334554 1956889.8696
955595.264183 1956889.91436
955595.176338 1956889.99249
955595.106087 1956890.05944
955595.035835 1956890.12638
955594.956757 1956890.19338
955594.895331 1956890.26027
955594.825079 1956890.32722
955594.763654 1956890.39412
955594.693461 1956890.47216
955594.632035 1956890.53906
955594.579495 1956890.617
955594.526836 1956890.67276
955594.474355 1956890.7618
955594.421875 1956890.85084
955594.378101 1956890.91764
955594.334387 1956890.99554
955594.290732 1956891.08454
955594.246899 1956891.14025
955594.194418 1956891.22929
955594.168356 1956891.30709
955594.133587 1956891.40713
955594.09864 1956891.47389
955594.055045 1956891.57398
955594.029102 1956891.67397
955594.00298 1956891.74068
955593.977096 1956891.85177
955593.959861 1956891.92952
955593.942744 1956892.02947
955593.925686 1956892.14051
955593.899683 1956892.22941
955593.900219 1956892.32926
955593.883102 1956892.4292
955593.87487 1956892.5402
955593.866579 1956892.6401
955593.867114 1956892.73995
955593.858883 1956892.85094
955593.87707 1956892.9507
955593.88655 1956893.07269
955593.887204 1956893.19473
955593.887799 1956893.30568
955593.879508 1956893.40557
955593.889047 1956893.53866
955593.898349 1956893.62737
955593.899122 1956893.7716
955593.926076 1956893.86022
955593.926789 1956893.99335
955593.944977 1956894.09311
955593.936745 1956894.2041
955593.954873 1956894.29276
955593.95523 1956894.35933
955593.964234 1956894.39257
955593.955468 1956894.40371
955593.964115 1956894.37038
955593.955349 1956894.38152
955593.955408 1956894.39261
955593.964175 1956894.38147
955593.955349 1956894.38152
955593.955289 1956894.37043
955593.955349 1956894.38152
955593.955289 1956894.37043
955593.955289 1956894.37043
955593.955289 1956894.37043
955593.964115 1956894.37038
955593.955289 1956894.37043
955593.955289 1956894.37043
955593.955289 1956894.37043
955593.955289 1956894.37043
955593.955289 1956894.37043
955593.955289 1956894.37043
955593.955289 1956894.37043
955593.955289 1956894.37043
955593.955289 1956894.37043
955593.955289 1956894.37043
955593.955289 1956894.37043
955593.95523 1956894.35933
