955569.034517 1956933.11428
955569.034577 1956933.12537
955569.034577 1956933.12537
955569.034577 1956933.12537
955569.034577 1956933.12537
955569.025751 1956933.12542
955569.034577 1956933.12537
955569.043403 1956933.12532
955569.034577 1956933.12537
955569.034636 1956933.13647
955569.043462 1956933.13642
955569.043462 1956933.13642
955569.034696 1956933.14756
955569.043522 1956933.14751
955569.043522 1956933.14751
955569.043522 1956933.14751
955569.043522 1956933.14751
955569.043581 1956933.15861
955569.052407 1956933.15856
955569.052407 1956933.15856
955569.052348 1956933.14747
955569.052467 1956933.16966
955569.052467 1956933.16966
955569.052467 1956933.16966
955569.061293 1956933.16961
955569.061352 1956933.1807
955569.061352 1956933.1807
955569.052586 1956933.19184
955569.061412 1956933.1918
955569.061412 1956933.1918
955569.061412 1956933.1918
955569.061471 1956933.20289
955569.061471 1956933.20289
955569.070297 1956933.20284
955569.061531 1956933.21399
955569.061531 1956933.21399
955569.052764 1956933.22513
955569.052764 1956933.22513
955569.052764 1956933.22513
955569.052824 1956933.23622
955569.043998 1956933.23627
955569.035172 1956933.23632
955569.026405 1956933.24746
955569.017639 1956933.2586
955569.008872 1956933.26974
955568.982513 1956933.29207
955568.947268 1956933.30336
955568.920909 1956933.32569
955568.912202 1956933.34793
955568.877077 1956933.3814
955568.841891 1956933.40378
955568.79788 1956933.4262
955568.780347 1956933.44849
955568.745222 1956933.48196
955568.692503 1956933.52662
955568.683796 1956933.54886
955568.666263 1956933.57114
955568.622312 1956933.60466
955568.578301 1956933.62709
955568.569653 1956933.66042
955568.543294 1956933.68275
955568.516935 1956933.70508
955568.472924 1956933.72751
955568.428972 1956933.76103
955568.402613 1956933.78336
955568.393728 1956933.77231
955568.384961 1956933.78345
955568.349835 1956933.81693
955568.332243 1956933.82812
955568.323536 1956933.85035
955568.306003 1956933.87264
955568.270877 1956933.90611
955568.244459 1956933.91735
955568.226985 1956933.95073
955568.183033 1956933.98425
955568.130256 1956934.01781
955568.086304 1956934.05133
955568.086423 1956934.07352
955568.051298 1956934.107
955567.980987 1956934.16285
955567.954687 1956934.19627
955567.919562 1956934.22975
955567.857958 1956934.26336
955567.831658 1956934.29679
955567.770174 1956934.35259
955567.717515 1956934.40835
955567.68233 1956934.43073
955567.61196 1956934.47548
955567.576894 1956934.52005
955567.550594 1956934.55348
955567.497876 1956934.59814
955567.454043 1956934.65385
955567.418918 1956934.68732
955567.36608 1956934.7098
955567.331014 1956934.75436
955567.295948 1956934.79893
955567.251937 1956934.82136
955567.208045 1956934.86597
955567.181805 1956934.91049
955567.14656 1956934.92178
955567.102609 1956934.9553
955567.067543 1956934.99986
955567.023591 1956935.03338
955566.988406 1956935.05576
955566.962106 1956935.08919
955566.926981 1956935.12266
955566.900622 1956935.14499
955566.85667 1956935.17851
955566.821485 1956935.20089
955566.795126 1956935.22322
955566.768826 1956935.25665
955566.733701 1956935.29012
955566.68969 1956935.31255
955566.663271 1956935.32378
955566.636971 1956935.35721
955566.601846 1956935.39068
955566.566661 1956935.41306
955566.540361 1956935.44649
955566.514002 1956935.46882
955566.470051 1956935.50234
955566.434865 1956935.52472
955566.39974 1956935.55819
955566.37344 1956935.59162
955566.338255 1956935.61399
955566.30307 1956935.63637
955566.259237 1956935.69208
955566.215226 1956935.71451
955566.171275 1956935.74803
955566.136149 1956935.7815
955566.092257 1956935.82612
955566.048305 1956935.85964
955566.004294 1956935.88206
955565.969169 1956935.91554
955565.916391 1956935.9491
955565.863673 1956935.99377
955565.828488 1956936.01614
955565.77571 1956936.04971
955565.731818 1956936.09433
955565.687926 1956936.13894
955565.635148 1956936.17251
955565.591197 1956936.20603
955565.547245 1956936.23955
955565.503353 1956936.28417
955565.459401 1956936.31769
955565.406683 1956936.36235
955565.362732 1956936.39587
955565.31884 1956936.44048
955565.257295 1956936.48519
955565.213344 1956936.51871
955565.169452 1956936.56333
955565.107908 1956936.60804
955565.055189 1956936.6527
955565.011357 1956936.70841
955564.967465 1956936.75303
955564.923632 1956936.80873
955564.870855 1956936.8423
955564.818136 1956936.88696
955564.774304 1956936.94267
955564.730352 1956936.97619
955564.677694 1956937.03195
955564.633742 1956937.06547
955564.58985 1956937.11009
955564.545958 1956937.1547
955564.510892 1956937.19927
955564.449348 1956937.24398
955564.414281 1956937.28855
955564.37033 1956937.32207
955564.326378 1956937.35559
955564.291372 1956937.41125
955564.229768 1956937.44487
955564.194642 1956937.47834
955564.15081 1956937.53405
955564.098092 1956937.57871
955564.062907 1956937.60109
955564.019074 1956937.6568
955563.966356 1956937.70146
955563.93123 1956937.73493
955563.887279 1956937.76845
955563.83462 1956937.82421
955563.781902 1956937.86887
955563.746777 1956937.90235
955563.693999 1956937.93591
955563.64134 1956937.99167
955563.606274 1956938.03624
955563.553497 1956938.06981
955563.500719 1956938.10337
955563.456886 1956938.15908
955563.412994 1956938.2037
955563.360217 1956938.23727
955563.307499 1956938.28193
955563.263547 1956938.31545
955563.210829 1956938.36011
955563.15817 1956938.41587
955563.096626 1956938.46058
955563.052734 1956938.50519
955562.999957 1956938.53876
955562.938472 1956938.59457
955562.885754 1956938.63923
955562.832976 1956938.6728
955562.771492 1956938.7286
955562.718773 1956938.77326
955562.666055 1956938.81792
955562.613337 1956938.86259
955562.551853 1956938.91839
955562.499135 1956938.96305
955562.43759 1956939.00776
955562.36728 1956939.06361
955562.323328 1956939.09714
955562.261784 1956939.14184
955562.209066 1956939.18651
955562.138696 1956939.23126
955562.077211 1956939.28707
955562.024493 1956939.33173
955561.962949 1956939.37644
955561.910171 1956939.41001
955561.848687 1956939.46581
955561.787143 1956939.51052
955561.743191 1956939.54404
955561.672821 1956939.5888
955561.620103 1956939.63346
955561.57627 1956939.68917
955561.514667 1956939.72279
955561.453063 1956939.7564
955561.400345 1956939.80106
955561.347627 1956939.84573
955561.303735 1956939.89034
955561.233424 1956939.94619
955561.180647 1956939.97976
955561.136814 1956940.03547
955561.075211 1956940.06909
955561.013667 1956940.1138
955560.952122 1956940.1585
955560.890578 1956940.20321
955560.83786 1956940.24788
955560.785142 1956940.29254
955560.714832 1956940.34839
955560.662113 1956940.39305
955560.609336 1956940.42662
955560.556677 1956940.48238
955560.495074 1956940.51599
955560.43353 1956940.5607
955560.380812 1956940.60537
955560.319327 1956940.66117
955560.266609 1956940.70583
955560.205065 1956940.75054
955560.143521 1956940.79525
955560.090803 1956940.83991
955560.020433 1956940.88467
955559.97654 1956940.92929
955559.914996 1956940.974
955559.862219 1956941.00756
955559.800675 1956941.05227
955559.739131 1956941.09698
955559.686472 1956941.15274
955559.633635 1956941.17521
955559.580917 1956941.21987
955559.528199 1956941.26454
955559.466714 1956941.32034
955559.405111 1956941.35396
955559.378871 1956941.39848
955559.308441 1956941.43214
955559.264549 1956941.47675
955559.211771 1956941.51032
955559.150227 1956941.55503
955559.106276 1956941.58855
955559.044672 1956941.62217
955559.009606 1956941.66674
955558.948003 1956941.70035
955558.886399 1956941.73397
955558.851274 1956941.76744
955558.798496 1956941.80101
955558.745718 1956941.83457
955558.692941 1956941.86814
955558.640223 1956941.9128
955558.596331 1956941.95742
955558.534668 1956941.97994
955558.48195 1956942.0246
955558.446824 1956942.05808
955558.376394 1956942.09174
955558.341269 1956942.12521
955558.279725 1956942.16992
955558.244659 1956942.21449
955558.183055 1956942.2481
955558.121511 1956942.29281
955558.086386 1956942.32629
955558.016016 1956942.37104
955557.972124 1956942.41566
955557.928113 1956942.43808
955557.866568 1956942.48279
955557.822736 1956942.5385
955557.769899 1956942.56098
955557.726007 1956942.60559
955557.673229 1956942.63916
955557.620511 1956942.68382
955557.567793 1956942.72848
955557.50613 1956942.751
955557.462179 1956942.78453
955557.418287 1956942.82914
955557.356742 1956942.87385
955557.303965 1956942.90742
955557.260013 1956942.94094
955557.198469 1956942.98565
955557.145692 1956943.01922
955557.084207 1956943.07502
955557.03137 1956943.09749
955556.978652 1956943.14216
955556.917168 1956943.19796
955556.86445 1956943.24262
955556.820438 1956943.26505
955556.758954 1956943.32085
955556.697469 1956943.37666
955556.644751 1956943.42132
955556.591974 1956943.45489
955556.539256 1956943.49955
955556.495423 1956943.55526
955556.433879 1956943.59997
955556.381102 1956943.63354
955556.310791 1956943.68939
955556.258014 1956943.72296
955556.196529 1956943.77876
955556.152578 1956943.81228
955556.091093 1956943.86809
955556.029549 1956943.91279
955555.97689 1956943.96855
955555.915287 1956944.00217
955555.862569 1956944.04683
955555.801025 1956944.09154
955555.748307 1956944.1362
955555.695529 1956944.16977
955555.633985 1956944.21448
955555.581327 1956944.27024
955555.528549 1956944.3038
955555.458179 1956944.34856
955555.396635 1956944.39327
955555.352743 1956944.43789
955555.291199 1956944.4826
955555.238481 1956944.52726
955555.176937 1956944.57197
955555.132985 1956944.60549
955555.080327 1956944.66124
955555.009957 1956944.706
955554.966005 1956944.73952
955554.913287 1956944.78418
955554.842917 1956944.82894
955554.799025 1956944.87356
955554.737422 1956944.90717
955554.693589 1956944.96288
955554.640812 1956944.99645
955554.579268 1956945.04116
955554.535376 1956945.08577
955554.482658 1956945.13044
955554.421114 1956945.17515
955554.35951 1956945.20876
955554.306792 1956945.25342
955554.2629 1956945.29804
955554.201356 1956945.34275
955554.148698 1956945.39851
955554.087094 1956945.43212
955554.034376 1956945.47678
955553.981718 1956945.53254
955553.911348 1956945.5773
955553.867336 1956945.59972
955553.814618 1956945.64439
955553.76196 1956945.70014
955553.718008 1956945.73366
955553.647579 1956945.76733
955553.603687 1956945.81194
955553.559795 1956945.85656
955553.49831 1956945.91236
955553.445592 1956945.95702
955553.383929 1956945.97954
955553.340037 1956946.02416
955553.287379 1956946.07992
955553.243427 1956946.11344
955553.181764 1956946.13596
955553.129046 1956946.18062
955553.02367 1956946.28104
955552.979778 1956946.32565
955552.909348 1956946.35932
955552.865456 1956946.40393
955552.821624 1956946.45964
955552.768906 1956946.5043
955552.707302 1956946.53792
955552.654584 1956946.58258
955552.601866 1956946.62724
955552.549148 1956946.6719
955552.49643 1956946.71657
955552.443653 1956946.75014
955552.382168 1956946.80594
955552.32945 1956946.8506
955552.285499 1956946.88412
955552.223955 1956946.92883
955552.162411 1956946.97354
955552.109633 1956947.00711
955552.065682 1956947.04063
955552.004197 1956947.09643
955551.942594 1956947.13005
955551.889816 1956947.16362
955551.837158 1956947.21937
955551.775614 1956947.26408
955551.722896 1956947.30875
955551.670118 1956947.34231
955551.608694 1956947.40921
955551.555916 1956947.44278
955551.494372 1956947.48749
955551.432828 1956947.5322
955551.38011 1956947.57686
955551.327333 1956947.61043
955551.256963 1956947.65519
955551.204245 1956947.69985
955551.142701 1956947.74456
955551.098809 1956947.78918
955551.028439 1956947.83393
955550.975661 1956947.8675
955550.922884 1956947.90107
955550.870225 1956947.95683
955550.799855 1956948.00158
955550.747078 1956948.03515
955550.685653 1956948.10205
955550.624109 1956948.14676
955550.580217 1956948.19137
955550.52738 1956948.21385
955550.474602 1956948.24742
955550.430532 1956948.25875
955550.377695 1956948.28122
955550.324977 1956948.32588
955550.263373 1956948.3595
955550.219422 1956948.39302
955550.157878 1956948.43773
955550.10516 1956948.48239
955550.061149 1956948.50482
955550.008371 1956948.53838
955549.946768 1956948.572
955549.89405 1956948.61666
955549.858924 1956948.65013
955549.788554 1956948.69489
955549.744603 1956948.72841
955549.691825 1956948.76198
955549.630222 1956948.7956
955549.586271 1956948.82912
955549.515841 1956948.86278
955549.463064 1956948.89635
955549.410286 1956948.92991
955549.366394 1956948.97453
955549.295965 1956949.00819
955549.243187 1956949.04176
955549.190469 1956949.08642
955549.128925 1956949.13113
955549.102685 1956949.17565
955549.02337 1956949.19827
955548.970593 1956949.23183
955548.917875 1956949.2765
955548.856331 1956949.32121
955548.794727 1956949.35482
955548.742009 1956949.39948
955548.698117 1956949.4441
955548.636514 1956949.47772
955548.583736 1956949.51128
955548.539845 1956949.5559
955548.487127 1956949.60056
955548.416757 1956949.64532
955548.363979 1956949.67889
955548.311202 1956949.71245
955548.249658 1956949.75716
955548.188114 1956949.80187
955548.12657 1956949.84658
955548.065085 1956949.90239
955548.003422 1956949.92491
955547.950704 1956949.96957
955547.880394 1956950.02542
955547.836502 1956950.07004
955547.757247 1956950.10375
955547.695762 1956950.15955
955547.643044 1956950.20421
955547.581441 1956950.23783
955547.519897 1956950.28254
955547.449527 1956950.3273
955547.396809 1956950.37196
955547.344091 1956950.41662
955547.291373 1956950.46128
955547.220943 1956950.49495
955547.168226 1956950.53961
955547.106682 1956950.58432
955547.045138 1956950.62903
955546.983594 1956950.67374
955546.92205 1956950.71845
955546.869332 1956950.76311
955546.807788 1956950.80782
955546.746303 1956950.86362
955546.6847 1956950.89724
955546.631982 1956950.9419
955546.570438 1956950.98661
955546.508894 1956951.03132
955546.456176 1956951.07598
955546.394632 1956951.12069
955546.333088 1956951.1654
955546.271544 1956951.21011
955546.210001 1956951.25482
955546.148457 1956951.29953
955546.086913 1956951.34424
955546.025369 1956951.38895
955545.972591 1956951.42252
955545.919814 1956951.45609
955545.85821 1956951.4897
955545.805433 1956951.52327
955545.735003 1956951.55693
955545.691112 1956951.60155
955545.629568 1956951.64626
955545.567964 1956951.67987
955545.515246 1956951.72454
955545.444757 1956951.7471
955545.392039 1956951.79177
955545.330495 1956951.83648
955545.277718 1956951.87004
955545.207348 1956951.9148
955545.154571 1956951.94837
955545.075434 1956952.00427
955545.022657 1956952.03784
955544.961053 1956952.07145
955544.89939 1956952.09397
955544.855439 1956952.12749
955544.793895 1956952.1722
955544.723465 1956952.20587
955544.670629 1956952.22834
955544.609085 1956952.27305
955544.556307 1956952.30662
955544.494704 1956952.34023
955544.4331 1956952.37385
955544.371556 1956952.41856
955544.318779 1956952.45212
955544.257235 1956952.49683
955544.195632 1956952.53045
955544.134028 1956952.56406
955544.072484 1956952.60877
955544.019707 1956952.64234
955543.958163 1956952.68705
955543.896559 1956952.72067
955543.843782 1956952.75424
955543.782179 1956952.78785
955543.720635 1956952.83256
955543.659031 1956952.86618
955543.606313 1956952.91084
955543.54471 1956952.94445
955543.483047 1956952.96697
955543.439155 1956953.01159
955543.377611 1956953.0563
955543.324893 1956953.10096
955543.26329 1956953.13458
955543.201686 1956953.16819
955543.148849 1956953.19066
955543.087246 1956953.22428
955543.034588 1956953.28004
955542.972984 1956953.31365
955542.920147 1956953.33613
955542.849658 1956953.35869
955542.79694 1956953.40336
955542.735337 1956953.43697
955542.673793 1956953.48168
955542.620956 1956953.50415
955542.559412 1956953.54886
955542.497809 1956953.58248
955542.436205 1956953.61609
955542.374661 1956953.6608
955542.312998 1956953.68333
955542.251455 1956953.72804
955542.198677 1956953.7616
955542.137074 1956953.79522
955542.07547 1956953.82883
955542.013807 1956953.85135
955541.96103 1956953.88492
955541.899426 1956953.91854
955541.828878 1956953.93001
955541.77616 1956953.97467
955541.714557 1956954.00829
955541.652953 1956954.0419
955541.582524 1956954.07557
955541.52098 1956954.12028
955541.459317 1956954.1428
955541.397714 1956954.17641
955541.33617 1956954.22112
955541.274566 1956954.25474
955541.221789 1956954.28831
955541.160185 1956954.32192
955541.098522 1956954.34444
955541.045805 1956954.3891
955540.984142 1956954.41162
955540.922538 1956954.44524
955540.860935 1956954.47885
955540.808157 1956954.51242
955540.737728 1956954.54609
955540.684832 1956954.55746
955540.631995 1956954.57994
955540.570391 1956954.61355
955540.499962 1956954.64722
955540.438299 1956954.66974
955540.385462 1956954.69221
955540.323799 1956954.71473
955540.25337 1956954.74839
955540.183 1956954.79315
955540.112511 1956954.81572
955540.042081 1956954.84938
955539.980537 1956954.89409
955539.910108 1956954.92775
955539.839619 1956954.95032
955539.769249 1956954.99508
955539.707586 1956955.0176
955539.628271 1956955.04021
955539.557842 1956955.07388
955539.487413 1956955.10754
955539.416983 1956955.1412
955539.346554 1956955.17486
955539.284891 1956955.19739
955539.223287 1956955.231
955539.161684 1956955.26462
955539.100081 1956955.29823
955539.011999 1956955.33199
955538.950336 1956955.35451
955538.87114 1956955.39931
955538.809477 1956955.42183
955538.738989 1956955.4444
955538.659674 1956955.46702
955538.59813 1956955.51173
955538.510048 1956955.54549
955538.439619 1956955.57915
955538.36907 1956955.59062
955538.307408 1956955.61314
955538.228093 1956955.63576
955538.157604 1956955.65833
955538.087115 1956955.68089
955538.016685 1956955.71456
955537.93743 1956955.74827
955537.866882 1956955.75974
955537.796393 1956955.78231
955537.725904 1956955.80488
955537.655415 1956955.82744
955537.5761 1956955.85006
955537.514377 1956955.86149
955537.452714 1956955.88401
955537.391051 1956955.90653
955537.311677 1956955.91805
955537.241069 1956955.91843
955537.179406 1956955.94095
955537.108858 1956955.95242
955537.029543 1956955.97504
955536.958994 1956955.98651
955536.897272 1956955.99794
955536.826723 1956956.00941
955536.747349 1956956.02093
955536.667974 1956956.03245
955536.606192 1956956.03278
955536.54447 1956956.04421
955536.465155 1956956.06682
955536.385781 1956956.07834
955536.323999 1956956.07868
955536.244684 1956956.10129
955536.16525 1956956.10172
955536.103527 1956956.11314
955536.032919 1956956.11352
955535.962311 1956956.1139
955535.882937 1956956.12542
955535.803562 1956956.13694
955535.74178 1956956.13728
955535.679879 1956956.11542
955535.609271 1956956.1158
955535.547489 1956956.11613
955535.476881 1956956.11651
955535.397447 1956956.11693
955535.326899 1956956.12841
955535.256291 1956956.12879
955535.176738 1956956.10702
955535.097244 1956956.09635
955535.01787 1956956.10788
955534.938436 1956956.1083
955534.867768 1956956.09759
955534.788215 1956956.07582
955534.699955 1956956.0763
955534.646999 1956956.07658
955534.567446 1956956.05482
955534.487953 1956956.04415
955534.417285 1956956.03343
955534.355384 1956956.01158
955534.284717 1956956.00086
955534.222815 1956955.979
955534.161033 1956955.97933
955534.090425 1956955.97971
955534.028524 1956955.95786
955533.957857 1956955.94714
955533.904841 1956955.93633
955533.825348 1956955.92566
955533.772332 1956955.91485
955533.710372 1956955.8819
955533.639704 1956955.87118
955533.569037 1956955.86047
955533.516021 1956955.84966
955533.454179 1956955.83889
955533.392397 1956955.83923
955533.330556 1956955.82846
955533.27754 1956955.81765
955533.215639 1956955.79579
955533.144912 1956955.77398
955533.100723 1956955.76313
955533.038881 1956955.75236
955532.968154 1956955.73055
955532.915139 1956955.71974
955532.853297 1956955.70898
955532.791336 1956955.67603
955532.747087 1956955.65408
955532.685127 1956955.62112
955532.632052 1956955.59922
955532.57021 1956955.58846
955532.499423 1956955.55555
955532.446348 1956955.53365
955532.393273 1956955.51174
955532.340139 1956955.47874
955532.287004 1956955.44574
955532.225043 1956955.41279
955532.171968 1956955.39088
955532.118893 1956955.36898
955532.065818 1956955.34707
955531.994972 1956955.30308
955531.941778 1956955.25898
955531.879877 1956955.23712
955531.826742 1956955.20412
955531.773548 1956955.16003
955531.711647 1956955.13817
955531.649627 1956955.09413
955531.587607 1956955.05008
955531.543238 1956955.00594
955531.49893 1956954.97289
955531.436969 1956954.93994
955531.392601 1956954.8958
955531.321695 1956954.8407
955531.268561 1956954.8077
955531.215366 1956954.76361
955531.162172 1956954.71951
955531.100152 1956954.67547
955531.047017 1956954.64247
955530.976112 1956954.58737
955530.922917 1956954.54328
955530.869783 1956954.51028
955530.807763 1956954.46623
955530.754449 1956954.39995
955530.69237 1956954.34481
955530.639235 1956954.31181
955530.568329 1956954.25672
955530.515076 1956954.20153
955530.470707 1956954.15739
955530.408687 1956954.11334
955530.346667 1956954.06929
955530.284647 1956954.02525
955530.231512 1956953.99225
955530.187084 1956953.93701
955530.13389 1956953.89292
955530.080756 1956953.85992
955530.027561 1956953.81582
955529.974308 1956953.76063
955529.921173 1956953.72763
955529.867979 1956953.68354
955529.82367 1956953.65049
955529.770416 1956953.5953
955529.726048 1956953.55116
955529.68168 1956953.50702
955529.637371 1956953.47397
955529.584118 1956953.41879
955529.53969 1956953.36355
955529.495381 1956953.3305
955529.442187 1956953.28641
955529.397878 1956953.25336
955529.353451 1956953.19813
955529.317909 1956953.15394
955529.264714 1956953.10984
955529.220287 1956953.05461
955529.184804 1956953.02151
955529.140376 1956952.96628
955529.104834 1956952.92209
955529.060466 1956952.87795
955529.016157 1956952.8449
955528.980675 1956952.8118
955528.936247 1956952.75657
955528.900645 1956952.70129
955528.856277 1956952.65714
955528.811968 1956952.6241
955528.776426 1956952.57991
955528.731939 1956952.51358
955528.68763 1956952.48053
955528.643262 1956952.43639
955528.598834 1956952.38115
955528.563411 1956952.35915
955528.518983 1956952.30392
955528.474615 1956952.25978
955528.439073 1956952.21559
955528.394705 1956952.17145
955528.359103 1956952.11616
955528.323561 1956952.07197
955528.279192 1956952.02783
955528.243591 1956951.97255
955528.208048 1956951.92836
955528.16374 1956951.89531
955528.128257 1956951.86222
955528.1016 1956951.82908
955528.057292 1956951.79603
955528.02175 1956951.75184
955527.986148 1956951.69656
955527.94172 1956951.64132
955527.906237 1956951.60823
955527.861869 1956951.56409
955527.826327 1956951.5199
955527.781899 1956951.46466
955527.737531 1956951.42052
955527.701989 1956951.37633
955527.666447 1956951.33214
955527.622138 1956951.29909
955527.57777 1956951.25495
955527.533342 1956951.19972
955527.49774 1956951.14443
955527.462138 1956951.08915
955527.41783 1956951.0561
955527.373402 1956951.00087
955527.328974 1956950.94563
955527.284606 1956950.90149
955527.231412 1956950.8574
955527.19581 1956950.80211
955527.142616 1956950.75802
955527.098248 1956950.71388
955527.062646 1956950.65859
955527.018218 1956950.60336
955526.965024 1956950.55926
955526.929422 1956950.50398
955526.884994 1956950.44874
955526.849452 1956950.40455
955526.796139 1956950.33827
955526.751771 1956950.29413
955526.707402 1956950.24999
955526.654089 1956950.18371
955526.618487 1956950.12842
955526.556407 1956950.07328
955526.51192 1956950.00695
955526.476318 1956949.95167
955526.423124 1956949.90757
955526.369811 1956949.84129
955526.316497 1956949.77501
955526.280955 1956949.73082
955526.236468 1956949.66449
955526.174388 1956949.60935
955526.129901 1956949.54301
955526.085473 1956949.48778
955526.032219 1956949.43259
955525.978965 1956949.3774
955525.934538 1956949.32216
955525.898936 1956949.26688
955525.845622 1956949.2006
955525.801254 1956949.15646
955525.756826 1956949.10122
955525.712399 1956949.04598
955525.667971 1956948.99075
955525.570289 1956948.88032
955525.534747 1956948.83614
955525.49026 1956948.7698
955525.445832 1956948.71457
955525.392578 1956948.65938
955525.34815 1956948.60414
955525.312489 1956948.53777
955525.250409 1956948.48262
955525.197155 1956948.42744
955525.152668 1956948.36111
955525.108121 1956948.28368
955525.063753 1956948.23954
955525.010499 1956948.18435
955524.966012 1956948.11802
955524.912758 1956948.06283
955524.86833 1956948.00759
955524.823843 1956947.94126
955524.779415 1956947.88603
955524.743813 1956947.83074
955524.690619 1956947.78665
955524.637306 1956947.72037
955524.592937 1956947.67623
955524.54845 1956947.60989
955524.503963 1956947.54356
955524.459594 1956947.49942
955524.406341 1956947.44423
955524.361913 1956947.389
955524.308659 1956947.33381
955524.272998 1956947.26743
955524.219684 1956947.20115
955524.175256 1956947.14591
955524.130769 1956947.07958
955524.086341 1956947.02435
955524.042033 1956946.9913
955523.997486 1956946.91387
955523.961824 1956946.8475
955523.917396 1956946.79226
955523.872909 1956946.72593
955523.828481 1956946.67069
955523.784053 1956946.61546
955523.748511 1956946.57127
955523.695257 1956946.51608
955523.65077 1956946.44975
955523.606402 1956946.40561
955523.561914 1956946.33928
955523.517487 1956946.28404
955523.473059 1956946.2288
955523.428631 1956946.17357
955523.384144 1956946.10724
955523.339716 1956946.052
955523.295288 1956945.99677
955523.242034 1956945.94158
955523.197606 1956945.88634
955523.162004 1956945.83106
955523.108751 1956945.77587
955523.073149 1956945.72059
955523.037547 1956945.6653
955522.984353 1956945.62121
955522.948811 1956945.57702
955522.904323 1956945.51069
955522.859955 1956945.46655
955522.815527 1956945.41131
955522.771159 1956945.36717
955522.726731 1956945.31193
955522.691129 1956945.25665
955522.637994 1956945.22365
955522.593567 1956945.16841
955522.566791 1956945.11308
955522.522363 1956945.05785
955522.478054 1956945.0248
955522.433626 1956944.96957
955522.389258 1956944.92542
955522.34489 1956944.88128
955522.309348 1956944.83709
955522.273627 1956944.75962
955522.229318 1956944.72657
955522.18495 1956944.68243
955522.140641 1956944.64939
955522.096273 1956944.60524
955522.069556 1956944.56101
955522.025129 1956944.50577
955521.98082 1956944.47273
955521.945278 1956944.42854
955521.90085 1956944.3733
955521.865307 1956944.32911
955521.820999 1956944.29606
955521.785456 1956944.25188
955521.741148 1956944.21883
955521.705546 1956944.16355
955521.661178 1956944.1194
955521.625695 1956944.08631
955521.598979 1956944.04207
955521.572322 1956944.00893
955521.528013 1956943.97589
955521.483645 1956943.93174
955521.448103 1956943.88755
955521.412679 1956943.86556
955521.377137 1956943.82137
955521.350421 1956943.77713
955521.314938 1956943.74404
955521.279455 1956943.71094
955521.252739 1956943.66671
955521.208371 1956943.62256
955521.181714 1956943.58942
955521.146231 1956943.55633
955521.11063 1956943.50104
955521.075087 1956943.45686
955521.030719 1956943.41271
955520.986291 1956943.35748
955520.933037 1956943.30229
955520.897495 1956943.2581
955520.862012 1956943.22501
955520.826351 1956943.15863
955520.781923 1956943.10339
955520.737614 1956943.07035
955520.702132 1956943.03725
955520.675356 1956942.98192
955520.630988 1956942.93778
955520.586619 1956942.89364
955520.559963 1956942.8605
955520.52442 1956942.81631
955520.497704 1956942.77207
955520.462221 1956942.73898
955520.426679 1956942.69479
955520.400022 1956942.66165
955520.36454 1956942.62855
955520.337883 1956942.59541
955520.311167 1956942.55117
955520.28445 1956942.50694
955520.257853 1956942.48489
955520.240082 1956942.4628
955520.213485 1956942.44075
955520.186769 1956942.39651
955520.168997 1956942.37442
955520.142341 1956942.34128
955520.115684 1956942.30814
955520.106739 1956942.28599
955520.088968 1956942.2639
955520.062371 1956942.24185
