935555.011268585 1915888.15932374
935555.425608077 1915889.0279258527
935555.7507036122 1915889.6880981973
935555.999336019 1915890.1722723201
935556.1842861254 1915890.512879767
935556.3183347597 1915890.7423520845
935556.4142627502 1915890.8931208185
935556.4848509247 1915890.997617515
935556.5428801116 1915891.0882737204
935556.6011311387 1915891.19752098
935556.6723848348 1915891.3577908413
935556.7694220275 1915891.6015148498
935556.9020730541 1915891.9536835577
935557.0647408168 1915892.4003802852
935557.2468026513 1915892.9150141214
935557.4376331548 1915893.4709872468
935557.626606924 1915894.0417018416
935557.8031708411 1915894.600792608
935557.9602256948 1915895.1330043955
935558.0955716758 1915895.638841917
935558.207381482 1915896.1200081252
935558.293827811 1915896.5782059734
935558.3530833612 1915897.0151384147
935558.3838890976 1915897.432588932
935558.388898622 1915897.8328954752
935558.3724127867 1915898.2186294284
935558.338738187 1915898.5923629887
935558.2921814194 1915898.9566683555
935558.237018058 1915899.3141118318
935558.1746282297 1915899.6667096836
935558.101179663 1915900.0154879917
935558.0122948465 1915900.3613692592
935557.9035962694 1915900.705275988
935557.770706421 1915901.0481306827
935557.6096941547 1915901.3909090073
935557.4207371557 1915901.735075993
935557.2062274924 1915902.0823604045
935556.9685786958 1915902.4344935624
935556.7102042963 1915902.7932067881
935556.43351871 1915903.160223403
935556.1411533437 1915903.5353040276
935555.8362390948 1915903.9136913589
935555.521976891 1915904.2899946684
935555.2015676593 1915904.6588232287
935554.8782123274 1915905.0147863124
935554.5551118226 1915905.3524931911
935554.2354670721 1915905.6665531376
935553.9224790039 1915905.951575424
935553.619348545 1915906.2021693229
935553.3292766226 1915906.4129441055
