955554.331368 1956966.28923
955554.0301055454 1956965.8968851021
955553.7288430909 1956965.5045402043
955553.4275806363 1956965.1040809592
955553.1263181819 1956964.6961822722
955552.8250557273 1956964.2882835846
955552.5237932728 1956963.884115563
955552.2225308182 1956963.4934593183
955551.9212683636 1956963.1028030736
955551.6200059091 1956962.712146829
955551.3187434545 1956962.3159032695
955551.017481 1956961.9182105206
955550.7162185455 1956961.5205177716
955550.414956091 1956961.117566494
955550.1136936364 1956960.7084375538
955549.8124311818 1956960.2993086136
955549.5111687273 1956959.8889835903
955549.2099062727 1956959.4754646714
955548.9086438182 1956959.0619457527
955548.6073813636 1956958.6484268338
955548.306118909 1956958.2486271246
955548.0048564546 1956957.8507293202
955547.703594 1956957.4528315158
955547.4023315455 1956957.0570451694
955547.1010690909 1956956.662829039
955546.7998066364 1956956.268612909
955546.4985441818 1956955.8742083497
955546.1972817272 1956955.4790948075
955545.8960192727 1956955.0839812655
955545.5947568181 1956954.6888677233
955545.2934943637 1956954.295468801
955544.9922319091 1956953.902080391
955544.6909694546 1956953.5086919814
955544.389707 1956953.110525388
955544.0884445454 1956952.7072421666
955543.7871820909 1956952.3039589454
955543.4859196363 1956951.9005670946
955543.1846571818 1956951.493697216
955542.8833947273 1956951.0868273373
955542.5821322728 1956950.6799574587
955542.2808698182 1956950.266037662
955541.9796073636 1956949.8518325195
955541.6783449091 1956949.437627377
955541.3770824545 1956949.0294568012
955541.07582 1956948.6248935738
955540.7745575454 1956948.2203303464
955540.473295091 1956947.8221530218
955540.1720326364 1956947.4375007309
955539.8707701818 1956947.05284844
955539.5695077273 1956946.6669819062
955539.2682452727 1956946.2560811497
955538.9669828182 1956945.8451803932
955538.6657203636 1956945.4342796367
955538.364457909 1956945.0360547563
955538.0631954545 1956944.642976704
955537.761933 1956944.2498986516
955537.4606705455 1956943.8579149756
955537.1594080909 1956943.472586517
955536.8581456364 1956943.0872580586
955536.5568831818 1956942.7009254172
955536.2556207272 1956942.301880738
955535.9543582727 1956941.9028360588
955535.6530958181 1956941.5037913795
955535.3518333636 1956941.103933807
955535.050570909 1956940.7031716763
955534.7493084546 1956940.3024095455
955534.448046 1956939.90117236
955534.1467835454 1956939.4960667936
955533.8455210909 1956939.0909612274
955533.5442586363 1956938.6858556613
955533.2429961818 1956938.2957071732
955532.9417337272 1956937.907928946
955532.6404712728 1956937.5201507187
955532.3392088182 1956937.1185638749
955532.0379463636 1956936.7047094565
955531.7366839091 1956936.2908550382
955531.4354214545 1956935.8762056483
955531.134159 1956935.45752781
955530.8328965454 1956935.0388499717
955530.5316340909 1956934.6201721334
955530.2303716363 1956934.2119283911
955529.9291091817 1956933.804618461
955529.6278467273 1956933.3973085315
955529.3265842727 1956932.9969562753
955529.0253218182 1956932.6022163702
955528.7240593636 1956932.2074764648
955528.422796909 1956931.8127858108
955528.1215344545 1956931.418222785
955527.8202719999 1956931.0236597587
955527.5190095454 1956930.629096733
955527.2177470909 1956930.228043819
955526.9164846364 1956929.82681683
955526.6152221818 1956929.4255898409
955526.3139597272 1956929.0291699457
955526.0126972727 1956928.6351293514
955525.7114348181 1956928.2410887566
955525.4101723636 1956927.8431435926
955525.108909909 1956927.4349490618
955524.8076474546 1956927.026754531
955524.506385 1956926.61856
