935494.678429921 1915766.51365723
935495.232134315 1915769.23360966
935495.908180835 1915772.56031745
935496.829854513 1915775.96889501
935498.101234691 1915779.20007144
935499.164657265 1915781.99108437
935500.409041345 1915784.71798614
935501.648570762 1915787.4358137
935501.905804887 1915787.98372581
935503.168606675 1915790.68392777
935504.431424291 1915793.38313031
935504.649550561 1915793.81245838
935506.005045838 1915796.46714397
935507.361556385 1915799.12084599
935508.327489225 1915800.99859093
935509.69396251 1915803.6544503
935509.802716026 1915803.85711309
935511.207564262 1915806.48858837
935512.61242832 1915809.11906423
935513.006604969 1915809.79410909
935513.021153056 1915809.82233118
935513.390676269 1915810.47599164
935514.00316928 1915811.56837126
935514.487363461 1915812.42978679
935514.885841635 1915813.21186732
935515.375525526 1915814.10536014
935516.081336774 1915815.42814939
935516.453652364 1915816.09485017
935516.658736927 1915816.46398979
935516.688816704 1915816.52144927
935517.130541698 1915817.35020135
935517.494513191 1915818.03876318
935517.675832869 1915818.39353035
935517.931336013 1915818.86143938
935518.546923765 1915820.01085077
935518.799650367 1915820.46472005
935519.043017585 1915820.94143398
935519.492674763 1915821.77431059
935519.921088742 1915822.55986476
935520.551636474 1915823.71151269
935520.641018938 1915823.87488028
935521.048888158 1915824.6321173
935521.137255333 1915824.7964685
935521.382874918 1915825.257223
935521.810099339 1915826.05475468
935522.010457362 1915826.46980541
935522.119845938 1915826.69547128
935522.380298771 1915827.16645788
935522.760896437 1915827.87827629
935523.018034082 1915828.36920426
935523.468437211 1915829.21808786
935524.170218951 1915830.5428127
935524.470175677 1915831.10739723
935524.679845551 1915831.50260164
935525.120539388 1915832.33333681
935525.475737646 1915833.00776387
935525.744805258 1915833.50287974
935526.009859246 1915833.99893168
935526.274929078 1915834.49398418
935526.451631738 1915834.82468548
935526.554483624 1915835.02125656
935526.729155707 1915835.35392506
935526.837814156 1915835.56258454
935527.182509629 1915836.20585454
935527.368921573 1915836.55470428
935527.713632889 1915837.19697484
935527.890335546 1915837.52767614
935528.192354521 1915838.08829458
935528.527324866 1915838.7144156
935528.919551475 1915839.44941139
935529.1350279 1915839.85670421
935529.66413642 1915840.84879228
935529.839839628 1915841.17947774
935530.02052422 1915841.51124186
935530.199257449 1915841.83997596
935530.495358961 1915842.39550214
935531.201170127 1915843.71829152
935531.489466187 1915844.26169762
935531.853611905 1915844.93926562
935532.559423062 1915846.26205502
935533.138902612 1915847.35591087
935533.843714316 1915848.67868443
935534.328179118 1915849.58609039
935534.636052166 1915850.15579892
935535.341863306 1915851.47858834
935535.915710554 1915852.54936192
935535.924483763 1915852.56349673
935536.46699831 1915853.59278611
935537.17280944 1915854.91557555
935537.455552409 1915855.43090215
935537.698824534 1915855.91361281
935538.404635659 1915857.23640225
935538.690345276 1915857.75377528
935538.995394247 1915858.3124424
935539.701205362 1915859.63523186
935539.944429958 1915860.12094086
935540.451707701 1915861.03970513
935541.157518811 1915862.36249461
935541.59597606 1915863.20818986
935541.842658421 1915863.66496249
935542.548469521 1915864.98775197
935542.772671605 1915865.41217798
935543.226294795 1915866.24711699
935543.932105888 1915867.56990648
935544.379510607 1915868.41874267
935544.676326364 1915868.99227475
935545.38213745 1915870.31506426
935545.830144182 1915871.12592154
935545.992013563 1915871.44639079
935546.149408523 1915871.73379914
935546.854220156 1915873.05657282
935547.134837471 1915873.57986333
935547.537772752 1915874.33302349
935548.243583819 1915875.65581302
935548.408815914 1915875.95334257
935548.806532168 1915876.72041575
935549.487070577 1915877.99781836
935549.748554487 1915878.46682199
935549.928239606 1915878.79857032
935550.173700707 1915879.26931936
935550.749182395 1915880.36311197
935551.031798593 1915880.88643418
935551.143391983 1915881.09913899
935551.406161862 1915881.61314935
935551.935777252 1915882.57325532
935552.210714738 1915883.07646189
935552.426555504 1915883.46076754
935553.01739324 1915884.53181057
935553.325218716 1915885.10451751
935553.526940509 1915885.49659692
935553.959572596 1915886.20524152
935554.275377787 1915886.77907465
935554.58599564 1915887.36482191
935554.812164909 1915887.79127853
935554.884952849 1915887.9293907
935555.011268585 1915888.15932374
935555.011268585 1915888.15932374
935556.37447368 1915890.83212696
935556.779726029 1915891.62831083
935557.740505968 1915894.39870346
935558.36063217 1915897.09071841
935558.252975829 1915899.21536583
935557.730624899 1915901.13949864
935556.487072003 1915903.09018777
935554.763137248 1915905.13723051
935553.082022508 1915906.56414063
935553.082022508 1915906.56414063
935552.840001073 1915906.69626291
935552.61614392 1915906.81767647
935551.223552912 1915907.57536485
935551.097497443 1915907.64434511
935550.577221068 1915907.92401046
935549.958127724 1915908.25709269
935548.903471849 1915908.82319769
935548.647410658 1915908.95809651
935547.321717759 1915909.65786323
935545.997960385 1915910.36165941
935545.334606297 1915910.71203457
935544.671268051 1915911.06141028
935544.008881723 1915911.41380017
935543.347494841 1915911.7662059
935542.685156043 1915912.11559745
935542.021817802 1915912.46497315
935541.358416191 1915912.81834663
935540.698044603 1915913.16976875
935539.984338042 1915913.54333844
935538.660564846 1915914.24813403
935537.33293646 1915914.94387125
935536.009163273 1915915.64866683
935534.681534895 1915916.34440402
935534.09777069 1915916.65605293
935533.433353803 1915917.01041
935532.774965275 1915917.36286323
935532.111642889 1915917.71123947
935531.447321062 1915918.05959986
935531.37169729 1915918.10038834
935530.58081303 1915918.54971123
935529.805047187 1915918.99127619
935529.470031201 1915919.18790429
935528.897642477 1915919.53872165
935528.450404831 1915919.81454625
935528.025679134 1915920.12071858
935527.495680365 1915920.50919665
935527.096892713 1915920.81877923
935526.69260087 1915921.16026483
935526.244033781 1915921.58302368
935525.845724114 1915921.98858467
935525.292678792 1915922.56963876
935524.981224434 1915922.91959385
935524.541845164 1915923.4564637
935524.313772496 1915923.78074873
935523.981031481 1915924.27532233
935523.725880092 1915924.66815714
935523.489640293 1915925.12927108
935523.258999743 1915925.55248531
935523.023903322 1915926.06760096
935522.818980364 1915926.57119855
935522.625450072 1915927.17594604
935522.473419833 1915927.7483614
935522.328673579 1915928.4288594
935522.256567251 1915929.00454108
935522.200456092 1915929.76941887
935522.184713405 1915930.25802073
935522.16784453 1915930.75460231
935522.182324183 1915931.29166866
935522.216504867 1915931.72108012
935522.259536624 1915932.0966483
935522.329050466 1915932.6935691
935522.463876777 1915933.2695319
935522.608826978 1915933.96361932
935522.821310331 1915934.62278819
935523.058608235 1915935.41930878
935523.247419065 1915935.93214677
935523.431676271 1915936.41692108
935523.657244766 1915936.94433748
935523.84876741 1915937.41223214
935524.053043854 1915937.83234354
935524.391379405 1915938.56148671
935524.631447098 1915939.05714268
935525.154892668 1915940.09112839
935525.390137405 1915940.57571125
935525.482312187 1915940.75211919
935525.83168781 1915941.41545743
935526.182062876 1915942.07881152
935526.535436278 1915942.74221313
935526.886874158 1915943.40158528
935527.237249223 1915944.06493937
935527.586624841 1915944.72827762
935527.939998238 1915945.39167923
935528.291436114 1915946.05105139
935528.641811175 1915946.71440548
935528.991186789 1915947.37774374
935529.344560183 1915948.04114536
935529.6969975 1915948.70053337
935529.999920666 1915949.26716444
935530.705731371 1915950.58995408
935531.059136446 1915951.25135683
935531.412557361 1915951.91176013
935532.02698677 1915953.07115046
935532.538405934 1915954.04396411
935532.821752106 1915954.58429277
935532.821752106 1915954.58429277
935534.369708578 1915957.14306028
935535.916665596 1915959.70181198
935536.562567569 1915960.76772979
935537.996295128 1915962.27100686
935539.317622447 1915962.91876166
935541.184229495 1915963.34922873
935543.270454273 1915963.48426795
935545.809587195 1915962.92270041
935548.550102151 1915961.70252619
935549.524694303 1915961.26811182
935549.524694303 1915961.26811182
935550.239368708 1915960.89655697
935550.635667754 1915960.68090641
935551.958441667 1915959.97609515
935553.148053084 1915959.34714933
935554.209879459 1915958.7701615
935555.532669227 1915958.06435077
935556.490618031 1915957.54469838
935556.850604359 1915957.34946582
935557.811440598 1915956.83685706
935558.174393577 1915956.64367092
935559.286334807 1915956.05848021
935560.609124591 1915955.35266946
935561.348150079 1915954.95850756
935562.671939313 1915954.25271264
935563.706368777 1915953.70128259
935563.801172136 1915953.64880178
935565.123961932 1915952.94299101
935565.405151872 1915952.79949329
935565.405151872 1915952.79949329
935568.044798178 1915951.38377888
935570.684444499 1915949.96806445
935573.32309139 1915948.55233416
935575.962737742 1915947.13661968
935578.602384111 1915945.72090517
935581.242030495 1915944.30519064
935583.880677449 1915942.88946024
935586.520323862 1915941.47374566
935589.159970295 1915940.05803106
935591.799616742 1915938.64231643
935594.438279599 1915937.22558649
935597.077926078 1915935.80987181
935597.732285302 1915935.45935406
