955517.639884 1956939.83617
955517.630999 1956939.82512
955517.631058 1956939.83622
955517.630999 1956939.82512
955518.869619 1956940.37322
955518.878385 1956940.36208
955518.905161 1956940.41741
955518.931878 1956940.46164
955518.976306 1956940.51688
955519.011788 1956940.54997
955519.04745 1956940.61635
955519.091818 1956940.66049
955519.136246 1956940.71573
955519.180674 1956940.77096
955519.225161 1956940.83729
955519.28742 1956940.92572
955519.349559 1956940.99196
955519.394166 1956941.08048
955519.465191 1956941.15776
955519.545161 1956941.25718
955519.62531 1956941.38989
955519.678623 1956941.45617
955519.758653 1956941.56669
955519.829797 1956941.66617
955519.909767 1956941.76559
955519.971966 1956941.84292
955520.043051 1956941.9313
955520.114135 1956942.01968
955520.202991 1956942.13015
955520.26525 1956942.21857
955520.362991 1956942.34009
955520.416424 1956942.42857
955520.50522 1956942.52794
955520.58519 1956942.62737
955520.647448 1956942.71579
955520.736245 1956942.81517
955520.807389 1956942.91464
955520.896185 1956943.01402
955520.976155 1956943.11345
955521.065011 1956943.22392
955521.144921 1956943.31225
955521.233836 1956943.43381
955521.322633 1956943.53319
955521.420433 1956943.66581
955521.500344 1956943.75414
955521.598026 1956943.86456
955521.695767 1956943.98608
955521.793508 1956944.1076
955521.882364 1956944.21807
955521.980046 1956944.3285
955522.077787 1956944.45001
955522.184235 1956944.5493
955522.27321 1956944.68196
955522.370891 1956944.79238
955522.459807 1956944.91395
955522.557488 1956945.02437
955522.646344 1956945.13485
955522.744085 1956945.25637
955522.841826 1956945.37789
955522.939568 1956945.4994
955523.037309 1956945.62092
955523.126224 1956945.74249
955523.223965 1956945.86401
955523.312821 1956945.97448
955523.401736 1956946.09605
955523.499418 1956946.20647
955523.597218 1956946.33909
955523.686074 1956946.44956
955523.774989 1956946.57113
955523.863845 1956946.6816
955523.961705 1956946.82531
955524.068213 1956946.93568
955524.157188 1956947.06834
955524.254988 1956947.20096
955524.343963 1956947.33362
955524.441704 1956947.45514
955524.53056 1956947.56561
955524.637187 1956947.69818
955524.726102 1956947.81974
955524.823962 1956947.96345
955524.921703 1956948.08497
955525.028449 1956948.23973
955525.12613 1956948.35015
955525.223872 1956948.47167
955525.312846 1956948.60433
955525.410528 1956948.71476
955525.499443 1956948.83632
955525.597244 1956948.96894
955525.694985 1956949.09046
955525.792786 1956949.22307
955525.899353 1956949.34454
955525.997153 1956949.47716
955526.10378 1956949.60972
955526.192636 1956949.7202
955526.290377 1956949.84172
955526.379292 1956949.96328
955526.468207 1956950.08485
955526.565948 1956950.20637
955526.66363 1956950.31679
955526.752545 1956950.43836
955526.850286 1956950.55988
955526.939201 1956950.68145
955527.036942 1956950.80296
955527.125857 1956950.92453
955527.223598 1956951.04605
955527.312394 1956951.14543
955527.401309 1956951.267
955527.490105 1956951.36637
955527.57902 1956951.48794
955527.676702 1956951.59836
955527.765557 1956951.70884
955527.854472 1956951.8304
955527.96098 1956951.94078
955528.049895 1956952.06235
955528.147517 1956952.16168
955528.245258 1956952.2832
955528.351766 1956952.39357
955528.449447 1956952.504
955528.547129 1956952.61442
955528.64481 1956952.72485
955528.742432 1956952.82418
955528.840113 1956952.9346
955528.946621 1956953.04498
955529.053069 1956953.14426
955529.159517 1956953.24355
955529.274791 1956953.34278
955529.381298 1956953.45316
955529.487687 1956953.54135
955529.60302 1956953.65168
955529.718235 1956953.73982
955529.824742 1956953.8502
955529.948782 1956953.93829
955530.064056 1956954.03752
955530.179271 1956954.12567
955530.294545 1956954.2249
955530.409819 1956954.32414
955530.525033 1956954.41228
955530.640247 1956954.50042
955530.764288 1956954.58851
955530.879502 1956954.67665
955531.003423 1956954.74256
955531.118578 1956954.8196
955531.242559 1956954.8966
955531.366599 1956954.9847
955531.490521 1956955.0506
955531.614561 1956955.13869
955531.738423 1956955.1935
955531.862403 1956955.2705
955531.986206 1956955.31422
955532.119012 1956955.39117
955532.242993 1956955.46817
955532.375681 1956955.52293
955532.490836 1956955.59998
955532.623583 1956955.66583
955532.747504 1956955.73174
955532.889018 1956955.78645
955533.012939 1956955.85236
955533.154453 1956955.90707
955533.287081 1956955.95074
955533.410943 1956956.00555
955533.543571 1956956.04922
955533.676258 1956956.10398
955533.800061 1956956.1477
955533.932689 1956956.19136
955534.056431 1956956.22398
955534.206652 1956956.25646
955534.348047 1956956.28899
955534.489382 1956956.31042
955534.630895 1956956.36513
955534.77223 1956956.38657
955534.904799 1956956.41914
955535.05502 1956956.45162
955535.196355 1956956.47305
955535.346516 1956956.49443
955535.496617 1956956.50472
955535.646778 1956956.52611
955535.79682 1956956.5253
955536.10579 1956956.53474
955536.246946 1956956.52289
955536.405814 1956956.52203
955536.546971 1956956.51018
955536.696953 1956956.49828
955536.846995 1956956.49748
955536.996918 1956956.47448
955537.1469 1956956.46258
955537.296823 1956956.43959
955537.446687 1956956.4055
955537.587843 1956956.39365
955537.737706 1956956.35956
955537.878803 1956956.33661
955538.028726 1956956.31362
955538.17859 1956956.27953
955538.328453 1956956.24544
955538.46949 1956956.2114
955538.628239 1956956.18836
955538.760332 1956956.13217
955538.91914 1956956.12022
955539.060177 1956956.08618
955539.201215 1956956.05214
955539.359904 1956956.01801
955539.492056 1956955.97292
955539.64186 1956955.92773
955539.773952 1956955.87155
955539.914871 1956955.81532
955540.064615 1956955.75904
955540.214419 1956955.71386
955540.346511 1956955.65767
955540.496255 1956955.6014
955540.646 1956955.54512
955540.778092 1956955.48894
955540.918891 1956955.41052
955541.050984 1956955.35433
955541.191902 1956955.2981
955541.323935 1956955.23082
955541.464853 1956955.17459
955541.605712 1956955.10727
955541.74663 1956955.05104
955541.878544 1956954.96157
955542.019463 1956954.90534
955542.160262 1956954.82692
955542.292354 1956954.77074
955542.433154 1956954.69232
955542.574012 1956954.62499
955542.705986 1956954.54662
955542.837959 1956954.46825
955542.969992 1956954.40097
955543.110732 1956954.31145
955543.242705 1956954.23308
955543.383445 1956954.14357
955543.515478 1956954.07629
955543.656217 1956953.98678
955543.78825 1956953.9195
955543.920164 1956953.83003
955544.052137 1956953.75166
955544.184051 1956953.66219
955544.307258 1956953.59496
955544.447938 1956953.49435
955544.579971 1956953.42707
955544.720711 1956953.33756
955544.843799 1956953.24814
955544.984539 1956953.15863
955545.116512 1956953.08025
955545.257252 1956952.99074
955545.389225 1956952.91237
955545.529965 1956952.82285
955545.644286 1956952.74457
955545.7762 1956952.65511
955545.899288 1956952.56569
955546.031202 1956952.47622
955546.154349 1956952.3979
955546.286263 1956952.30843
955546.409351 1956952.21901
955546.532379 1956952.1185
955546.664353 1956952.04012
955546.787441 1956951.9507
955546.910529 1956951.86128
955547.033616 1956951.77186
955547.156704 1956951.68244
955547.279852 1956951.60412
955547.40288 1956951.50361
955547.526027 1956951.42528
955547.649175 1956951.34696
955547.763377 1956951.24649
955547.877699 1956951.16821
955548.000846 1956951.08989
955548.106282 1956951.00056
955548.229429 1956950.92224
955548.352577 1956950.84391
955548.458072 1956950.76568
955548.58116 1956950.67626
955548.695422 1956950.58689
955548.809684 1956950.49752
955548.932772 1956950.4081
955549.047034 1956950.31873
955549.170122 1956950.22931
955549.275498 1956950.12889
955549.389819 1956950.05061
955549.512907 1956949.96119
955549.62711 1956949.86072
955549.741372 1956949.77135
955549.8644 1956949.67084
955549.978543 1956949.55927
955550.101631 1956949.46986
955550.2246 1956949.35825
955550.347688 1956949.26883
955550.470716 1956949.16831
955550.593804 1956949.07889
955550.716833 1956948.97838
955550.831154 1956948.9001
955550.954183 1956948.79959
955551.07727 1956948.71017
955551.200239 1956948.59856
955551.323327 1956948.50914
955551.43753 1956948.40867
955551.560618 1956948.31925
955551.683706 1956948.22983
955551.797908 1956948.12937
955551.920996 1956948.03995
955552.035199 1956947.93948
955552.167053 1956947.83892
955552.272549 1956947.76069
955552.386811 1956947.67132
955552.501073 1956947.58194
955552.615275 1956947.48148
955552.729597 1956947.4032
955552.843799 1956947.30273
955552.966887 1956947.21331
955553.08109 1956947.11285
955553.186466 1956947.01243
955553.300847 1956946.94525
955553.406283 1956946.85592
955553.502893 1956946.76664
955553.617155 1956946.67727
955553.722591 1956946.58795
955553.828087 1956946.50972
955553.942289 1956946.40925
955554.056611 1956946.33097
955554.162047 1956946.24165
955554.276309 1956946.15227
955554.381745 1956946.06295
955554.48724 1956945.98472
955554.601562 1956945.90644
955554.706998 1956945.81712
955554.821319 1956945.73884
955554.926755 1956945.64951
955555.03231 1956945.58238
955555.137746 1956945.49305
955555.234416 1956945.41487
955555.348737 1956945.33659
955555.454233 1956945.25836
955555.559729 1956945.18013
955555.673991 1956945.09076
955555.77066 1956945.01258
955555.884922 1956944.92321
955555.999184 1956944.83383
955556.10468 1956944.7556
955556.218942 1956944.66623
955556.333204 1956944.57686
955556.438699 1956944.49863
955556.561669 1956944.38702
955556.67605 1956944.31984
955556.781426 1956944.21942
955556.904574 1956944.14109
955557.01001 1956944.05177
955557.124272 1956943.9624
955557.229768 1956943.88417
955557.335204 1956943.79484
955557.449466 1956943.70547
955557.563787 1956943.62719
955557.669283 1956943.54896
955557.783605 1956943.47069
955557.889041 1956943.38136
955558.003362 1956943.30308
955558.108858 1956943.22485
955558.22312 1956943.13548
955558.337442 1956943.0572
955558.451704 1956942.96783
955558.557199 1956942.8896
955558.671521 1956942.81132
955558.785842 1956942.73305
955558.891279 1956942.64372
955558.996774 1956942.56549
955559.111036 1956942.47612
955559.216532 1956942.39789
955559.330735 1956942.29742
955559.445056 1956942.21914
955559.559378 1956942.14087
955559.664873 1956942.06264
955559.787962 1956941.97322
955559.893517 1956941.90608
955559.998893 1956941.80566
955560.113156 1956941.71629
955560.218711 1956941.64916
955560.332973 1956941.55978
955560.438528 1956941.49265
955560.544024 1956941.41442
955560.64946 1956941.32509
955560.754955 1956941.24686
955560.860332 1956941.14644
955560.965828 1956941.06821
955561.071323 1956940.98998
955561.168053 1956940.9229
955561.264722 1956940.84471
955561.370218 1956940.76648
955561.466947 1956940.69939
955561.563617 1956940.62121
955561.660286 1956940.54303
955561.756956 1956940.46485
955561.862452 1956940.38662
955561.959181 1956940.31953
955562.05585 1956940.24134
955562.161346 1956940.16311
955562.258016 1956940.08493
955562.363511 1956940.0067
955562.460181 1956939.92852
955562.565736 1956939.86138
955562.662465 1956939.7943
955562.767902 1956939.70497
955562.873397 1956939.62674
955562.961241 1956939.5486
955563.05797 1956939.48152
955563.15458 1956939.39224
955563.242484 1956939.3252
955563.339153 1956939.24702
955563.426997 1956939.16888
955563.523726 1956939.10179
955563.61157 1956939.02366
955563.708299 1956938.95657
955563.796202 1956938.88953
955563.884165 1956938.83358
955563.963182 1956938.75549
955564.051086 1956938.68845
955564.139048 1956938.63251
955564.226892 1956938.55437
955564.314855 1956938.49842
955564.402698 1956938.42029
955564.490601 1956938.35325
955564.58739 1956938.29725
955564.666527 1956938.24136
955564.75443 1956938.17432
955564.833507 1956938.10732
955564.930236 1956938.04023
955565.009373 1956937.98433
955565.106102 1956937.91725
955565.185179 1956937.85025
955565.273202 1956937.8054
955565.352219 1956937.72731
955565.440301 1956937.69356
955565.519319 1956937.61547
955565.598455 1956937.55957
955565.677592 1956937.50367
955565.756669 1956937.43668
955565.82692 1956937.36973
955565.906057 1956937.31383
955565.99396 1956937.24679
955566.064212 1956937.17984
955566.143289 1956937.11285
955566.222425 1956937.05695
955566.301562 1956937.00105
955566.380699 1956936.94515
955566.451009 1956936.8893
955566.530146 1956936.8334
955566.600457 1956936.77755
955566.679594 1956936.72165
955566.749904 1956936.6658
955566.829041 1956936.6099
955566.908178 1956936.554
955566.978548 1956936.50925
955567.048858 1956936.4534
955567.119169 1956936.39754
955567.189539 1956936.35279
955567.259909 1956936.30803
955567.33022 1956936.25218
955567.409357 1956936.19628
955567.470842 1956936.14048
955567.541212 1956936.09572
955567.611522 1956936.03987
955567.681833 1956935.98402
955567.752263 1956935.95035
955567.822573 1956935.8945
955567.884058 1956935.8387
955567.954428 1956935.79394
955568.015972 1956935.74923
955568.086343 1956935.70447
955568.139061 1956935.65981
955568.200605 1956935.6151
955568.262149 1956935.57039
955568.314867 1956935.52573
955568.376411 1956935.48102
955568.438015 1956935.44741
955568.490733 1956935.40274
955568.543451 1956935.35808
955568.59617 1956935.31342
955568.657773 1956935.2798
955568.710491 1956935.23514
955568.76321 1956935.19048
955568.815928 1956935.14582
955568.868705 1956935.11225
955568.912717 1956935.08982
955568.956609 1956935.04521
955569.00056 1956935.01169
955569.044512 1956934.97817
955569.088523 1956934.95574
955569.132415 1956934.91113
955569.176307 1956934.86651
955569.229144 1956934.84404
955569.273096 1956934.81052
955569.308281 1956934.78814
955569.352173 1956934.74352
955569.387358 1956934.72115
955569.422544 1956934.69877
955569.457729 1956934.67639
955569.484088 1956934.65406
955569.510447 1956934.63173
955569.536865 1956934.62049
955569.563284 1956934.60925
955569.580876 1956934.59806
955569.59841 1956934.57578
955569.616002 1956934.56459
955569.633654 1956934.5645
955569.651247 1956934.55331
955569.660013 1956934.54217
955569.66878 1956934.53102
955569.686372 1956934.51983
955569.695139 1956934.50869
955569.703965 1956934.50865
955569.712731 1956934.4975
955569.712731 1956934.4975
955569.712731 1956934.4975
955569.712672 1956934.48641
955569.712672 1956934.48641
955569.712672 1956934.48641
955569.712612 1956934.47531
955569.721498 1956934.48636
955569.721438 1956934.47527
955569.730205 1956934.46412
955569.730205 1956934.46412
955569.730205 1956934.46412
955569.730205 1956934.46412
955569.739031 1956934.46408
955569.730145 1956934.45303
955569.738971 1956934.45298
955569.747738 1956934.44184
955569.747679 1956934.43075
955569.747679 1956934.43075
955569.747679 1956934.43075
955569.747679 1956934.43075
955569.747679 1956934.43075
955569.747619 1956934.41965
955569.747619 1956934.41965
955569.756445 1956934.4196
955569.756445 1956934.4196
955569.756386 1956934.40851
955569.756386 1956934.40851
955569.756386 1956934.40851