955578.850863 1956902.11796 0
955578.850863 1956902.11796 0
955578.850863 1956902.11796 0
955578.850863 1956902.11796 0
955578.850863 1956902.11796 0
955578.850863 1956902.11796 0
955578.850863 1956902.11796 0
955578.859689 1956902.11792 0
955578.850863 1956902.11796 0
955578.859689 1956902.11792 0
955578.850863 1956902.11796 0
955578.850863 1956902.11796 0
955578.859689 1956902.11792 0
955578.859689 1956902.11792 0
955578.850863 1956902.11796 0
955578.850863 1956902.11796 0
955578.850863 1956902.11796 0
955578.859689 1956902.11792 0
955578.850922 1956902.12906 0
955578.850863 1956902.11796 0
955578.850863 1956902.11796 0
955578.850863 1956902.11796 0
955578.850863 1956902.11796 0
955578.859689 1956902.11792 0
955578.859689 1956902.11792 0
955578.859689 1956902.11792 0
955578.850863 1956902.11796 0
955578.859689 1956902.11792 0
955578.850863 1956902.11796 0
955578.850863 1956902.11796 0
955578.850863 1956902.11796 0
955578.850863 1956902.11796 0
955578.850863 1956902.11796 0
955578.850863 1956902.11796 0
955578.850863 1956902.11796 0
955578.850863 1956902.11796 0
955578.850863 1956902.11796 0
955578.850863 1956902.11796 0
955578.850863 1956902.11796 0
955578.850863 1956902.11796 0
955578.850863 1956902.11796 0
955578.850863 1956902.11796 0
955578.850863 1956902.11796 0
955578.850863 1956902.11796 0
955578.859689 1956902.11792 0
955578.859689 1956902.11792 0
955578.859689 1956902.11792 0
955578.859629 1956902.10682 0
955578.859689 1956902.11792 0
955578.859629 1956902.10682 0
955578.868455 1956902.10677 0
955578.868455 1956902.10677 0
955578.868455 1956902.10677 0
955578.877162 1956902.08454 0
955578.877222 1956902.09563 0
955578.877162 1956902.08454 0
955578.885988 1956902.08449 0
955578.894755 1956902.07335 0
955578.912348 1956902.06216 0
955578.92994 1956902.05097 0
955578.9563 1956902.02864 0
955578.991485 1956902.00626 0
955579.017785 1956901.97284 0
955579.05297 1956901.95046 0
955579.088155 1956901.92808 0
955579.158645 1956901.90551 0
955579.202537 1956901.8609 0
955579.246429 1956901.81628 0
955579.290322 1956901.77167 0
955579.360633 1956901.71581 0
955579.431063 1956901.68215 0
955579.475015 1956901.64863 0
955579.518847 1956901.59292 0
955579.606811 1956901.53698 0
955579.686007 1956901.49217 0
955579.7299 1956901.44756 0
955579.809037 1956901.39166 0
955579.888114 1956901.32467 0
955579.958485 1956901.27991 0
955580.046448 1956901.22396 0
955580.125585 1956901.16806 0
955580.213429 1956901.08993 0
955580.292567 1956901.03403 0
955580.362878 1956900.97818 0
955580.468434 1956900.91104 0
955580.5298 1956900.83305 0
955580.6443 1956900.78806 0
955580.714493 1956900.71002 0
955580.79363 1956900.65412 0
955580.8903 1956900.57593 0
955580.960671 1956900.53118 0
955581.066167 1956900.45295 0
955581.136478 1956900.3971 0
955581.233327 1956900.3522 0
955581.312285 1956900.26301 0
955581.41796 1956900.21807 0
955581.479386 1956900.15117 0
955581.602534 1956900.07285 0
955581.716857 1956899.99457 0
955581.80476 1956899.92753 0
955581.892605 1956899.84939 0
955582.006987 1956899.78221 0
955582.094831 1956899.70407 0
955582.209094 1956899.6147 0
955582.296998 1956899.54766 0
955582.402435 1956899.45834 0
955582.499224 1956899.40234 0
955582.60472 1956899.32411 0
955582.692624 1956899.25707 0
955582.806946 1956899.1788 0
955582.89491 1956899.12285 0
955583.000406 1956899.04462 0
955583.114729 1956898.96634 0
955583.220225 1956898.88811 0
955583.325781 1956898.82098 0
955583.413625 1956898.74284 0
955583.510355 1956898.67576 0
955583.580607 1956898.60881 0
955583.712581 1956898.53044 0
955583.818197 1956898.4744 0
955583.9324 1956898.37393 0
955584.020482 1956898.34017 0
955584.134686 1956898.23971 0
955584.240182 1956898.16148 0
955584.336912 1956898.09439 0
955584.460001 1956898.00497 0
955584.556612 1956897.91569 0
955584.653223 1956897.82642 0
955584.767545 1956897.74814 0
955584.917113 1956897.65858 0
955584.996131 1956897.58049 0
955585.101568 1956897.49117 0
955585.198179 1956897.40189 0
955585.303675 1956897.32366 0
955585.409172 1956897.24543 0
955585.488249 1956897.17844 0
955585.620284 1956897.11116 0
955585.716954 1956897.03298 0
955585.840102 1956896.95465 0
955585.945599 1956896.87642 0
955586.050976 1956896.776 0
955586.18307 1956896.71982 0
955586.3061 1956896.61931 0
955586.411656 1956896.55217 0
955586.516974 1956896.44066 0
955586.604818 1956896.36252 0
955586.727967 1956896.2842 0
955586.807044 1956896.21721 0
955586.939078 1956896.14993 0
955587.018037 1956896.06075 0
955587.158838 1956895.98233 0
955587.22909 1956895.91538 0
955587.369831 1956895.82587 0
955587.484094 1956895.7365 0
955587.571879 1956895.64727 0
955587.677554 1956895.60232 0
955587.791817 1956895.51295 0
955587.90614 1956895.43467 0
955587.985158 1956895.35658 0
955588.072943 1956895.26735 0
955588.196091 1956895.18903 0
955588.310414 1956895.11075 0
955588.407203 1956895.05476 0
955588.530292 1956894.96534 0
955588.618137 1956894.88721 0
955588.723693 1956894.82007 0
955588.820304 1956894.73079 0
955588.916915 1956894.64152 0
955589.022411 1956894.56329 0
955589.127848 1956894.47396 0
955589.259882 1956894.40669 0
955589.382912 1956894.30617 0
955589.46199 1956894.23918 0
955589.558482 1956894.12771 0
955589.664038 1956894.06058 0
955589.796013 1956893.98221 0
955589.910276 1956893.89283 0
955590.015713 1956893.80351 0
955590.130036 1956893.72523 0
955590.217702 1956893.61381 0
955590.332143 1956893.55773 0
955590.455173 1956893.45721 0
955590.551784 1956893.36794 0
955590.65728 1956893.28971 0
955590.762896 1956893.23366 0
955590.868214 1956893.12215 0
955590.97377 1956893.05502 0
955591.088152 1956892.98783 0
955591.184763 1956892.89856 0
955591.281315 1956892.79819 0
955591.386871 1956892.73105 0
955591.518846 1956892.65268 0
955591.60669 1956892.57454 0
955591.694594 1956892.5075 0
955591.791145 1956892.40713 0
955591.905587 1956892.35104 0
955592.010965 1956892.25062 0
955592.116521 1956892.18349 0
955592.230843 1956892.10521 0
955592.345166 1956892.02694 0
955592.441777 1956891.93766 0
955592.538448 1956891.85948 0
955592.635178 1956891.79239 0
955592.740615 1956891.70306 0
955592.837345 1956891.63598 0
955592.916363 1956891.55789 0
955593.039631 1956891.50175 0
955593.11859 1956891.41257 0
955593.232853 1956891.3232 0
955593.320757 1956891.25616 0
955593.43496 1956891.15569 0
955593.514098 1956891.09979 0
955593.62842 1956891.02152 0
955593.733917 1956890.94329 0
955593.848299 1956890.8761 0
955593.94491 1956890.78683 0
955594.041462 1956890.68646 0
955594.147018 1956890.61932 0
955594.261281 1956890.52995 0
955594.384311 1956890.42944 0
955594.472037 1956890.32911 0
955594.612897 1956890.26179 0
955594.700741 1956890.18365 0
955594.806179 1956890.09433 0
955594.920442 1956890.00496 0
955595.052417 1956889.92659 0
955595.193039 1956889.81488 0
955595.307302 1956889.72551 0
955595.430451 1956889.64719 0
955595.50941 1956889.558 0
955595.641444 1956889.49073 0
955595.720285 1956889.37936 0
955595.878738 1956889.30084 0
955595.957637 1956889.20057 0
955596.107324 1956889.13319 0
955596.186401 1956889.0662 0
955596.327084 1956888.96559 0
955596.43258 1956888.88736 0
955596.520306 1956888.78704 0
955596.643395 1956888.69762 0
955596.766603 1956888.63039 0
955596.880926 1956888.55211 0
955596.977537 1956888.46284 0
955597.083093 1956888.3957 0
955597.170819 1956888.29538 0
955597.302972 1956888.25029 0
955597.40835 1956888.14987 0
955597.513787 1956888.06055 0
955597.601632 1956887.98241 0
955597.733547 1956887.89295 0
955597.812566 1956887.81486 0
955598.032385 1956887.65835 0
955598.137941 1956887.59122 0
955598.243438 1956887.51299 0
955598.340109 1956887.4348 0
955598.463198 1956887.34538 0
955598.559987 1956887.28939 0
955598.665365 1956887.18897 0
955598.779688 1956887.1107 0
955598.885125 1956887.02137 0
955599.008393 1956886.96524 0
955599.11383 1956886.87591 0
955599.228153 1956886.79764 0
955599.342416 1956886.70826 0
955599.456858 1956886.65218 0
955599.571121 1956886.5628 0
955599.685444 1956886.48453 0
955599.8173 1956886.38397 0
955599.931564 1956886.2946 0
955600.054772 1956886.22737 0
955600.186747 1956886.14899 0
955600.292125 1956886.04858 0
955600.406269 1956885.93702 0
955600.511825 1956885.86988 0
955600.626029 1956885.76941 0
955600.722581 1956885.66904 0
955600.845849 1956885.61291 0
955600.94246 1956885.52363 0
955601.065787 1956885.47859 0
955601.153572 1956885.38936 0
955601.250184 1956885.30008 0
955601.373273 1956885.21067 0
955601.452292 1956885.13258 0
955601.592974 1956885.03197 0
955601.716301 1956884.98693 0
955601.821619 1956884.87542 0
955601.909405 1956884.78619 0
955601.997309 1956884.71915 0
955602.094039 1956884.65206 0
955602.226252 1956884.61807 0
955602.314215 1956884.56212 0
955602.419533 1956884.45061 0
955602.498433 1956884.35033 0
955602.595044 1956884.26105 0
955602.718193 1956884.18273 0
955602.832694 1956884.13773 0
955602.938013 1956884.02622 0
955603.052336 1956883.94794 0
955603.149125 1956883.89195 0
955603.254563 1956883.80263 0
955603.342467 1956883.73559 0
955603.465616 1956883.65726 0
955603.570815 1956883.52356 0
955603.685138 1956883.44528 0
955603.781809 1956883.3671 0
955603.896072 1956883.27773 0
955603.992684 1956883.18845 0
955604.115892 1956883.12122 0
955604.22127 1956883.0208 0
955604.318 1956882.95372 0
955604.423437 1956882.86439 0
955604.511223 1956882.77516 0
955604.607834 1956882.68589 0
955604.731102 1956882.62975 0
955604.836718 1956882.57371 0
955604.915677 1956882.48453 0
955604.98575 1956882.3843 0
955605.020698 1956882.31754 0
955605.143728 1956882.21703 0
955605.222925 1956882.17223 0
955605.284291 1956882.09423 0
955605.36331 1956882.01614 0
955605.460159 1956881.97125 0
955605.48634 1956881.91563 0
955605.521407 1956881.87106 0
955605.582892 1956881.81526 0
955605.644437 1956881.77055 0
955605.714748 1956881.7147 0
955605.758641 1956881.67008 0
955605.802533 1956881.62547 0
955605.828833 1956881.59204 0
