955584.752818 1956901.58705 3
955584.752818 1956901.58705 3
955584.761644 1956901.58701 3
955584.761644 1956901.58701 3
955584.761644 1956901.58701 3
955584.761644 1956901.58701 3
955584.761644 1956901.58701 3
955584.761644 1956901.58701 3
955584.761644 1956901.58701 3
955584.761644 1956901.58701 3
955584.761704 1956901.5981 3
955584.761704 1956901.5981 3
955584.761644 1956901.58701 3
955584.77047 1956901.58696 3
955584.761644 1956901.58701 3
955584.77047 1956901.58696 3
955584.77047 1956901.58696 3
955584.761644 1956901.58701 3
955584.779237 1956901.57582 3
955584.796889 1956901.57572 3
955584.814422 1956901.55344 3
955584.840841 1956901.5422 3
955584.858374 1956901.51992 3
955584.884733 1956901.49759 3
955584.911152 1956901.48635 3
955584.946278 1956901.45288 3
955584.981403 1956901.41941 3
955585.016529 1956901.38593 3
955585.078074 1956901.34122 3
955585.139678 1956901.30761 3
955585.210048 1956901.26285 3
955585.2803 1956901.19591 3
955585.359497 1956901.1511 3
955585.421041 1956901.10639 3
955585.482526 1956901.05059 3
955585.561663 1956900.99469 3
955585.649567 1956900.92765 3
955585.719878 1956900.8718 3
955585.798956 1956900.8048 3
955585.88686 1956900.73776 3
955585.974823 1956900.68182 3
955586.062608 1956900.59259 3
955586.168223 1956900.53655 3
955586.256067 1956900.45841 3
955586.343971 1956900.39137 3
955586.423049 1956900.32438 3
955586.528605 1956900.25724 3
955586.598856 1956900.1903 3
955586.677934 1956900.1233 3
955586.774664 1956900.05622 3
955586.844916 1956899.98927 3
955586.93276 1956899.91113 3
955587.011897 1956899.85524 3
955587.099801 1956899.7882 3
955587.178938 1956899.7323 3
955587.266723 1956899.64307 3
955587.345979 1956899.60936 3
955587.44259 1956899.52008 3
955587.521668 1956899.45309 3
955587.627105 1956899.36376 3
955587.688649 1956899.31905 3
955587.802972 1956899.24078 3
955587.882109 1956899.18488 3
955587.987546 1956899.09555 3
955588.084276 1956899.02847 3
955588.181125 1956898.98357 3
955588.286502 1956898.88315 3
955588.374465 1956898.8272 3
955588.479962 1956898.74897 3
955588.576632 1956898.67079 3
955588.682129 1956898.59256 3
955588.796451 1956898.51428 3
955588.884355 1956898.44724 3
955589.007563 1956898.38001 3
955589.095348 1956898.29078 3
955589.218496 1956898.21246 3
955589.323874 1956898.11204 3
955589.447082 1956898.04481 3
955589.561226 1956897.93325 3
955589.666723 1956897.85502 3
955589.81629 1956897.76546 3
955589.930494 1956897.66499 3
955590.062409 1956897.57553 3
955590.194205 1956897.46387 3
955590.317235 1956897.36336 3
955590.440205 1956897.25175 3
955590.589772 1956897.16219 3
955590.712802 1956897.06167 3
955590.835772 1956896.95007 3
955590.976514 1956896.86055 3
955591.10831 1956896.7489 3
955591.231458 1956896.67057 3
955591.345662 1956896.57011 3
955591.477458 1956896.45845 3
955591.618259 1956896.38003 3
955591.741289 1956896.27952 3
955591.855493 1956896.17905 3
955592.00506 1956896.08949 3
955592.110497 1956896.00017 3
955592.233467 1956895.88856 3
955592.347849 1956895.82138 3
955592.462053 1956895.72091 3
955592.576376 1956895.64263 3
955592.690639 1956895.55326 3
955592.796076 1956895.46394 3
955592.910398 1956895.38566 3
955593.015954 1956895.31853 3
955593.112684 1956895.25144 3
955593.209355 1956895.17326 3
955593.306144 1956895.11726 3
955593.376515 1956895.07251 3
955593.411641 1956895.03903 3
955593.446826 1956895.01665 3
955593.446886 1956895.02775 3
955593.43806 1956895.0278 3
955593.43806 1956895.0278 3
955593.429233 1956895.02784 3
955593.438119 1956895.03889 3
955593.429233 1956895.02784 3
955593.43806 1956895.0278 3
955593.420407 1956895.02789 3
955593.43806 1956895.0278 3
955593.429293 1956895.03894 3
955593.43806 1956895.0278 3
955593.429233 1956895.02784 3