955554.331368 1956966.28923
955554.331368 1956966.28923
955554.331368 1956966.28923
955554.331368 1956966.28923
955554.331368 1956966.28923
955554.331368 1956966.28923
955554.331368 1956966.28923
955554.331368 1956966.28923
955554.331368 1956966.28923
955554.331368 1956966.28923
955554.331368 1956966.28923
955554.331368 1956966.28923
955554.331368 1956966.28923
955554.331368 1956966.28923
955554.331368 1956966.28923
955554.331368 1956966.28923
955554.331368 1956966.28923
955554.331368 1956966.28923
955554.331368 1956966.28923
955554.331368 1956966.28923
955554.331368 1956966.28923
955554.331368 1956966.28923
955554.331368 1956966.28923
955554.331368 1956966.28923
955554.322542 1956966.28928
955554.322542 1956966.28928
955554.331368 1956966.28923
955554.322542 1956966.28928
955554.322542 1956966.28928
955554.322542 1956966.28928
955554.322542 1956966.28928
955554.331368 1956966.28923
955554.331368 1956966.28923
955554.331368 1956966.28923
955554.331368 1956966.28923
955554.331368 1956966.28923
955554.322542 1956966.28928
955554.322542 1956966.28928
955554.322542 1956966.28928
955554.322542 1956966.28928
955554.322483 1956966.27818
955554.313657 1956966.27823
955554.322483 1956966.27818
955554.322542 1956966.28928
955554.322483 1956966.27818
955554.313657 1956966.27823
955554.322483 1956966.27818
955554.322483 1956966.27818
955554.322483 1956966.27818
955554.322483 1956966.27818
955554.322483 1956966.27818
955554.322483 1956966.27818
955554.322483 1956966.27818
955554.322483 1956966.27818
955554.322483 1956966.27818
955554.331368 1956966.28923
955554.331368 1956966.28923
955554.331309 1956966.27813
955554.331309 1956966.27813
955554.331368 1956966.28923
955554.331309 1956966.27813
955554.331368 1956966.28923
955554.331368 1956966.28923
955554.331368 1956966.28923
955554.322542 1956966.28928
955554.322542 1956966.28928
955554.322542 1956966.28928
955554.322483 1956966.27818
955554.322542 1956966.28928
955554.322542 1956966.28928
955554.322542 1956966.28928
955554.322542 1956966.28928
955554.322542 1956966.28928
955554.322542 1956966.28928
955554.322542 1956966.28928
955554.313716 1956966.28932
955554.313716 1956966.28932
955554.313716 1956966.28932
955554.313716 1956966.28932
955554.313716 1956966.28932
955554.313716 1956966.28932
955554.313716 1956966.28932
955554.322542 1956966.28928
955554.322542 1956966.28928
955554.322542 1956966.28928
955554.322542 1956966.28928
955554.322542 1956966.28928
955554.322542 1956966.28928
955554.322542 1956966.28928
955554.322542 1956966.28928
955554.322542 1956966.28928
955554.313716 1956966.28932
955554.322542 1956966.28928
955554.322602 1956966.30037
955554.322542 1956966.28928
955554.322542 1956966.28928
955554.322602 1956966.30037
955554.322542 1956966.28928
955554.313716 1956966.28932
955554.322542 1956966.28928
955554.313716 1956966.28932
955554.313716 1956966.28932
955554.322542 1956966.28928
955554.322542 1956966.28928
955554.322602 1956966.30037
955554.322602 1956966.30037
955554.322602 1956966.30037
955554.322542 1956966.28928
955554.322602 1956966.30037
955554.322542 1956966.28928
955554.322542 1956966.28928
955554.322542 1956966.28928
955554.322542 1956966.28928
955554.322542 1956966.28928
955554.322542 1956966.28928
955554.322542 1956966.28928
955554.322542 1956966.28928
955554.322542 1956966.28928
955554.313716 1956966.28932
955554.313716 1956966.28932
955554.304831 1956966.27828
955554.304831 1956966.27828
955554.304831 1956966.27828
955554.304831 1956966.27828
955554.295945 1956966.26723
955554.304771 1956966.26718
955554.304771 1956966.26718
955554.304771 1956966.26718
955554.304771 1956966.26718
955554.304771 1956966.26718
955554.304771 1956966.26718
955554.304771 1956966.26718
955554.28706 1956966.25618
955554.28706 1956966.25618
955554.295886 1956966.25613
955554.295826 1956966.24504
955554.287 1956966.24509
955554.287 1956966.24509
955554.286941 1956966.23399
955554.286941 1956966.23399
955554.286941 1956966.23399
955554.278055 1956966.22294
955554.278055 1956966.22294
955554.26917 1956966.2119
955554.26917 1956966.2119
955554.26911 1956966.2008
955554.260284 1956966.20085
955554.251399 1956966.1898
955554.242513 1956966.17876
955554.242513 1956966.17876
955554.233628 1956966.16771
955554.233568 1956966.15661
955554.215797 1956966.13452
955554.198026 1956966.11242
955554.189081 1956966.09028
955554.180255 1956966.09033
955554.180196 1956966.07924
955554.17137 1956966.07928
955554.153599 1956966.05719
955554.126942 1956966.02405
955554.109171 1956966.00195
955554.100226 1956965.97981
955554.100107 1956965.95762
955554.082336 1956965.93553
955554.046854 1956965.90243
955554.029142 1956965.89143
955554.011431 1956965.88043
955553.984774 1956965.84729
955553.949232 1956965.8031
955553.922456 1956965.74777
955553.913452 1956965.71453
955553.8958 1956965.71463
955553.878029 1956965.69254
955553.851372 1956965.65939
955553.824716 1956965.62625
955553.806945 1956965.60416
955553.806885 1956965.59306
955553.789114 1956965.57097
955553.771284 1956965.53778
955553.744627 1956965.50464
955553.726856 1956965.48254
955553.700319 1956965.47159
955553.682607 1956965.46059
955553.664777 1956965.4274
955553.646946 1956965.39421
955553.629175 1956965.37212
955553.611404 1956965.35002
955553.584748 1956965.31688
955553.558091 1956965.28374
955553.549146 1956965.2616
955553.531316 1956965.22841
955553.504719 1956965.20636
955553.486888 1956965.17317
955553.460291 1956965.15113
955553.442461 1956965.11794
955553.42469 1956965.09584
955553.406919 1956965.07375
955553.380262 1956965.04061
955553.353606 1956965.00746
955553.335775 1956964.97428
955553.318004 1956964.95218
955553.300174 1956964.91899
955553.273577 1956964.89694
955553.255746 1956964.86376
955553.22909 1956964.83061
955553.211259 1956964.79742
955553.184662 1956964.77538
955553.158006 1956964.74224
955553.13129 1956964.698
955553.104574 1956964.65376
955553.077977 1956964.63172
955553.05132 1956964.59857
955553.03349 1956964.56539
955553.0156 1956964.5211
955552.980117 1956964.48801
955552.953461 1956964.45487
955552.926804 1956964.42172
955552.891321 1956964.38863
955552.873491 1956964.35544
955552.846775 1956964.3112
955552.828885 1956964.26692
955552.802288 1956964.24487
955552.766805 1956964.21178
955552.740208 1956964.18973
955552.713492 1956964.1455
955552.686776 1956964.10126
955552.668946 1956964.06807
955552.633463 1956964.03498
955552.606807 1956964.00183
955552.588976 1956963.96864
955552.56226 1956963.92441
955552.535663 1956963.90236
955552.509007 1956963.86922
955552.482291 1956963.82498
955552.46446 1956963.79179
955552.437804 1956963.75865
955552.411147 1956963.72551
955552.393317 1956963.69232
955552.357834 1956963.65923
955552.331178 1956963.62609
955552.313347 1956963.5929
955552.286691 1956963.55976
955552.260034 1956963.52661
955552.233437 1956963.50457
955552.206721 1956963.46033
955552.18889 1956963.42714
955552.162234 1956963.394
955552.126692 1956963.34981
955552.100095 1956963.32776
955552.073438 1956963.29462
955552.055548 1956963.25034
955552.037777 1956963.22824
955552.002295 1956963.19515
955551.975638 1956963.16201
955551.948982 1956963.12887
955551.922325 1956963.09572
955551.904554 1956963.07363
955551.877838 1956963.02939
955551.851182 1956962.99625
955551.833351 1956962.96306
955551.797869 1956962.92997
955551.771212 1956962.89683
955551.753382 1956962.86364
955551.726785 1956962.84159
955551.708954 1956962.8084
955551.682297 1956962.77526
955551.664467 1956962.74207
955551.63781 1956962.70893
955551.611213 1956962.68688
955551.584616 1956962.66483
955551.55796 1956962.63169
955551.540129 1956962.5985
955551.513413 1956962.55427
955551.495642 1956962.53217
955551.469045 1956962.51013
955551.442389 1956962.47698
955551.415732 1956962.44384
955551.397842 1956962.39956
955551.371186 1956962.36642
955551.353415 1956962.34432
955551.326758 1956962.31118
955551.291335 1956962.28918
955551.273445 1956962.2449
955551.246788 1956962.21176
955551.228958 1956962.17857
955551.202361 1956962.15652
955551.175645 1956962.11228
955551.148988 1956962.07914
955551.131158 1956962.04595
955551.104501 1956962.01281
955551.069078 1956961.99081
955551.042422 1956961.95767
955551.015765 1956961.92453
955550.997875 1956961.88024
955550.971219 1956961.8471
955550.944562 1956961.81396
955550.90908 1956961.78087
955550.882423 1956961.74772
955550.855707 1956961.70349
955550.82905 1956961.67035
955550.802394 1956961.6372
955550.775737 1956961.60406
955550.749021 1956961.55983
955550.722365 1956961.52668
955550.695708 1956961.49354
955550.669052 1956961.4604
955550.642395 1956961.42726
955550.615679 1956961.38302
955550.588963 1956961.33879
955550.553481 1956961.30569
955550.526824 1956961.27255
955550.500168 1956961.23941
955550.464626 1956961.19522
955550.446795 1956961.16203
955550.411312 1956961.12894
955550.393422 1956961.08465
955550.35794 1956961.05156
955550.331283 1956961.01842
955550.304627 1956960.98528
955550.277911 1956960.94104
955550.251254 1956960.9079
955550.224538 1956960.86366
955550.189056 1956960.83057
955550.16234 1956960.78633
955550.135683 1956960.75319
955550.109026 1956960.72005
955550.073484 1956960.67586
955550.046768 1956960.63162
955550.020052 1956960.58739
955549.993396 1956960.55424
955549.966739 1956960.5211
955549.931197 1956960.47691
955549.895655 1956960.43272
955549.868939 1956960.38849
955549.842223 1956960.34425
955549.80674 1956960.31116
955549.771258 1956960.27806
955549.744482 1956960.22273
955549.717766 1956960.1785
955549.69105 1956960.13426
955549.655508 1956960.09007
955549.619966 1956960.04588
955549.59325 1956960.00165
955549.557768 1956959.96855
955549.531051 1956959.92431
955549.504335 1956959.88008
955549.468853 1956959.84698
955549.442137 1956959.80275
955549.41548 1956959.76961
955549.379938 1956959.72542
955549.353222 1956959.68118
955549.326506 1956959.63694
955549.290964 1956959.59276
955549.264308 1956959.55961
955549.228765 1956959.51542
955549.210875 1956959.47114
955549.175333 1956959.42695
955549.148677 1956959.39381
955549.113194 1956959.36072
955549.086478 1956959.31648
955549.059762 1956959.27224
955549.02422 1956959.22805
955548.997504 1956959.18382
955548.961962 1956959.13963
955548.92642 1956959.09544
955548.899704 1956959.0512
955548.872988 1956959.00697
955548.837446 1956958.96278
955548.801963 1956958.92968
955548.775247 1956958.88545
955548.748531 1956958.84121
955548.721815 1956958.79698
955548.686273 1956958.75279
955548.659616 1956958.71965
955548.624074 1956958.67546
955548.597418 1956958.64231
955548.570702 1956958.59808
955548.53516 1956958.55389
955548.508443 1956958.50965
955548.481787 1956958.47651
955548.45513 1956958.44337
955548.419588 1956958.39918
955548.392872 1956958.35494
955548.35733 1956958.31076
955548.330674 1956958.27761
955548.303958 1956958.23338
955548.277301 1956958.20024
955548.241759 1956958.15605
955548.215102 1956958.12291
955548.17956 1956958.07872
955548.152844 1956958.03448
955548.117302 1956957.99029
955548.090586 1956957.94605
955548.055104 1956957.91296
955548.019561 1956957.86877
955547.992786 1956957.81344
955547.957244 1956957.76925
955547.921702 1956957.72506
955547.88616 1956957.68087
955547.850618 1956957.63668
955547.823961 1956957.60354
955547.788419 1956957.55935
955547.752877 1956957.51517
955547.726101 1956957.45983
955547.690559 1956957.41565
955547.646191 1956957.3715
955547.610649 1956957.32732
955547.575107 1956957.28313
955547.548391 1956957.23889
955547.512849 1956957.1947
955547.477307 1956957.15051
955547.441705 1956957.09523
955547.415049 1956957.06209
955547.379506 1956957.0179
955547.343964 1956956.97371
955547.308422 1956956.92952
955547.263995 1956956.87428
955547.237279 1956956.83005
955547.201737 1956956.78586
955547.166194 1956956.74167
955547.130652 1956956.69748
955547.09511 1956956.65329
955547.059509 1956956.59801
955547.024026 1956956.56491
955546.988484 1956956.52073
955546.961708 1956956.46539
955546.926166 1956956.42121
955546.890624 1956956.37702
955546.846256 1956956.33287
955546.801829 1956956.27764
955546.775112 1956956.2334
955546.739511 1956956.17812
955546.695202 1956956.14507
955546.65966 1956956.10088
955546.632885 1956956.04555
955546.597343 1956956.00136
955546.5618 1956955.95717
955546.526258 1956955.91299
955546.490716 1956955.8688
955546.455174 1956955.82461
955546.428399 1956955.76928
955546.392856 1956955.72509
955546.357374 1956955.69199
955546.330658 1956955.64776
955546.295056 1956955.59247
955546.259574 1956955.55938
955546.224032 1956955.51519
955546.18843 1956955.45991
955546.152888 1956955.41572
955546.117346 1956955.37153
955546.081804 1956955.32734
955546.046262 1956955.28315
955546.010719 1956955.23896
955545.983944 1956955.18363
955545.948461 1956955.15054
955545.904034 1956955.0953
955545.868492 1956955.05111
955545.832949 1956955.00692
955545.797407 1956954.96273
955545.761865 1956954.91855
955545.726323 1956954.87436
955545.699548 1956954.81903
955545.664005 1956954.77484
955545.619637 1956954.73069
955545.592921 1956954.68646
955545.557379 1956954.64227
955545.521778 1956954.58699
955545.486235 1956954.5428
955545.450634 1956954.48751
955545.406325 1956954.45447
955545.370783 1956954.41028
955545.344007 1956954.35495
955545.308525 1956954.32185
955545.272983 1956954.27766
955545.237381 1956954.22238
955545.201839 1956954.17819
955545.166237 1956954.12291
955545.130695 1956954.07872
955545.095153 1956954.03453
955545.059611 1956953.99034
955545.024009 1956953.93506
955544.988467 1956953.89087
955544.952925 1956953.84668
955544.917324 1956953.7914
955544.872956 1956953.74725
955544.837413 1956953.70307
955544.801812 1956953.64778
955544.757444 1956953.60364
955544.721842 1956953.54836
955544.68624 1956953.49307
955544.641872 1956953.44893
955544.606271 1956953.39365
955544.570729 1956953.34946
955544.535186 1956953.30527
955544.499585 1956953.24999
955544.464043 1956953.2058
955544.428382 1956953.13942
955544.384013 1956953.09528
955544.339645 1956953.05114
955544.304044 1956952.99585
955544.268442 1956952.94057
955544.2329 1956952.89638
955544.188472 1956952.84114
955544.15293 1956952.79696
955544.07296 1956952.69753
955544.037359 1956952.64225
955544.001698 1956952.57587
955543.966096 1956952.52059
955543.930554 1956952.4764
955543.894952 1956952.42111
955543.850584 1956952.37697
955543.814982 1956952.32169
955543.77944 1956952.2775
955543.743839 1956952.22222
955543.699411 1956952.16698
955543.663869 1956952.12279
955543.628267 1956952.06751
955543.58384 1956952.01227
955543.539471 1956951.96813
955543.495044 1956951.91289
955543.459442 1956951.85761
955543.432667 1956951.80228
955543.388298 1956951.75814
955543.343871 1956951.7029
955543.299503 1956951.65876
955543.263901 1956951.60348
955543.228299 1956951.54819
955543.192698 1956951.49291
955543.157156 1956951.44872
955543.112728 1956951.39348
955543.0683 1956951.33825
955543.032758 1956951.29406
955542.997097 1956951.22768
955542.961555 1956951.18349
955542.917187 1956951.13935
955542.872759 1956951.08411
955542.837157 1956951.02883
955542.79273 1956950.9736
955542.757188 1956950.92941
955542.721586 1956950.87412
955542.677158 1956950.81889
955542.641557 1956950.7636
955542.597129 1956950.70837
955542.570413 1956950.66413
955542.525985 1956950.60889
955542.490443 1956950.56471
955542.454782 1956950.49833
955542.41924 1956950.45414
955542.374812 1956950.3989
955542.348096 1956950.35467
955542.303728 1956950.31052
955542.268126 1956950.25524
955542.232524 1956950.19996
955542.196923 1956950.14467
955542.161381 1956950.10049
955542.116953 1956950.04525
955542.081411 1956950.00106
955542.045809 1956949.94578
955542.010267 1956949.90159
955541.974665 1956949.8463
955541.939064 1956949.79102
955541.903462 1956949.73574
955541.859094 1956949.6916
955541.832318 1956949.63626
955541.78795 1956949.59212
955541.752348 1956949.53684
955541.716747 1956949.48156
955541.672379 1956949.43741
955541.636777 1956949.38213
955541.601235 1956949.33794
955541.565633 1956949.28266
955541.530091 1956949.23847
955541.485663 1956949.18323
955541.450121 1956949.13905
955541.423345 1956949.08371
955541.378918 1956949.02848
955541.343376 1956948.98429
955541.298948 1956948.92905
955541.263346 1956948.87377
955541.227804 1956948.82958
955541.201028 1956948.77425
955541.15666 1956948.73011
955541.121059 1956948.67482
955541.085457 1956948.61954
955541.041029 1956948.56431
955541.005487 1956948.52012
955540.969885 1956948.46483
955540.934343 1956948.42064
955540.889975 1956948.3765
955540.863259 1956948.33227
955540.827657 1956948.27698
955540.783289 1956948.23284
955540.747687 1956948.17756
955540.712145 1956948.13337
955540.676603 1956948.08918
955540.641001 1956948.0339
955540.605459 1956947.98971
955540.569917 1956947.94552
955540.534315 1956947.89023
955540.498773 1956947.84605
955540.454465 1956947.813
955540.418863 1956947.75772
955540.383321 1956947.71353
955540.338893 1956947.65829
955540.30341 1956947.6252
955540.259042 1956947.58105
955540.223441 1956947.52577
955540.187898 1956947.48158
955540.161123 1956947.42625
955540.125581 1956947.38206
955540.090038 1956947.33787
955540.04567 1956947.29373
955540.010128 1956947.24954
955539.974526 1956947.19426
955539.938984 1956947.15007
955539.903442 1956947.10588
955539.8679 1956947.06169
955539.832358 1956947.0175
955539.796816 1956946.97332
955539.761273 1956946.92913
955539.725672 1956946.87384
955539.698956 1956946.82961
955539.654587 1956946.78547
955539.619045 1956946.74128
955539.583444 1956946.68599
955539.547901 1956946.6418
955539.521185 1956946.59757
955539.485584 1956946.54228
955539.450041 1956946.4981
955539.414499 1956946.45391
955539.378897 1956946.39862
955539.343355 1956946.35443
955539.307813 1956946.31025
955539.272211 1956946.25496
955539.236669 1956946.21077
955539.201068 1956946.15549
955539.165525 1956946.1113
955539.129983 1956946.06711
955539.094382 1956946.01183
955539.050013 1956945.96769
955539.014471 1956945.9235
955538.978869 1956945.86821
955538.943268 1956945.81293
955538.907726 1956945.76874
955538.872183 1956945.72455
955538.836582 1956945.66927
955538.80098 1956945.61399
955538.756612 1956945.56984
955538.72101 1956945.51456
955538.685468 1956945.47037
955538.649866 1956945.41509
955538.614324 1956945.3709
955538.578722 1956945.31562
955538.498752 1956945.21619
955538.46321 1956945.172
955538.427609 1956945.11672
955538.383181 1956945.06148
955538.347639 1956945.01729
955538.312037 1956944.96201
955538.267669 1956944.91787
955538.232127 1956944.87368
955538.196525 1956944.8184
955538.160983 1956944.77421
955538.125381 1956944.71892
955538.080953 1956944.66369
955538.045411 1956944.6195
955538.009809 1956944.56422
955537.965441 1956944.52007
955537.929839 1956944.46479
955537.894297 1956944.4206
955537.849929 1956944.37646
955537.814327 1956944.32118
955537.7699 1956944.26594
955537.734357 1956944.22175
955537.698756 1956944.16647
955537.654328 1956944.11123
955537.618786 1956944.06704
955537.574358 1956944.01181
955537.538816 1956943.96762
955537.503214 1956943.91233
955537.458846 1956943.86819
955537.423244 1956943.81291
955537.378816 1956943.75767
955537.343215 1956943.70239
955537.307673 1956943.6582
955537.263245 1956943.60296
955537.218877 1956943.55882
955537.183275 1956943.50354
955537.138907 1956943.4594
955537.103305 1956943.40412
955537.058877 1956943.34888
955537.023276 1956943.2936
955536.978907 1956943.24945
955536.943306 1956943.19417
955536.907763 1956943.14998
955536.863336 1956943.09475
955536.818908 1956943.03951
955536.77454 1956942.99537
955536.738878 1956942.92899
955536.69451 1956942.88485
955536.658908 1956942.82956
955536.623307 1956942.77428
955536.578939 1956942.73014
955536.534511 1956942.6749
955536.490083 1956942.61967
955536.454481 1956942.56438
955536.41888 1956942.5091
955536.383337 1956942.46491
955536.33891 1956942.40968
955536.294482 1956942.35444
955536.25894 1956942.31025
955536.223338 1956942.25497
955536.17891 1956942.19973
955536.143368 1956942.15554
955536.107766 1956942.10026
955536.063338 1956942.04502
955536.01897 1956942.00088
955535.974542 1956941.94565
955535.938941 1956941.89036
955535.903339 1956941.83508
955535.858911 1956941.77984
955535.814543 1956941.7357
955535.778941 1956941.68042
955535.734514 1956941.62518
955535.698912 1956941.5699
955535.654484 1956941.51466
955535.610116 1956941.47052
955535.565688 1956941.41528
955535.530086 1956941.36
955535.494425 1956941.29362
955535.449997 1956941.23839
955535.405569 1956941.18315
955535.352316 1956941.12796
955535.316714 1956941.07268
955535.281112 1956941.01739
955535.236625 1956940.95106
955535.192197 1956940.89583
955535.147769 1956940.84059
955535.103342 1956940.78536
955535.06774 1956940.73007
955535.023312 1956940.67484
955534.978884 1956940.6196
955534.934457 1956940.56436
955534.898855 1956940.50908
955534.863194 1956940.4427
955534.818766 1956940.38747
955534.774338 1956940.33223
955534.72997 1956940.28809
955534.694368 1956940.2328
955534.649881 1956940.16647
955534.605453 1956940.11124
955534.569851 1956940.05595
955534.525423 1956940.00072
955534.480996 1956939.94548
955534.436568 1956939.89025
955534.400906 1956939.82387
955534.365305 1956939.76858
955534.320877 1956939.71335
955534.276449 1956939.65811
955534.232021 1956939.60288
955534.187594 1956939.54764
955534.151992 1956939.49236
955534.107564 1956939.43712
955534.063136 1956939.38188
955534.018649 1956939.31555
955533.974221 1956939.26032
955533.929793 1956939.20508
955533.885366 1956939.14985
955533.840938 1956939.09461
955533.805336 1956939.03933
955533.760849 1956938.973
955533.716421 1956938.91776
955533.663167 1956938.86257
955533.627565 1956938.80729
955533.583138 1956938.75205
955533.53865 1956938.68572
955533.503048 1956938.63044
955533.458621 1956938.5752
955533.414193 1956938.51997
955533.369765 1956938.46473
955533.325278 1956938.3984
955533.28085 1956938.34316
955533.236422 1956938.28793
955533.191994 1956938.23269
955533.156393 1956938.17741
955533.111965 1956938.12217
955533.067537 1956938.06693
955533.02305 1956938.0006
955532.978622 1956937.94537
955532.934194 1956937.89013
955532.889766 1956937.8349
955532.845339 1956937.77966
955532.809737 1956937.72438
955532.756483 1956937.66919
955532.720881 1956937.6139
955532.676394 1956937.54757
955532.631966 1956937.49234
955532.596364 1956937.43705
955532.54317 1956937.39296
955532.498742 1956937.33772
955532.454195 1956937.2603
955532.418593 1956937.20501
955532.374166 1956937.14978
955532.329797 1956937.10564
955532.28537 1956937.0504
955532.249708 1956936.98402
955532.20528 1956936.92879
955532.160853 1956936.87355
955532.116425 1956936.81831
955532.071937 1956936.75198
955532.02751 1956936.69675
955531.991908 1956936.64146
955531.956306 1956936.58618
955531.911878 1956936.53095
955531.876277 1956936.47566
955531.831849 1956936.42043
955531.787361 1956936.35409
955531.742874 1956936.28776
955531.707272 1956936.23248
955531.662844 1956936.17724
955531.618417 1956936.12201
955531.573929 1956936.05568
955531.529501 1956936.00044
955531.485074 1956935.94521
955531.449472 1956935.88992
955531.405044 1956935.83469
955531.360557 1956935.76836
955531.316129 1956935.71312
955531.271641 1956935.64679
955531.23604 1956935.59151
955531.182726 1956935.52522
955531.138298 1956935.46999
955531.102697 1956935.4147
955531.058209 1956935.34837
955531.013781 1956935.29314
955530.960468 1956935.22685
955530.915981 1956935.16052
955530.871493 1956935.09419
955530.827006 1956935.02786
955530.782578 1956934.97262
955530.729265 1956934.90634
955530.684837 1956934.85111
955530.640349 1956934.78477
955530.595862 1956934.71844
955530.551375 1956934.65211
955530.506887 1956934.58578
955530.46246 1956934.53055
955530.418032 1956934.47531
955530.373544 1956934.40898
955530.329057 1956934.34265
955530.28457 1956934.27632
955530.240142 1956934.22108
955530.195654 1956934.15475
955530.142401 1956934.09956
955530.097913 1956934.03323
955530.062252 1956933.96685
955530.017824 1956933.91162
955529.973396 1956933.85638
955529.928968 1956933.80115
955529.884481 1956933.73482
955529.840053 1956933.67958
955529.804392 1956933.6132
955529.751138 1956933.55801
955529.70665 1956933.49168
955529.662223 1956933.43645
955529.626621 1956933.38116
955529.582133 1956933.31483
955529.537765 1956933.27069
955529.493337 1956933.21545
955529.44885 1956933.14912
955529.404422 1956933.09389
955529.36882 1956933.0386
955529.324392 1956932.98337
955529.279964 1956932.92813
955529.235596 1956932.88399
955529.199994 1956932.82871
955529.155566 1956932.77347
955529.119965 1956932.71819
955529.084422 1956932.674
955529.04888 1956932.62981
955529.004512 1956932.58567
955528.960084 1956932.53043
955528.924482 1956932.47515
955528.880054 1956932.41991
955528.844452 1956932.36463
955528.800025 1956932.30939
955528.764482 1956932.2652
955528.72894 1956932.22102
955528.693338 1956932.16573
955528.64897 1956932.12159
955528.613428 1956932.0774
955528.577826 1956932.02212
955528.542283 1956931.97793
955528.506682 1956931.92265
955528.471139 1956931.87846
955528.435538 1956931.82317
955528.391169 1956931.77903
955528.355627 1956931.73484
955528.320025 1956931.67956
955528.284483 1956931.63537
955528.240114 1956931.59123
955528.204513 1956931.53595
955528.168911 1956931.48066
955528.142195 1956931.43643
955528.097826 1956931.39229
955528.062284 1956931.3481
955528.026682 1956931.29281
955527.99114 1956931.24862
955527.955538 1956931.19334
955527.919996 1956931.14915
955527.875627 1956931.10501
955527.840085 1956931.06082
955527.804483 1956931.00554
955527.768881 1956930.95025
955527.733399 1956930.91716
955527.697797 1956930.86188
955527.662254 1956930.81769
955527.626653 1956930.7624
955527.591051 1956930.70712
955527.546682 1956930.66298
955527.51114 1956930.61879
955527.484424 1956930.57455
955527.448822 1956930.51927
955527.404394 1956930.46404
955527.368852 1956930.41985
955527.33325 1956930.36456
955527.288882 1956930.32042
955527.253339 1956930.27623
955527.217738 1956930.22095
955527.182195 1956930.17676
955527.146653 1956930.13257
955527.111051 1956930.07729
955527.066742 1956930.04424
955527.03114 1956929.98896
955527.004365 1956929.93363
955526.968822 1956929.88944
955526.924394 1956929.8342
955526.888852 1956929.79001
955526.844484 1956929.74587
955526.817708 1956929.69054
955526.77334 1956929.6464
955526.737738 1956929.59112
955526.702196 1956929.54693
955526.666594 1956929.49164
955526.622166 1956929.43641
955526.586623 1956929.39222
955526.551081 1956929.34803
955526.515479 1956929.29275
955526.471111 1956929.24861
955526.444395 1956929.20437
955526.399967 1956929.14913
955526.364424 1956929.10494
955526.328823 1956929.04966
955526.29328 1956929.00547
955526.266564 1956928.96124
955526.222196 1956928.91709
955526.177827 1956928.87295
955526.142226 1956928.81767
955526.106683 1956928.77348
955526.071141 1956928.72929
955526.035539 1956928.67401
955525.999997 1956928.62982
955525.964454 1956928.58563
955525.920026 1956928.53039
955525.884484 1956928.48621
955525.848882 1956928.43092
955525.822226 1956928.39778
955525.786683 1956928.35359
955525.751081 1956928.29831
955525.715539 1956928.25412
955525.679997 1956928.20993
955525.644454 1956928.16574
955525.608853 1956928.11046
955525.564425 1956928.05522
955525.528882 1956928.01103
955525.49328 1956927.95575
955525.457738 1956927.91156
955525.422196 1956927.86737
955525.395539 1956927.83423
955525.368823 1956927.78999
955525.333221 1956927.73471
955525.297679 1956927.69052
955525.262077 1956927.63524
955525.226534 1956927.59105
955525.199878 1956927.55791
955525.164335 1956927.51372
955525.128733 1956927.45844
955525.093191 1956927.41425
955525.057708 1956927.38115
955525.022107 1956927.32587
955524.99539 1956927.28163
955524.959848 1956927.23744
955524.924306 1956927.19326
955524.897589 1956927.14902
955524.861987 1956927.09374
955524.835271 1956927.0495
955524.799788 1956927.01641
955524.764246 1956926.97222
955524.746415 1956926.93903
955524.719699 1956926.89479
955524.684216 1956926.8617
955524.6575 1956926.81746
955524.630843 1956926.78432
955524.604186 1956926.75118
955524.586296 1956926.70689
955524.559639 1956926.67375
955524.524157 1956926.64066
955524.506385 1956926.61856
955524.479669 1956926.57433
955524.452953 1956926.53009
955524.435122 1956926.4969
955524.408525 1956926.47486
955524.381868 1956926.44171
955524.355211 1956926.40857
955524.328495 1956926.36434
955524.31955 1956926.34219
955524.301719 1956926.30901
955524.275122 1956926.28696
955524.248465 1956926.25382
955524.230635 1956926.22063
955524.212863 1956926.19853
955524.195033 1956926.16534
955524.177202 1956926.13216
955524.159431 1956926.11006
955524.14166 1956926.08797
955524.123889 1956926.06587
955524.106058 1956926.03268
955524.088287 1956926.01059
955524.070515 1956925.98849
955524.052744 1956925.9664
955524.043799 1956925.94426
955524.017202 1956925.92221
955523.999431 1956925.90012
955523.990486 1956925.87797
955523.981541 1956925.85583
955523.972595 1956925.83369
955523.954884 1956925.82269
955523.937113 1956925.8006
955523.928227 1956925.78955
955523.919341 1956925.7785
955523.901451 1956925.73422
955523.88374 1956925.72322
955523.874794 1956925.70108
955523.865909 1956925.69003
955523.857023 1956925.67898
955523.839252 1956925.65689
955523.830366 1956925.64584
955523.812595 1956925.62375
955523.812536 1956925.61265
955523.80365 1956925.60161
955523.80365 1956925.60161
955523.794824 1956925.60165
955523.80365 1956925.60161
955523.80371 1956925.6127
955523.80371 1956925.6127
955523.803769 1956925.62379
955523.80371 1956925.6127
955523.80371 1956925.6127
955523.812595 1956925.62375
955523.812595 1956925.62375
955523.812595 1956925.62375
955523.812595 1956925.62375
955523.812595 1956925.62375
