935571.913979526 1915930.48647887
935571.8918510899 1915930.4448280206
935571.8697226538 1915930.4031771712
935571.8475942176 1915930.3615263219
935571.8254657815 1915930.3198754725
935571.8033373454 1915930.278224623
935571.7812089092 1915930.2365737737
935571.7590804732 1915930.1949229243
935571.7369520371 1915930.1532720749
935571.714823601 1915930.1116212255
935571.6926951648 1915930.069970376
935571.6705667287 1915930.0283195267
935571.6484382926 1915929.9866686773
935571.6263098564 1915929.945017828
935571.6041814203 1915929.9033669785
935571.569610623 1915929.8382874785
935571.5307328544 1915929.7650980612
935571.4918550858 1915929.6919086436
935571.4529773174 1915929.6187192262
935571.4140995488 1915929.5455298088
935571.3752217803 1915929.4723403913
935571.3363440117 1915929.399150974
935571.2974662432 1915929.3259615565
935571.2585884747 1915929.252772139
935571.2197107062 1915929.1795827216
935571.1808329376 1915929.1063933042
935571.141955169 1915929.0332038866
935571.1030774005 1915928.9600144692
935571.064199632 1915928.8868250519
935571.0442058907 1915928.8491507308
935571.0442070019 1915928.8490806299
935571.0442081131 1915928.8490105288
935571.0442092242 1915928.8489404279
935571.0442103354 1915928.8488703268
935571.0442114465 1915928.8488002259
935571.0442125577 1915928.8487301248
935571.0442136688 1915928.8486600239
935571.04421478 1915928.8485899228
935571.0442158912 1915928.848519822
935571.0442170023 1915928.8484497208
935571.0442181134 1915928.84837962
935571.0442192246 1915928.8483095188
935571.0442203358 1915928.848239418
935571.0402363524 1915928.8407336369
935571.0228026746 1915928.808132436
935571.0053689966 1915928.775531235
935570.9879353188 1915928.742930034
935570.970501641 1915928.710328833
935570.9530679632 1915928.6777276318
935570.9356342854 1915928.6451264308
935570.9182006076 1915928.6125252298
935570.9007669298 1915928.5799240288
935570.883333252 1915928.5473228279
935570.8658995742 1915928.5147216269
935570.8484658964 1915928.482120426
935570.8310322186 1915928.449519225
935570.8135985408 1915928.416918024
935570.796164863 1915928.384316823
935570.7786674044 1915928.3514421487
935570.7611680699 1915928.3185594312
935570.7436687355 1915928.2856767138
935570.726169401 1915928.2527939964
935570.7086700664 1915928.219911279
935570.6911707319 1915928.1870285617
935570.6736713974 1915928.1541458443
935570.656172063 1915928.1212631268
935570.6386727284 1915928.0883804094
935570.6211733939 1915928.055497692
935570.6036740594 1915928.0226149745
935570.5861747249 1915927.989732257
935570.5686753903 1915927.9568495397
935570.5511760559 1915927.9239668222
935570.5107641125 1915927.848349007
935570.4611871255 1915927.7556371528
935570.4116101386 1915927.6629252986
935570.3620331518 1915927.5702134443
935570.3124561649 1915927.47750159
935570.2628791779 1915927.384789736
935570.213302191 1915927.2920778817
935570.1637252041 1915927.1993660275
935570.1141482171 1915927.1066541732
935570.0645712302 1915927.0139423192
935570.0149942433 1915926.921230465
935569.9654172563 1915926.8285186107
935569.9158402694 1915926.7358067564
935569.8662632825 1915926.6430949022
935569.8274268232 1915926.5704590788
935569.8013447406 1915926.521663542
935569.7752626578 1915926.472868005
935569.7491805751 1915926.4240724682
935569.7230984925 1915926.3752769313
935569.6970164097 1915926.3264813945
935569.6709343271 1915926.2776858576
935569.6448522444 1915926.2288903208
935569.6187701616 1915926.180094784
935569.592688079 1915926.131299247
935569.5666059963 1915926.0825037102
935569.5405239136 1915926.0337081733
935569.5144418309 1915925.9849126365
935569.4883597482 1915925.9361170996
935569.465138137 1915925.8926538764
935569.453358412 1915925.8705199088
935569.4415786869 1915925.848385941
935569.4297989618 1915925.8262519734
935569.4180192368 1915925.8041180056
935569.4062395117 1915925.781984038
935569.3944597867 1915925.75985007
935569.3826800616 1915925.7377161025
935569.3709003365 1915925.7155821347
935569.3591206115 1915925.6934481668
935569.3473408864 1915925.6713141992
935569.3355611614 1915925.6491802314
935569.3237814363 1915925.6270462638
935569.3120017112 1915925.604912296
935569.3002219861 1915925.5827783283
935569.2916516974 1915925.5667114435
935569.28327592 1915925.5510122608
935569.2749001425 1915925.5353130782
935569.2665243649 1915925.5196138956
935569.2581485875 1915925.503914713
935569.24977281 1915925.4882155303
935569.2413970325 1915925.4725163477
935569.2330212551 1915925.4568171648
935569.2246454776 1915925.4411179821
935569.2162697001 1915925.4254187995
935569.2078939227 1915925.4097196169
935569.1995181452 1915925.3940204342
935569.1911423678 1915925.3783212516
935569.1827665903 1915925.362622069
935569.1720559152 1915925.3425585318
935569.1602750787 1915925.3204946658
935569.1484942423 1915925.2984307997
935569.1367134058 1915925.2763669337
935569.1249325695 1915925.2543030677
935569.1131517331 1915925.2322392017
935569.1013708966 1915925.2101753356
935569.0895900602 1915925.1881114696
935569.0778092237 1915925.1660476036
935569.0660283873 1915925.1439837376
935569.0542475508 1915925.1219198715
935569.0424667144 1915925.0998560055
935569.0306858779 1915925.0777921395
935569.0189050415 1915925.0557282735
935568.9909258545 1915925.003386699
935568.9413488669 1915924.910674846
935568.8917718793 1915924.8179629932
935568.8421948917 1915924.7252511403
935568.792617904 1915924.6325392877
935568.7430409164 1915924.5398274348
935568.6934639288 1915924.447115582
935568.6438869411 1915924.354403729
935568.5943099535 1915924.2616918765
935568.5447329659 1915924.1689800236
935568.4951559782 1915924.0762681707
935568.4455789906 1915923.9835563179
935568.396002003 1915923.8908444652
935568.3464250154 1915923.7981326124
935568.3029187609 1915923.716768081
935568.2887543835 1915923.6902489366
935568.274590006 1915923.6637297922
935568.2604256286 1915923.6372106478
935568.2462612512 1915923.6106915034
935568.2320968737 1915923.584172359
935568.2179324962 1915923.5576532145
935568.2037681188 1915923.5311340701
935568.1896037413 1915923.504614926
935568.1754393638 1915923.4780957815
935568.1612749863 1915923.451576637
935568.1471106089 1915923.4250574927
935568.1329462314 1915923.3985383483
935568.1187818539 1915923.3720192038
935568.1046174765 1915923.3455000594
935568.0978006494 1915923.3326884466
935568.091672655 1915923.3211619148
935568.0855446606 1915923.309635383
935568.0794166663 1915923.2981088513
935568.0732886719 1915923.2865823195
935568.0671606775 1915923.2750557878
935568.0610326831 1915923.2635292562
935568.0549046888 1915923.2520027244
935568.0487766945 1915923.2404761927
935568.0426487001 1915923.228949661
935568.0365207058 1915923.2174231291
935568.0303927114 1915923.2058965974
935568.024264717 1915923.1943700656
935568.0181367226 1915923.1828435338
935568.0067730129 1915923.1615115106
935567.9926776256 1915923.135063579
935567.9785822382 1915923.1086156473
935567.9644868509 1915923.0821677158
935567.9503914635 1915923.055719784
935567.9362960762 1915923.0292718525
935567.9222006889 1915923.0028239207
935567.9081053014 1915922.976375989
935567.8940099141 1915922.9499280574
935567.8799145268 1915922.9234801256
935567.8658191394 1915922.897032194
935567.8517237521 1915922.8705842623
935567.8376283648 1915922.8441363308
935567.8235329774 1915922.817688399
935567.8140680254 1915922.7999244775
935567.8115487265 1915922.7951865708
935567.8090294275 1915922.7904486645
935567.8065101285 1915922.7857107578
935567.8039908296 1915922.7809728512
935567.8014715307 1915922.7762349448
935567.7989522316 1915922.7714970382
935567.7964329327 1915922.7667591318
935567.7939136338 1915922.7620212252
935567.7913943349 1915922.7572833188
935567.7888750359 1915922.7525454122
935567.7863557369 1915922.7478075058
935567.783836438 1915922.7430695991
935567.781317139 1915922.7383316928
935567.7767842134 1915922.72981551
935567.760169527 1915922.698629672
935567.7435548406 1915922.6674438338
935567.7269401542 1915922.6362579956
935567.7103254679 1915922.6050721575
935567.6937107815 1915922.5738863193
935567.6770960952 1915922.5427004811
935567.6604814088 1915922.511514643
935567.6438667225 1915922.4803288048
935567.6272520361 1915922.4491429667
935567.6106373498 1915922.4179571285
935567.5940226634 1915922.3867712903
935567.5774079771 1915922.3555854522
935567.5607932907 1915922.324399614
935567.5441786044 1915922.2932137758
935567.4983066466 1915922.2075324834
935567.4486595569 1915922.1148195197
935567.3990124674 1915922.0221065558
935567.3493653777 1915921.929393592
935567.2997182881 1915921.8366806281
935567.2500711984 1915921.7439676644
935567.2004241089 1915921.6512547005
935567.1507770192 1915921.5585417368
935567.1011299297 1915921.4658287729
935567.05148284 1915921.3731158092
935567.0018357504 1915921.2804028452
935566.9521886607 1915921.1876898815
935566.9025415712 1915921.0949769176
935566.8528944815 1915921.002263954
935566.833684037 1915920.966361035
935566.8324588827 1915920.964027688
935566.8312337284 1915920.9616943412
935566.8300085741 1915920.9593609942
935566.8287834198 1915920.9570276474
935566.8275582655 1915920.9546943004
935566.8263331112 1915920.9523609534
935566.8251079569 1915920.9500276067
935566.8238828025 1915920.9476942597
935566.8226576482 1915920.9453609127
935566.821432494 1915920.943027566
935566.8202073396 1915920.940694219
935566.8189821853 1915920.9383608722
935566.8177570311 1915920.9360275252
935566.8099052374 1915920.921270233
935566.7908391309 1915920.8854878028
935566.7717730243 1915920.8497053725
935566.7527069178 1915920.8139229424
935566.7336408114 1915920.778140512
935566.7145747049 1915920.7423580817
935566.6955085983 1915920.7065756514
935566.6764424918 1915920.6707932213
935566.6573763854 1915920.635010791
935566.6383102789 1915920.5992283607
935566.6192441724 1915920.5634459304
935566.600178066 1915920.5276635003
935566.5811119594 1915920.49188107
935566.5620458529 1915920.4560986396
935566.5443571581 1915920.4229023948
935566.5373434039 1915920.409749086
935566.5303296497 1915920.3965957775
935566.5233158955 1915920.383442469
935566.5163021411 1915920.3702891602
935566.5092883869 1915920.3571358516
935566.5022746327 1915920.343982543
935566.4952608785 1915920.3308292343
935566.4882471242 1915920.3176759258
935566.48123337 1915920.3045226173
935566.4742196158 1915920.2913693085
935566.4672058616 1915920.278216
935566.4601921074 1915920.2650626914
935566.4531783531 1915920.2519093826
935566.4461645989 1915920.238756074
935566.4336054631 1915920.2152374233
935566.420122097 1915920.1899912157
935566.406638731 1915920.1647450079
935566.393155365 1915920.1394988003
935566.3796719989 1915920.1142525924
935566.3661886329 1915920.0890063848
935566.3527052668 1915920.063760177
935566.3392219008 1915920.0385139694
935566.3257385347 1915920.0132677616
935566.3122551687 1915919.988021554
935566.2987718026 1915919.9627753461
935566.2852884366 1915919.9375291385
935566.2718050705 1915919.9122829307
935566.2583217045 1915919.887036723
935566.2487194388 1915919.8690883159
935566.2417045733 1915919.856005109
935566.2346897079 1915919.842921902
935566.2276748423 1915919.829838695
935566.2206599769 1915919.816755488
935566.2136451114 1915919.803672281
935566.206630246 1915919.7905890744
935566.1996153805 1915919.7775058674
935566.1926005151 1915919.7644226605
935566.1855856496 1915919.7513394535
935566.178570784 1915919.7382562466
935566.1715559186 1915919.7251730396
935566.1645410531 1915919.7120898329
935566.1575261877 1915919.699006626
935566.1359185942 1915919.6586221692
935566.0863416053 1915919.565910317
935566.0367646165 1915919.473198465
935565.9871876276 1915919.380486613
935565.9376106387 1915919.2877747607
935565.8880336498 1915919.1950629086
935565.8384566609 1915919.1023510566
935565.7888796721 1915919.0096392045
935565.7393026832 1915918.9169273523
935565.6897256942 1915918.8242155001
935565.6401487053 1915918.7315036482
935565.5905717165 1915918.638791796
935565.5409947276 1915918.546079944
935565.4914177387 1915918.453368092
935565.4438605123 1915918.3644265993
935565.4178474192 1915918.3157022768
935565.391834326 1915918.266977954
935565.3658212327 1915918.2182536311
935565.3398081395 1915918.1695293083
935565.3137950463 1915918.1208049858
935565.2877819531 1915918.072080663
935565.2617688599 1915918.0233563401
935565.2357557666 1915917.9746320175
935565.2097426734 1915917.9259076947
935565.1837295803 1915917.877183372
935565.1577164871 1915917.8284590493
935565.1317033939 1915917.7797347265
935565.1056903006 1915917.7310104037
935565.0796772074 1915917.6822860811
935565.0581238479 1915917.641766253
935565.0374931919 1915917.6029439063
935565.0168625358 1915917.56412156
935564.9962318798 1915917.5252992134
935564.9756012239 1915917.486476867
935564.9549705678 1915917.4476545204
935564.9343399118 1915917.408832174
935564.9137092558 1915917.3700098274
935564.8930785998 1915917.3311874808
935564.8724479438 1915917.2923651345
935564.8518172877 1915917.2535427879
935564.8311866318 1915917.2147204415
935564.8105559758 1915917.175898095
935564.7899253197 1915917.1370757485
935564.752713844 1915917.0674587646
935564.7030667533 1915916.974745803
935564.6534196627 1915916.8820328412
935564.6037725722 1915916.7893198796
935564.5541254816 1915916.6966069178
935564.504478391 1915916.6038939562
935564.4548313004 1915916.5111809943
935564.4051842098 1915916.4184680327
935564.3555371192 1915916.325755071
935564.3058900286 1915916.2330421093
935564.256242938 1915916.1403291475
935564.2065958475 1915916.0476161859
935564.1569487569 1915915.954903224
935564.1073016663 1915915.8621902624
935564.067479425 1915915.7877918512
935564.0490932186 1915915.7533524593
935564.0307070124 1915915.7189130674
935564.012320806 1915915.6844736754
935563.9939345998 1915915.6500342835
935563.9755483934 1915915.6155948916
935563.9571621871 1915915.5811555
935563.9387759808 1915915.546716108
935563.9203897745 1915915.512276716
935563.9020035681 1915915.4778373241
935563.8836173619 1915915.4433979322
935563.8652311555 1915915.4089585403
935563.8468449492 1915915.3745191484
935563.8284587429 1915915.3400797565
935563.8100765424 1915915.305640428
935563.7917604374 1915915.271202148
935563.7734443324 1915915.2367638678
935563.7551282275 1915915.2023255876
935563.7368121225 1915915.1678873075
935563.7184960176 1915915.1334490273
935563.7001799126 1915915.0990107472
935563.6818638077 1915915.064572467
935563.6635477027 1915915.0301341868
935563.6452315977 1915914.9956959067
935563.6269154928 1915914.9612576265
935563.6085993878 1915914.9268193464
935563.5902832829 1915914.8923810662
935563.5719671779 1915914.857942786
935563.553651073 1915914.823504506
935563.5480258268 1915914.812995657
935563.5455732954 1915914.808469166
935563.543120764 1915914.803942675
935563.5406682325 1915914.799416184
935563.5382157011 1915914.794889693
935563.5357631696 1915914.7903632016
935563.5333106383 1915914.7858367106
935563.5308581068 1915914.7813102196
935563.5284055753 1915914.7767837285
935563.525953044 1915914.7722572375
935563.5235005125 1915914.7677307464
935563.521047981 1915914.7632042554
935563.5185954496 1915914.758677764
935563.5161429181 1915914.754151273
935563.5051155811 1915914.7334636669
935563.486867355 1915914.6991667005
935563.4686191288 1915914.6648697339
935563.4503709027 1915914.6305727675
935563.4321226765 1915914.596275801
935563.4138744504 1915914.5619788347
935563.3956262242 1915914.5276818683
935563.3773779981 1915914.4933849017
935563.3591297719 1915914.4590879353
935563.3408815458 1915914.424790969
935563.3226333197 1915914.3904940025
935563.3043850935 1915914.356197036
935563.2861368674 1915914.3219000695
935563.2678886412 1915914.287603103
935563.2406693108 1915914.2366158525
935563.1910222194 1915914.1439028915
935563.1413751281 1915914.0511899304
935563.0917280366 1915913.9584769695
935563.0420809453 1915913.8657640086
935562.9924338539 1915913.7730510475
935562.9427867626 1915913.6803380866
935562.8931396712 1915913.5876251254
935562.8434925799 1915913.4949121645
935562.7938454885 1915913.4021992034
935562.7441983972 1915913.3094862425
935562.6945513057 1915913.2167732813
935562.6449042144 1915913.1240603204
935562.5952571231 1915913.0313473593
935562.5462016406 1915912.9397336256
935562.5172608629 1915912.885493615
935562.4883200851 1915912.8312536043
935562.4593793073 1915912.7770135936
935562.4304385296 1915912.722773583
935562.4014977518 1915912.6685335725
935562.3725569741 1915912.6142935618
935562.3436161963 1915912.560053551
935562.3146754185 1915912.5058135404
935562.2857346408 1915912.45157353
935562.256793863 1915912.3973335193
935562.2278530853 1915912.3430935086
935562.1989123074 1915912.288853498
935562.1699715296 1915912.2346134875
935562.1410307519 1915912.1803734768
935562.1332602856 1915912.1657937737
935562.1317625041 1915912.162965273
935562.1302647227 1915912.160136772
935562.1287669413 1915912.1573082714
935562.1272691598 1915912.1544797705
935562.1257713784 1915912.1516512698
935562.1242735969 1915912.1488227688
935562.1227758154 1915912.1459942681
935562.121278034 1915912.1431657672
935562.1197802526 1915912.1403372665
935562.1182824711 1915912.1375087656
935562.1167846897 1915912.1346802649
935562.1152869082 1915912.131851764
935562.1137891269 1915912.1290232632
935562.1130267238 1915912.127576744
935562.112958845 1915912.1274354295
935562.1128909662 1915912.127294115
935562.1128230874 1915912.1271528008
935562.1127552086 1915912.1270114863
935562.1126873298 1915912.1268701719
935562.1126194509 1915912.1267288574
935562.1125515722 1915912.126587543
935562.1124836933 1915912.1264462285
935562.1124158145 1915912.1263049142
935562.1123479357 1915912.1261635998
935562.1122800568 1915912.1260222853
935562.1122121781 1915912.1258809709
935562.1121442992 1915912.1257396564
935562.105431702 1915912.1136829741
935562.0795232519 1915912.0672041182
935562.0536148016 1915912.0207252621
935562.0277063514 1915911.9742464062
935562.0017979011 1915911.92776755
935561.975889451 1915911.8812886942
935561.9499810007 1915911.834809838
935561.9240725505 1915911.7883309822
935561.8981641002 1915911.741852126
935561.8722556501 1915911.6953732702
935561.8463471999 1915911.648894414
935561.8204387496 1915911.6024155582
935561.7945302994 1915911.555936702
935561.7686218492 1915911.5094578462
935561.742713399 1915911.46297899
