935494.678429921 1915766.51365723
935494.8196961494 1915767.1552746121
935494.966595745 1915767.8735614438
935495.1203604549 1915768.6565533413
935495.2822220272 1915769.492285923
935495.4534122089 1915770.3687948044
935495.6351627475 1915771.2741156034
935495.8287053906 1915772.196283937
935496.035542931 1915773.1236874417
935496.2611171759 1915774.0498295433
935496.5138436267 1915774.9720757476
935496.8022109712 1915775.887886611
935497.1307611434 1915776.793948427
935497.4833994147 1915777.6828990444
935497.8373085603 1915778.5460575107
935498.1697327173 1915779.3747664888
935498.4694166403 1915780.1646723591
935498.749723888 1915780.920634257
935499.0271935783 1915781.6486996633
935499.3180472669 1915782.355453316
935499.6318005549 1915783.0588252132
935499.9715793764 1915783.7875555102
935500.340255409 1915784.570814519
935500.7357925957 1915785.4243058357
935501.1223641625 1915786.271012035
935501.4499171783 1915786.9948794146
935501.668392873 1915787.4798163478
935501.7588429034 1915787.6795283118
935501.7880393681 1915787.7400369747
935501.8373915777 1915787.8402029935
935501.9867126684 1915788.1553898905
935502.2633881714 1915788.746094954
935502.631795061 1915789.534766909
935503.052575501 1915790.4356717013
935503.4861028817 1915791.3626794973
935503.8902764898 1915792.226017252
935504.2216622378 1915792.9339484768
935504.4368142367 1915793.394719981
935504.5169059098 1915793.5676764443
935504.5312468787 1915793.5950909697
935504.5688619574 1915793.6601559315
935504.7178368518 1915793.9441507077
935505.012802948 1915794.5194662914
935505.407158965 1915795.2930197942
935505.8475020088 1915796.1578731956
935506.2823464092 1915797.010968742
935506.6843923314 1915797.7981983677
935507.0428950089 1915798.4989597914
935507.3474316621 1915799.0933023999
935507.5959600006 1915799.5775582697
935507.8256111426 1915800.0241705826
935508.08495279 1915800.5278029826
935508.4221854502 1915801.1824062571
935508.8417213799 1915801.996922581
935509.2633608216 1915802.816032031
935509.5972425612 1915803.465658348
935509.7593272859 1915803.7829222525
935509.7700904971 1915803.8059526733
935509.7404102139 1915803.7467452646
935509.7841452701 1915803.8230285347
935509.9965433654 1915804.2171584482
935510.3587495608 1915804.8946261257
935510.8086887673 1915805.7387779558
935511.284235085 1915806.6328608838
935511.734395129 1915807.4802489833
935512.1357541829 1915808.2341774204
935512.4690945012 1915808.8554693125
935512.7158447794 1915809.306311114
935512.8749158911 1915809.5857590006
935512.9642896632 1915809.7330895788
935513.0029128727 1915809.7896145247
935513.0096911186 1915809.7957382544
935513.0031949602 1915809.7844832642
935513.0018318697 1915809.785278763
935513.0240066228 1915809.8275274127
935513.0832358411 1915809.932963528
935513.1773608167 1915810.098730573
935513.3010870933 1915810.3170527718
935513.4490731164 1915810.580040136
935513.6138810058 1915810.8747191126
935513.7851853567 1915811.1811139402
935513.9524503232 1915811.4787385392
935514.1058713373 1915811.7487231249
935514.2437036406 1915811.9900119589
935514.3692001934 1915812.2125954225
935514.4856886222 1915812.4266289244
935514.5963303254 1915812.6403114675
935514.7035915637 1915812.8536607253
935514.8097569188 1915813.0645561118
935514.9171361635 1915813.2709698963
935515.0301755996 1915813.4787499274
935515.1570535054 1915813.7075007027
935515.306323901 1915813.9782117622
935515.4854929346 1915814.309616187
935515.6859181017 1915814.685672974
935515.8862811172 1915815.063045425
935516.0649231886 1915815.3976636045
935516.2043184803 1915815.6539067493
935516.309549681 1915815.8423736345
935516.3933911421 1915815.989387419
935516.4685936277 1915816.1212243275
935516.5415504006 1915816.2514363849
935516.6044702935 1915816.3651862412
935516.6476428945 1915816.4437952773
935516.6621000378 1915816.469977437
935516.6556519666 1915816.4579254014
935516.6527260019 1915816.453007905
935516.678459446 1915816.5019257101
935516.7539299568 1915816.6438213217
935516.8709153596 1915816.8632867218
935517.0083315114 1915817.1209674384
935517.1450442965 1915817.3774160878
935517.2650234082 1915817.6028155056
935517.3669196765 1915817.7950499032
935517.4520075762 1915817.956953967
935517.521588991 1915818.0913895243
935517.5779436512 1915818.2021867598
935517.6245730396 1915818.294385751
935517.6650555871 1915818.373102777
935517.7036713018 1915818.444980213
935517.7514928394 1915818.5314360433
935517.823404273 1915818.6621789867
935517.9343317754 1915818.867009354
935518.0913256024 1915819.1603124107
935518.2719629849 1915819.4987876809
935518.4469282294 1915819.8256435913
935518.5871696925 1915820.0846110876
935518.6803577078 1915820.2525115667
935518.7406001308 1915820.358482578
935518.7843407063 1915820.43628407
935518.8275695747 1915820.5185670303
935518.8802264733 1915820.623190582
935518.9479437873 1915820.7574833462
935519.0362615741 1915820.9285482247
935519.1482099296 1915821.1394672259
935519.2745499588 1915821.3736677573
935519.4022997777 1915821.6085810564
935519.5185483749 1915821.8217652165
935519.6203010691 1915822.0085041183
935519.724521987 1915822.1997587122
935519.8505691814 1915822.430769171
935520.0162915651 1915822.7340215307
935520.2106645333 1915823.0893084218
935520.3967025257 1915823.429044419
935520.5364954206 1915823.6839567984
935520.600350761 1915823.7998480597
935520.6113366089 1915823.8193093592
935520.6133730978 1915823.8231847722
935520.6503884761 1915823.8923327026
935520.7463507426 1915824.0707373214
935520.873641448 1915824.3070828468
935520.996419479 1915824.534863083
935521.0797575812 1915824.689272318
935521.1153880788 1915824.7551122413
935521.1252733445 1915824.7734357698
935521.1330072422 1915824.7883316572
935521.160351586 1915824.8404178538
935521.2134147028 1915824.9406569218
935521.2903672175 1915825.0849735173
935521.3893173225 1915825.2691741246
935521.5061475856 1915825.4854373229
935521.6292832335 1915825.7137857778
935521.7455893684 1915825.9316990555
935521.8420827981 1915826.1169064927
935521.9132063458 1915826.2593636417
935521.9640406027 1915826.366540115
935522.0004863429 1915826.447255876
935522.0284333224 1915826.5103981604
935522.0536432008 1915826.565636236
935522.0817949945 1915826.6231439083
935522.1185663436 1915826.6931033907
935522.1687922733 1915826.7844658268
935522.2336238709 1915826.9008000803
935522.3132057148 1915827.0442044896
935522.4076477922 1915827.216704592
935522.5137259406 1915827.4133070617
935522.622153066 1915827.6162552333
935522.7229997932 1915827.80644035
935522.8069976694 1915827.9659941345
935522.8756932967 1915828.097347035
935522.9394591417 1915828.2194947223
935523.0089255939 1915828.3519169602
935523.0940846297 1915828.5130070373
935523.2012737305 1915828.7149388837
935523.3355322415 1915828.9676772112
935523.5018673511 1915829.281125577
935523.697385791 1915829.650082197
935523.9008174278 1915830.0342094973
935524.0882850853 1915830.3881853493
935524.2366271272 1915830.668047028
935524.3400308852 1915830.8627919052
935524.4105429021 1915830.9953468295
935524.4610273389 1915831.0901919806
935524.5040637217 1915831.1712357004
935524.5500771888 1915831.258058092
935524.6085070481 1915831.3682586928
935524.6887842531 1915831.5194207556
935524.7955522158 1915831.720245244
935524.9190736717 1915831.9527527613
935525.0469223873 1915832.193975087
935525.1668331044 1915832.4212313152
935525.2727984875 1915832.6230099068
935525.3669404653 1915832.8023087296
935525.451924258 1915832.9630953358
935525.530358441 1915833.1093603638
935525.604274315 1915833.245329707
935525.6753660074 1915833.3753666657
935525.7453234174 1915833.5038362625
935525.8156049694 1915833.634357589
935525.8867635349 1915833.7676315787
935525.9591305724 1915833.9036456589
935526.0330231447 1915834.0423645107
935526.1077384038 1915834.182141373
935526.1808956492 1915834.3186784978
935526.2499578856 1915834.4474311958
935526.3124598815 1915834.5639836907
935526.366949643 1915834.665740364
935526.4127253091 1915834.7514531177
935526.4491026666 1915834.8199055553
935526.4763897698 1915834.8717175103
935526.4999675761 1915834.9168964082
935526.5268339266 1915834.9684417802
935526.56395626 1915835.0392964922
935526.6132529109 1915835.1329943999
935526.6660542538 1915835.233338684
935526.712357452 1915835.3216480832
935526.7428055475 1915835.380441522
935526.761233389 1915835.4167511966
935526.783804773 1915835.4605191925
935526.8271565555 1915835.542566645
935526.9043762186 1915835.687142689
935527.0046782361 1915835.8742933508
935527.1074352252 1915836.0658415353
935527.1920047898 1915836.223582362
935527.2473389526 1915836.3270833783
935527.2882657725 1915836.4038441598
935527.3339318779 1915836.489363877
935527.4029627093 1915836.618175889
935527.4975398236 1915836.794341403
935527.600461847 1915836.986003134
935527.6934134216 1915837.1592394717
935527.7603594445 1915837.2843443118
935527.8057366534 1915837.369457835
935527.8447936133 1915837.44270804
935527.8928763111 1915837.5324030344
935527.9608570368 1915837.6586333723
935528.043942582 1915837.812714286
935528.1339127538 1915837.9796661157
935528.222651313 1915838.1446994867
935528.3076623519 1915838.3033127668
935528.3948241555 1915838.46633288
935528.4906973371 1915838.6458357198
935528.6008409904 1915838.8520392592
935528.7185225944 1915839.0723593163
935528.8287601211 1915839.278908058
935528.9164189609 1915839.443514599
935528.972371737 1915839.5491919604
935529.014951463 1915839.6300772845
935529.0703331883 1915839.7349075496
935529.1645256194 1915839.9121097843
935529.3050748908 1915840.1757094702
935529.464568861 1915840.474593888
935529.6117015622 1915840.7503949045
935529.7166866715 1915840.9475706068
935529.7761791297 1915841.059754324
935529.8092658365 1915841.122298152
935529.8357446702 1915841.1718764608
935529.8726899121 1915841.240140932
935529.9208565751 1915841.328648267
935529.9749487488 1915841.4277964332
935530.0296654744 1915841.5279741231
935530.0812647591 1915841.622456773
935530.1297861332 1915841.711522077
935530.1758313545 1915841.7964888064
935530.2202947086 1915841.879214351
935530.2716944043 1915841.9755936288
935530.3467061435 1915842.116541522
935530.4624050247 1915842.3337083021
935530.6318476713 1915842.651266536
935530.8361772251 1915843.0340031902
935531.0413181724 1915843.4183858857
935531.2131062784 1915843.7407171358
935531.3290553278 1915843.9590033013
935531.403318371 1915844.0993455998
935531.4572151591 1915844.2011647148
935531.5119338762 1915844.3036445545
935531.5830702025 1915844.4359044589
935531.6786657833 1915844.61346912
935531.8062272378 1915844.8509003723
935531.9717752364 1915845.1599533374
935532.1653784959 1915845.5222525713
935532.3674090762 1915845.9011072668
935532.5581021679 1915846.2595680961
935532.7235141558 1915846.5714963833
935532.8735094463 1915846.854967796
935533.0240381893 1915847.1393599566
935533.1909201035 1915847.453809698
935533.3795740701 1915847.8082528205
935533.5776116733 1915848.1797509969
935533.7708971406 1915848.542140097
935533.9457864148 1915848.87015224
935534.0959929684 1915849.1519301138
935534.2208941141 1915849.3859398868
935534.3200128581 1915849.5709132836
935534.3955438107 1915849.7107155013
935534.4639693873 1915849.8366656832
935534.5465286276 1915849.9892227992
935534.6644080776 1915850.2087457639
935534.8280233432 1915850.5150537603
935535.0242517355 1915850.8830794243
935535.236860724 1915851.281825056
935535.4495501964 1915851.6801841005
935535.644543828 1915852.0446722691
935535.8026312581 1915852.3394954728
935535.9045429806 1915852.5287643569
935535.9365204406 1915852.5869445107
935535.9236513857 1915852.561492786
935535.9077241044 1915852.531245947
935535.9305750858 1915852.5751310328
935536.0202424523 1915852.7459030543
935536.1659193364 1915853.0226378583
935536.3500129419 1915853.3715400929
935536.5549568 1915853.7588680869
935536.7640853554 1915854.152717084
935536.9618370158 1915854.5234332508
935537.132717653 1915854.8415003112
935537.2628524172 1915855.080626288
935537.3536519511 1915855.2449556256
935537.4149327548 1915855.3553704827
935537.4565985246 1915855.4329266106
935537.490654147 1915855.5016443066
935537.5367951023 1915855.5963944257
935537.6164759134 1915855.7545296357
935537.7507959633 1915856.012759797
935537.9395462056 1915856.3692263796
935538.1494895311 1915856.7622898496
935538.3445477063 1915857.125168222
935538.4909722201 1915857.3954337141
935538.5852310292 1915857.5671325154
935538.6448856062 1915857.6737341718
935538.6879283446 1915857.749513611
935538.7321193541 1915857.8281913577
935538.7941084402 1915857.9408379123
935538.8902140409 1915858.1177328809
935539.036622427 1915858.3889127956
935539.232617539 1915858.753332292
935539.4441512085 1915859.1486511983
935539.6332741488 1915859.5053555288
935539.7639820197 1915859.7574188923
935539.8363085625 1915859.9034368119
935539.882069143 1915859.998994234
935539.9341685639 1915860.101629636
935540.0213656 1915860.2619505858
935540.1464081305 1915860.4870822788
935540.3019796874 1915860.7673253575
935540.4807394856 1915861.0929362844
935540.6743286592 1915861.4510370388
935540.8718123654 1915861.8208186433
935541.0618545418 1915862.1802368395
935541.2332590468 1915862.5074939243
935541.3787585902 1915862.7877152478
935541.4954555122 1915863.0137259122
935541.5806805415 1915863.178753463
935541.6342561189 1915863.280939167
935541.6767787742 1915863.3593913172
935541.73916643 1915863.4735722563
935541.852408027 1915863.683084654
935542.032344942 1915864.0188008219
935542.2451669708 1915864.4174190047
935542.4469063048 1915864.796371537
935542.594247796 1915865.074306723
935542.6743248593 1915865.226601511
935542.7170410474 1915865.3083177877
935542.7555064328 1915865.380491501
935542.8209369597 1915865.5007330666
935542.9231108805 1915865.687882864
935543.0582469106 1915865.9362588618
935543.2223496523 1915866.2397918063
935543.4097989912 1915866.5890625354
935543.6080277909 1915866.9603282132
935543.8026124992 1915867.3260183693
935543.9791869734 1915867.658672705
935544.1285742401 1915867.9407896816
935544.2508453827 1915868.1726161023
935544.3470266663 1915868.3562319009
935544.4188825323 1915868.49507875
935544.4798977466 1915868.614219193
935544.5529376114 1915868.7560203588
935544.6611303604 1915868.963334415
935544.8217299767 1915869.267938551
935545.0191198781 1915869.639637661
935545.2262562283 1915870.0266923432
935545.4161229212 1915870.3774202792
935545.5708552672 1915870.658514063
935545.6934357015 1915870.8785247242
935545.7897351348 1915871.0518029947
935545.8655090516 1915871.1923444325
935545.9238113629 1915871.305831705
935545.9649681798 1915871.3895538878
935545.9891849394 1915871.4404287373
935545.9989340546 1915871.4601010724
935546.0134423001 1915871.485151656
935546.0594458068 1915871.5678196463
935546.1637033937 1915871.7603936086
935546.337676711 1915872.0857833815
935546.5478636042 1915872.48054431
935546.7525422965 1915872.865445681
935546.9107393686 1915873.1626750715
935547.0093398393 1915873.3472175747
935547.0707197306 1915873.4613210908
935547.1195580459 1915873.5515981484
935547.1795303763 1915873.6627713027
935547.2643461355 1915873.820791374
935547.3820091739 1915874.0408625037
935547.5404560434 1915874.338062071
935547.7401491541 1915874.7132484429
935547.9529536603 1915875.1128757792
935548.1438962308 1915875.4703885147
935548.2783628759 1915875.7199216175
935548.3457917541 1915875.841830077
935548.3744098634 1915875.8910077985
935548.3959635731 1915875.9291117173
935548.4409180136 1915876.0152238559
935548.5221581087 1915876.1730952107
935548.6398056544 1915876.4008266546
935548.7936956966 1915876.695942779
935548.9803634575 1915877.050089298
935549.1798486259 1915877.4255239347
935549.3670469665 1915877.7753401373
935549.5169379276 1915878.0527904846
935549.6172682813 1915878.235375308
935549.6820135288 1915878.3504086442
935549.7283727579 1915878.4313267802
935549.773018636 1915878.51054115
935549.8222198215 1915878.600208365
935549.8727077082 1915878.6939176132
935549.9208610291 1915878.7845715142
935549.9648609376 1915878.8684812011
935550.0147324473 1915878.9643554557
935550.085281512 1915879.0999441831
935550.1913092282 1915879.302987934
935550.338020649 1915879.5829907076
935550.5052869493 1915879.901311393
935550.6688471285 1915880.211455993
935550.8049154457 1915880.4678507745
935550.9041198845 1915880.6528318473
935550.9737522117 1915880.7810020342
935551.0220324333 1915880.868761547
935551.057015638 1915880.9321871705
935551.0853126055 1915880.9845232314
935551.1127866599 1915881.0375482077
935551.1452948521 1915881.1030281794
935551.1888445079 1915881.1922389967
935551.2499576863 1915881.3147773405
935551.3352665635 1915881.4798806584
935551.4512139654 1915881.696481112
935551.5945071673 1915881.9578144213
935551.7476304627 1915882.234184862
935551.8919406822 1915882.4940789253
935552.0099704652 1915882.7079432348
935552.0982953086 1915882.8696345938
935552.1627314674 1915882.9884146308
935552.2092575412 1915883.073815614
935552.2456361112 1915883.13894305
935552.2876049912 1915883.2128765057
935552.3531297372 1915883.3291576258
935552.4600362107 1915883.5210706003
935552.6117272135 1915883.7953167334
935552.7848432673 1915884.1092722446
935552.9531175648 1915884.414954906
935553.0913715954 1915884.6664103323
935553.1927870875 1915884.8518950827
935553.2658227953 1915884.9881316598
935553.3194025866 1915885.0927092205
935553.3627470396 1915885.1829701937
935553.4068143718 1915885.2748120942
935553.4631934394 1915885.383608035
935553.5434488589 1915885.524697259
935553.6519395094 1915885.7039177988
935553.7759088203 1915885.9045399062
935553.900114389 1915886.1065561092
935554.0097474129 1915886.2905363261
935554.1008957245 1915886.4515606698
935554.1810831771 1915886.5999377007
935554.2583751795 1915886.746697127
935554.3398834396 1915886.9014399233
935554.4253260136 1915887.0626906783
935554.5109670309 1915887.2237996736
935554.5930512432 1915887.37808817
935554.668101368 1915887.5193120956
935554.73349342 1915887.6425617118
935554.7867666068 1915887.7431824722
935554.8255394992 1915887.8166672594
935554.850655375 1915887.8644993838
935554.8672290184 1915887.896097184
935554.8806691387 1915887.921425015
935554.8963844462 1915887.9504472315
935554.9197836497 1915887.9931281884
935554.9562754596 1915888.0594322395
935555.011268585 1915888.15932374
