935589.54620753 1915963.43305567
935589.5094033031 1915963.3642885615
935589.4725990762 1915963.295521453
935589.4357948494 1915963.2267543445
935589.3989906226 1915963.157987236
935589.3621863957 1915963.0892201276
935589.3253821689 1915963.020453019
935589.2885779421 1915962.9516859106
935589.2517737153 1915962.882918802
935589.2149694883 1915962.8141516936
935589.1781652615 1915962.745384585
935589.1413610347 1915962.6766174766
935589.1045568078 1915962.6078503681
935589.067752581 1915962.5390832596
935589.0309483542 1915962.4703161514
935588.9941441272 1915962.401549043
935588.9573399004 1915962.3327819344
935588.9205356736 1915962.264014826
935588.8837314468 1915962.1952477174
935588.8469272199 1915962.126480609
935588.8101229931 1915962.0577135005
935588.7733187663 1915961.988946392
935588.7365145393 1915961.9201792835
935588.6997103125 1915961.851412175
935588.6629060857 1915961.7826450665
935588.6261018588 1915961.713877958
935588.589297632 1915961.6451108495
935588.5524934052 1915961.576343741
935588.5156891783 1915961.5075766325
935588.4788849514 1915961.438809524
935588.4420807246 1915961.3700424156
935588.4052764978 1915961.301275307
935588.3684722709 1915961.2325081986
935588.3316680441 1915961.16374109
935588.2948638173 1915961.0949739816
935588.2580595904 1915961.0262068731
935588.2212553635 1915960.9574397646
935588.1844511367 1915960.8886726561
935588.1476469098 1915960.8199055477
935588.1108584519 1915960.7511547168
935588.0740798495 1915960.6824140593
935588.0373012472 1915960.6136734018
935588.0005226448 1915960.5449327442
935587.9637440424 1915960.4761920867
935587.9269654402 1915960.4074514292
935587.8901868378 1915960.3387107716
935587.8534082354 1915960.269970114
935587.8166296331 1915960.2012294566
935587.7798510307 1915960.1324887993
935587.7430724283 1915960.0637481418
935587.706293826 1915959.9950074842
935587.6695152236 1915959.9262668267
935587.6327366212 1915959.8575261692
935587.5959580189 1915959.7887855116
935587.5591794165 1915959.720044854
935587.5224008141 1915959.6513041966
935587.4856222118 1915959.582563539
935587.4488436094 1915959.5138228815
935587.412065007 1915959.445082224
935587.3752864047 1915959.3763415664
935587.3385078023 1915959.307600909
935587.3017292 1915959.2388602516
935587.2649505977 1915959.170119594
935587.2281719953 1915959.1013789366
935587.1913933929 1915959.032638279
935587.1546147906 1915958.9638976215
935587.1178361882 1915958.895156964
935587.0810575858 1915958.8264163064
935587.0442789835 1915958.757675649
935587.0075003811 1915958.6889349914
935586.9707217787 1915958.6201943338
935586.9339431764 1915958.5514536763
935586.897164574 1915958.4827130188
935586.8603859716 1915958.4139723612
935586.8236073693 1915958.3452317037
935586.7868287669 1915958.2764910464
935586.7500501645 1915958.207750389
935586.7132656487 1915958.1390036275
935586.6764614211 1915958.0702365204
935586.6396571933 1915958.0014694133
935586.6028529657 1915957.932702306
935586.5660487381 1915957.8639351989
935586.5292445105 1915957.7951680915
935586.4924402827 1915957.7264009845
935586.4556360551 1915957.6576338774
935586.4188318275 1915957.58886677
935586.3820275998 1915957.520099663
935586.3452233721 1915957.4513325559
935586.3084191445 1915957.3825654485
935586.2716149169 1915957.3137983414
935586.2348106892 1915957.2450312343
935586.1980064615 1915957.176264127
935586.1612022339 1915957.10749702
935586.1243980062 1915957.0387299126
935586.0875937786 1915956.9699628055
935586.0507895509 1915956.9011956984
935586.0139853233 1915956.832428591
935585.9771810956 1915956.763661484
935585.9403768679 1915956.694894377
935585.9035726403 1915956.6261272696
935585.8667684126 1915956.5573601625
935585.829964185 1915956.4885930554
935585.7931599573 1915956.419825948
935585.7563557297 1915956.351058841
935585.719551502 1915956.2822917337
935585.6827472744 1915956.2135246266
935585.6459430467 1915956.1447575195
935585.609138819 1915956.0759904122
935585.5723345914 1915956.007223305
935585.5355303638 1915955.938456198
935585.498726136 1915955.8696890906
935585.4619219084 1915955.8009219836
935585.4251176808 1915955.7321548765
935585.3883134532 1915955.6633877691
935585.3515092254 1915955.594620662
935585.3147049978 1915955.525853555
935585.2779004205 1915955.4571084802
935585.2410957796 1915955.3883674112
935585.2042911387 1915955.3196263423
935585.1674864978 1915955.2508852736
935585.1306818569 1915955.1821442046
935585.0938772161 1915955.1134031357
935585.0570725752 1915955.0446620667
935585.0202679343 1915954.975920998
935584.9834632934 1915954.907179929
935584.9466586525 1915954.8384388601
935584.9098540116 1915954.7696977914
935584.8730493707 1915954.7009567225
935584.8362447298 1915954.6322156535
935584.7994400889 1915954.5634745848
935584.762635448 1915954.494733516
935584.7258308071 1915954.425992447
935584.6890261662 1915954.357251378
935584.6522215253 1915954.2885103093
935584.6154168844 1915954.2197692404
935584.5786122435 1915954.1510281714
935584.5418076026 1915954.0822871027
935584.5050029618 1915954.0135460338
935584.468198321 1915953.9448049648
935584.43139368 1915953.876063896
935584.3945890391 1915953.8073228272
935584.3577843982 1915953.7385817582
935584.3209797574 1915953.6698406893
935584.2841751165 1915953.6010996206
935584.2473704756 1915953.5323585516
935584.2105658347 1915953.4636174827
935584.1737611938 1915953.394876414
935584.1369565529 1915953.326135345
935584.100151912 1915953.257394276
935584.0633472711 1915953.1886532072
935584.0265426302 1915953.1199121384
935583.9897379893 1915953.0511710695
935583.9529333484 1915952.9824300006
935583.9161287076 1915952.9136889318
935583.8793242569 1915952.8449358458
935583.8425200285 1915952.77616874
935583.8057157999 1915952.7074016342
935583.7689115715 1915952.6386345283
935583.7321073429 1915952.5698674223
935583.6953031144 1915952.5011003164
935583.6584988859 1915952.4323332105
935583.6216946574 1915952.3635661048
935583.5848904288 1915952.2947989989
935583.5480862004 1915952.226031893
935583.5112819718 1915952.157264787
935583.4744777434 1915952.0884976813
935583.4376735148 1915952.0197305754
935583.4008692863 1915951.9509634695
935583.3640650578 1915951.8821963635
935583.3272608293 1915951.8134292578
935583.2904566007 1915951.744662152
935583.2536523723 1915951.675895046
935583.2168481437 1915951.60712794
935583.1800439152 1915951.5383608344
935583.1432396867 1915951.4695937284
935583.1064354582 1915951.4008266225
935583.0696312297 1915951.3320595166
935583.0328270012 1915951.2632924109
935582.9960227726 1915951.194525305
935582.9592185442 1915951.125758199
935582.9224143156 1915951.056991093
935582.8856100871 1915950.9882239874
935582.8488058586 1915950.9194568815
935582.8120016301 1915950.8506897755
935582.7751974015 1915950.7819226696
935582.7383931731 1915950.7131555637
935582.7015889445 1915950.644388458
935582.6647847161 1915950.575621352
935582.6279804875 1915950.5068542461
935582.591176259 1915950.4380871402
935582.5543720305 1915950.3693200345
935582.517567802 1915950.3005529286
935582.4807655764 1915950.2317858546
935582.4439873851 1915950.163019162
935582.4072091938 1915950.094252469
935582.3704310026 1915950.0254857764
935582.3336528114 1915949.9567190837
935582.29687462 1915949.887952391
935582.2600964288 1915949.8191856984
935582.2233182376 1915949.7504190058
935582.1865400462 1915949.681652313
935582.149761855 1915949.6128856202
935582.1129836638 1915949.5441189276
935582.0762054725 1915949.475352235
935582.0394272812 1915949.4065855423
935582.00264909 1915949.3378188496
935581.9658708987 1915949.269052157
935581.9290927075 1915949.2002854643
935581.8923145162 1915949.1315187714
935581.8555363249 1915949.0627520788
935581.8187581337 1915948.993985386
935581.7819799425 1915948.9252186934
935581.7452017511 1915948.8564520008
935581.7084235599 1915948.7876853081
935581.6716453687 1915948.7189186155
935581.6348671773 1915948.6501519226
935581.5980889861 1915948.58138523
935581.5613107949 1915948.5126185373
935581.5245326036 1915948.4438518446
935581.4877544123 1915948.375085152
935581.4509762211 1915948.3063184593
935581.4141980298 1915948.2375517667
935581.3774198386 1915948.1687850738
935581.3406416473 1915948.1000183811
935581.303863456 1915948.0312516885
935581.2670852648 1915947.9624849958
935581.2303070736 1915947.8937183032
935581.1935288822 1915947.8249516105
935581.156750691 1915947.7561849179
935581.1199724998 1915947.687418225
935581.0831943084 1915947.6186515323
935581.0463978051 1915947.5499025807
935581.009593163 1915947.4811615138
935580.972788521 1915947.4124204472
935580.9359838789 1915947.3436793804
935580.8991792367 1915947.2749383135
935580.8623745947 1915947.2061972467
935580.8255699526 1915947.13745618
935580.7887653105 1915947.0687151132
935580.7519606684 1915946.9999740464
935580.7151560263 1915946.9312329795
935580.6783513842 1915946.862491913
935580.6415467422 1915946.793750846
935580.6047421 1915946.7250097792
935580.5679374579 1915946.6562687124
935580.5311328159 1915946.5875276455
935580.4943281738 1915946.518786579
935580.4575235317 1915946.450045512
935580.4207188896 1915946.3813044452
935580.3839142475 1915946.3125633784
935580.3471096054 1915946.2438223117
935580.3103049634 1915946.175081245
935580.2735003212 1915946.106340178
935580.2366956791 1915946.0375991112
935580.1998910371 1915945.9688580446
935580.163086395 1915945.9001169777
935580.126281753 1915945.831375911
935580.0894771108 1915945.762634844
935580.0526724687 1915945.6938937772
935580.0158678266 1915945.6251527106
935579.9790631846 1915945.5564116437
935579.9422585424 1915945.487670577
935579.9054539003 1915945.41892951
935579.8686492583 1915945.3501884434
935579.8318446162 1915945.2814473766
935579.795039974 1915945.2127063097
935579.758235332 1915945.143965243
935579.7214306899 1915945.0752241763
935579.6846260478 1915945.0064831094
935579.6478215326 1915944.9377340311
935579.611017303 1915944.868966927
935579.5742130732 1915944.800199823
935579.5374088435 1915944.731432719
935579.5006046138 1915944.6626656149
935579.4638003841 1915944.5938985108
935579.4269961544 1915944.5251314067
935579.3901919246 1915944.4563643027
935579.3533876949 1915944.3875971988
935579.3165834652 1915944.3188300948
935579.2797792355 1915944.2500629907
935579.2429750058 1915944.1812958866
935579.206170776 1915944.1125287826
935579.1693665463 1915944.0437616785
935579.1325623167 1915943.9749945744
935579.095758087 1915943.9062274704
935579.0589538573 1915943.8374603663
935579.0221496276 1915943.7686932622
935578.9853453978 1915943.6999261582
935578.9485411681 1915943.631159054
935578.9117369384 1915943.56239195
935578.8749327087 1915943.493624846
935578.838128479 1915943.424857742
935578.8013242492 1915943.3560906379
935578.7645200195 1915943.2873235338
935578.7277157898 1915943.2185564297
935578.6909115601 1915943.149789326
935578.6541073305 1915943.0810222218
935578.6173031008 1915943.0122551178
935578.580498871 1915942.9434880137
935578.5436946413 1915942.8747209096
935578.5068904116 1915942.8059538056
935578.4700861819 1915942.7371867015
935578.4332819522 1915942.6684195974
935578.3964777224 1915942.5996524934
935578.3596734927 1915942.5308853893
935578.322869263 1915942.4621182852
935578.2860650333 1915942.3933511812
935578.2492608036 1915942.324584077
935578.2124802272 1915942.2558413895
935578.175701622 1915942.187100737
935578.1389230168 1915942.118360084
935578.1021444115 1915942.0496194311
935578.0653658063 1915941.9808787783
935578.0285872011 1915941.9121381254
935577.991808596 1915941.8433974728
935577.9550299906 1915941.7746568199
935577.9182513854 1915941.705916167
935577.8814727803 1915941.6371755141
935577.8446941751 1915941.5684348615
935577.8079155697 1915941.4996942086
935577.7711369646 1915941.4309535557
935577.7343583594 1915941.3622129029
935577.697579754 1915941.29347225
935577.6608011489 1915941.2247315974
935577.6240225437 1915941.1559909445
935577.5872439385 1915941.0872502916
935577.5504653332 1915941.0185096387
935577.513686728 1915940.9497689859
935577.4769081228 1915940.8810283332
935577.4401295175 1915940.8122876803
935577.4033509123 1915940.7435470275
935577.3665723071 1915940.6748063746
935577.3297937019 1915940.606065722
935577.2930150966 1915940.537325069
935577.2562364914 1915940.4685844162
935577.2194578862 1915940.3998437633
935577.1826792809 1915940.3311031105
935577.1459006757 1915940.2623624578
935577.1091220705 1915940.193621805
935577.0723434653 1915940.124881152
935577.03556486 1915940.0561404992
935576.9987862548 1915939.9873998463
935576.9620076496 1915939.9186591937
935576.9252290443 1915939.8499185408
935576.8884504391 1915939.781177888
935576.8516718339 1915939.712437235
935576.8148794303 1915939.64368234
935576.7780751998 1915939.5749152373
935576.7412709693 1915939.5061481346
935576.7044667386 1915939.4373810317
935576.6676625081 1915939.368613929
935576.6308582776 1915939.2998468264
935576.5940540469 1915939.2310797237
935576.5572498164 1915939.1623126208
935576.5204455858 1915939.0935455181
935576.4836413552 1915939.0247784154
935576.4468371246 1915938.9560113125
935576.4100328941 1915938.8872442099
935576.3732286635 1915938.8184771072
935576.3364244329 1915938.7497100043
935576.2996202024 1915938.6809429016
935576.2628159719 1915938.612175799
935576.2260117412 1915938.543408696
935576.1892075107 1915938.4746415934
935576.1524032801 1915938.4058744907
935576.1155990495 1915938.3371073878
935576.078794819 1915938.2683402852
935576.0419905884 1915938.1995731825
935576.0051863578 1915938.1308060796
935575.9683821272 1915938.062038977
935575.9315778967 1915937.9932718743
935575.894773666 1915937.9245047716
935575.8579694355 1915937.8557376687
935575.821165205 1915937.786970566
935575.7843609743 1915937.7182034634
935575.7475567438 1915937.6494363605
935575.7107525133 1915937.5806692578
935575.6739482826 1915937.5119021551
935575.6371440521 1915937.4431350522
935575.6003398215 1915937.3743679496
935575.5635355909 1915937.305600847
935575.5267313604 1915937.236833744
935575.4899271298 1915937.1680666413
935575.4531228992 1915937.0992995386
935575.4163186686 1915937.030532436
935575.3795144376 1915936.961765334
935575.3427102066 1915936.892998232
935575.3059059758 1915936.82423113
935575.2691017448 1915936.755464028
935575.2322975138 1915936.6866969261
935575.1954932829 1915936.6179298242
935575.1586890519 1915936.5491627222
935575.1218848209 1915936.4803956202
935575.08508059 1915936.4116285183
935575.048276359 1915936.3428614163
935575.011472128 1915936.2740943143
935574.9746678971 1915936.2053272123
935574.9378636661 1915936.1365601104
935574.9010594351 1915936.0677930084
935574.8642552042 1915935.9990259064
935574.8274509732 1915935.9302588045
935574.7906467422 1915935.8614917025
935574.7538425113 1915935.7927246005
935574.7170382803 1915935.7239574986
935574.6802340493 1915935.6551903966
935574.6434298184 1915935.5864232946
935574.6066255874 1915935.5176561926
935574.5698213564 1915935.4488890907
935574.5330171256 1915935.3801219887
935574.4962128946 1915935.3113548867
935574.4594086637 1915935.2425877848
935574.4226044327 1915935.1738206828
935574.3858002017 1915935.1050535808
935574.3489959708 1915935.0362864789
935574.3121917398 1915934.967519377
935574.2753875088 1915934.898752275
935574.2385832779 1915934.8299851732
935574.2017790469 1915934.7612180712
935574.1649748159 1915934.6924509692
935574.128170585 1915934.6236838673
935574.091366354 1915934.5549167653
935574.054562123 1915934.4861496633
935574.0177578921 1915934.4173825614
935573.9809533433 1915934.348635489
935573.9441486992 1915934.279894425
935573.907344055 1915934.2111533615
935573.8705394109 1915934.1424122977
935573.8337347667 1915934.073671234
935573.7969301225 1915934.0049301705
935573.7601254784 1915933.9361891067
935573.7233208342 1915933.867448043
935573.6865161901 1915933.7987069795
935573.6497115459 1915933.7299659157
935573.6129069019 1915933.661224852
935573.5761022577 1915933.5924837885
935573.5392976135 1915933.5237427247
935573.5024929694 1915933.455001661
935573.4656883252 1915933.3862605975
935573.4288836811 1915933.3175195337
935573.3920790369 1915933.24877847
935573.3552743928 1915933.1800374065
935573.3184697486 1915933.1112963427
935573.2816651044 1915933.042555279
935573.2448604603 1915932.9738142155
935573.2080558161 1915932.9050731517
935573.1712511721 1915932.836332088
935573.1344465279 1915932.7675910243
935573.0976418838 1915932.6988499607
935573.0608372396 1915932.630108897
935573.0240325955 1915932.5613678333
935572.9872279513 1915932.4926267697
935572.9504233071 1915932.423885706
935572.913618663 1915932.3551446423
935572.8768140188 1915932.2864035787
935572.8400093747 1915932.2176625151
935572.8032047305 1915932.1489214513
935572.7664000863 1915932.0801803877
935572.7295954423 1915932.0114393241
935572.6927907981 1915931.9426982603
935572.655986154 1915931.8739571967
935572.6191815098 1915931.8052161331
935572.5896932898 1915931.7501240096
935572.5719113487 1915931.7168701899
935572.5541294076 1915931.6836163704
935572.5363474664 1915931.650362551
935572.5185655253 1915931.6171087315
935572.5007835841 1915931.583854912
935572.483001643 1915931.5506010926
935572.4652197018 1915931.5173472732
935572.4474377607 1915931.4840934537
935572.4296558195 1915931.4508396343
935572.4118738783 1915931.4175858148
935572.3940919372 1915931.3843319954
935572.376309996 1915931.351078176
935572.3585280549 1915931.3178243565
935572.3407461137 1915931.284570537
935572.3229641726 1915931.2513167176
935572.3051822315 1915931.2180628981
935572.2874002903 1915931.1848090787
935572.2696183491 1915931.1515552592
935572.2518364079 1915931.1183014398
935572.2340544668 1915931.0850476203
935572.2162725256 1915931.051793801
935572.1984905845 1915931.0185399815
935572.1807086433 1915930.985286162
935572.1629267022 1915930.9520323426
935572.1451447611 1915930.918778523
935572.1273628199 1915930.8855247034
935572.1095808788 1915930.852270884
935572.0917989375 1915930.8190170645
935572.0740169964 1915930.785763245
935572.0562350552 1915930.7525094256
935572.0384531141 1915930.7192556062
935572.020671173 1915930.6860017867
935572.0028892318 1915930.6527479673
935571.9851072907 1915930.6194941478
935571.9673253495 1915930.5862403284
935571.9495434084 1915930.552986509
935571.9317614671 1915930.5197326895
935571.913979526 1915930.48647887
