935589.54620753 1915963.43305567
935588.133491438 1915960.79345666
935586.721758932 1915958.15487296
935585.309042809 1915955.515274
935583.896310824 1915952.87667451
935582.483594668 1915950.2370756
935581.071877942 1915947.59749255
935579.659145911 1915944.95889314
935578.246429709 1915942.3192943
935576.834697093 1915939.68071078
935575.421980858 1915937.04111199
935574.009264608 1915934.40151323
935572.596532498 1915931.76291394
935571.913979526 1915930.48647887
935612.504278203 1915927.60896879
935615.182888661 1915926.25785215
935617.86149914 1915924.90673549
935619.386239073 1915924.13714603
935621.673858161 1915923.42363602
935624.277261217 1915923.03303516
935626.156398135 1915923.30374926
935627.554287144 1915923.97771009
935629.446249716 1915925.33129881
935630.577104812 1915926.39090838
935631.890747868 1915928.21718356
935633.473923312 1915930.76151457
935634.255770061 1915932.01753053
935555.011268585 1915888.15932374
935556.37447368 1915890.83212696
935556.779726029 1915891.62831083
935557.740505968 1915894.39870346
935558.36063217 1915897.09071841
935558.252975829 1915899.21536583
935557.730624899 1915901.13949864
935556.487072003 1915903.09018777
935554.763137248 1915905.13723051
935553.082022508 1915906.56414063
935532.821752106 1915954.58429277
935534.369708578 1915957.14306028
935535.916665596 1915959.70181198
935536.562567569 1915960.76772979
935537.996295128 1915962.27100686
935539.317622447 1915962.91876166
935541.184229495 1915963.34922873
935543.270454273 1915963.48426795
935545.809587195 1915962.92270041
935548.550102151 1915961.70252619
935549.524694303 1915961.26811182
935561.742713399 1915911.46297899
935560.337008954 1915908.82249192
935558.931320335 1915906.18100544
935557.525615861 1915903.54051842
935556.119927212 1915900.89903198
935554.714222706 1915898.25854501
935553.307518736 1915895.61804223
935551.901830043 1915892.97655586
935550.693309482 1915890.69908526
935550.693309482 1915890.69908526
935550.577797531 1915890.48131984
935550.340015153 1915890.03068644
935550.103153008 1915889.58506609
935550.021576019 1915889.43381855
935549.318303901 1915888.14006041
935549.098750532 1915887.73770138
935549.087105729 1915887.71552347
935548.781120725 1915887.15284268
935548.576147122 1915886.77670686
935548.213826097 1915886.11016435
935547.866068992 1915885.47084449
935547.595065923 1915884.97169908
935547.312386367 1915884.45237465
935547.200745452 1915884.24266816
935546.492919689 1915882.92084638
935546.326925799 1915882.60830931
935546.215269041 1915882.39960227
935546.030840184 1915882.05178362
935545.9628752 1915881.92474456
935545.789075859 1915881.60008741
935545.081250089 1915880.27826563
935544.824921838 1915879.79934676
935544.685104987 1915879.53820915
935544.41421281 1915879.03206763
935543.706387033 1915877.71024586
935543.546183854 1915877.41079665
935543.274323915 1915876.9026404
935543.148087385 1915876.66771015
935542.864566798 1915876.13837545
935542.156741012 1915874.8165537
935542.000424715 1915874.52416397
935541.834399131 1915874.2136258
935541.52463813 1915873.63688943
935540.816812334 1915872.31506769
935540.690607489 1915872.07813856
935540.387668329 1915871.51250699
935540.368249761 1915871.47621011
935539.66042396 1915870.15438838
935539.223506188 1915869.33770872
935539.202136258 1915869.29838182
935538.800152893 1915868.54823587
935538.777831045 1915868.50589479
935538.070005236 1915867.18407308
935537.844740341 1915866.76362901
935537.824369858 1915866.72431796
935537.596169999 1915866.29982858
935537.57771919 1915866.26554644
935537.17681448 1915865.51041911
935536.746671016 1915864.70784259
935536.741816374 1915864.69876837
935536.038020019 1915863.37501115
935535.543798445 1915862.45245507
935535.421464634 1915862.22358488
935535.286486571 1915861.97252094
935535.24181119 1915861.88983769
935534.538014826 1915860.56608049
935534.281718239 1915860.08516276
935534.068113985 1915859.68589716
935534.006955001 1915859.57096235
935533.749658966 1915859.09002878
935533.045862594 1915857.76627159
935532.781792239 1915857.27123491
935532.772098797 1915857.25208702
935532.298311068 1915856.36484423
935531.594514686 1915855.04108705
935531.518760087 1915854.90092847
935531.107114944 1915854.12963578
935531.05760076 1915854.03687887
935530.899364771 1915853.73946025
935530.191538918 1915852.4176386
935529.884728693 1915851.84394814
935529.530355649 1915851.18053079
935529.399296149 1915850.93452746
935528.691470286 1915849.61270582
935528.23323007 1915848.75370099
935528.109928492 1915848.52281608
935494.678429921 1915766.51365723
935495.232134315 1915769.23360966
935495.908180835 1915772.56031745
935496.829854513 1915775.96889501
935498.101234691 1915779.20007144
935499.164657265 1915781.99108437
935500.409041345 1915784.71798614
935501.648570762 1915787.4358137
935501.905804887 1915787.98372581
935503.168606675 1915790.68392777
935504.431424291 1915793.38313031
935504.649550561 1915793.81245838
935506.005045838 1915796.46714397
935507.361556385 1915799.12084599
935508.327489225 1915800.99859093
935509.69396251 1915803.6544503
935509.802716026 1915803.85711309
935511.207564262 1915806.48858837
935512.61242832 1915809.11906423
935513.006604969 1915809.79410909
935513.021153056 1915809.82233118
935513.390676269 1915810.47599164
935514.00316928 1915811.56837126
935514.487363461 1915812.42978679
935514.885841635 1915813.21186732
935515.375525526 1915814.10536014
935516.081336774 1915815.42814939
935516.453652364 1915816.09485017
935516.658736927 1915816.46398979
935516.688816704 1915816.52144927
935517.130541698 1915817.35020135
935517.494513191 1915818.03876318
935517.675832869 1915818.39353035
935517.931336013 1915818.86143938
935518.546923765 1915820.01085077
935518.799650367 1915820.46472005
935519.043017585 1915820.94143398
935519.492674763 1915821.77431059
935519.921088742 1915822.55986476
935520.551636474 1915823.71151269
935520.641018938 1915823.87488028
935521.048888158 1915824.6321173
935521.137255333 1915824.7964685
935521.382874918 1915825.257223
935521.810099339 1915826.05475468
935522.010457362 1915826.46980541
935522.119845938 1915826.69547128
935522.380298771 1915827.16645788
935522.760896437 1915827.87827629
935523.018034082 1915828.36920426
935523.468437211 1915829.21808786
935524.170218951 1915830.5428127
935524.470175677 1915831.10739723
935524.679845551 1915831.50260164
935525.120539388 1915832.33333681
935525.475737646 1915833.00776387
935525.744805258 1915833.50287974
935526.009859246 1915833.99893168
935526.274929078 1915834.49398418
935526.451631738 1915834.82468548
935526.554483624 1915835.02125656
935526.729155707 1915835.35392506
935526.837814156 1915835.56258454
935527.182509629 1915836.20585454
935527.368921573 1915836.55470428
935527.713632889 1915837.19697484
935527.890335546 1915837.52767614
935528.192354521 1915838.08829458
935528.527324866 1915838.7144156
935528.919551475 1915839.44941139
935529.1350279 1915839.85670421
935529.66413642 1915840.84879228
935529.839839628 1915841.17947774
935530.02052422 1915841.51124186
935530.199257449 1915841.83997596
935530.495358961 1915842.39550214
935531.201170127 1915843.71829152
935531.489466187 1915844.26169762
935531.853611905 1915844.93926562
935532.559423062 1915846.26205502
935533.138902612 1915847.35591087
935533.843714316 1915848.67868443
935534.328179118 1915849.58609039
935534.636052166 1915850.15579892
935535.341863306 1915851.47858834
935535.915710554 1915852.54936192
935535.924483763 1915852.56349673
935536.46699831 1915853.59278611
935537.17280944 1915854.91557555
935537.455552409 1915855.43090215
935537.698824534 1915855.91361281
935538.404635659 1915857.23640225
935538.690345276 1915857.75377528
935538.995394247 1915858.3124424
935539.701205362 1915859.63523186
935539.944429958 1915860.12094086
935540.451707701 1915861.03970513
935541.157518811 1915862.36249461
935541.59597606 1915863.20818986
935541.842658421 1915863.66496249
935542.548469521 1915864.98775197
935542.772671605 1915865.41217798
935543.226294795 1915866.24711699
935543.932105888 1915867.56990648
935544.379510607 1915868.41874267
935544.676326364 1915868.99227475
935545.38213745 1915870.31506426
935545.830144182 1915871.12592154
935545.992013563 1915871.44639079
935546.149408523 1915871.73379914
935546.854220156 1915873.05657282
935547.134837471 1915873.57986333
935547.537772752 1915874.33302349
935548.243583819 1915875.65581302
935548.408815914 1915875.95334257
935548.806532168 1915876.72041575
935549.487070577 1915877.99781836
935549.748554487 1915878.46682199
935549.928239606 1915878.79857032
935550.173700707 1915879.26931936
935550.749182395 1915880.36311197
935551.031798593 1915880.88643418
935551.143391983 1915881.09913899
935551.406161862 1915881.61314935
935551.935777252 1915882.57325532
935552.210714738 1915883.07646189
935552.426555504 1915883.46076754
935553.01739324 1915884.53181057
935553.325218716 1915885.10451751
935553.526940509 1915885.49659692
935553.959572596 1915886.20524152
935554.275377787 1915886.77907465
935554.58599564 1915887.36482191
935554.812164909 1915887.79127853
935554.884952849 1915887.9293907
935555.011268585 1915888.15932374
935527.402102624 1915847.20099446
935527.105969436 1915846.64746718
935527.040923564 1915846.52547288
935526.750644465 1915845.98103566
935526.581715584 1915845.66445332
935525.873889707 1915844.34263172
935525.746701242 1915844.10468732
935525.391360426 1915843.43925526
935525.258333716 1915843.19122136
935525.174852876 1915843.03394548
935524.467011147 1915841.71312333
935524.21555334 1915841.2422793
935524.075752311 1915840.98014228
935523.770861749 1915840.41148075
935523.750459575 1915840.37416859
935523.239738506 1915839.42036046
935523.219352176 1915839.38204886
935523.042633681 1915839.05234701
935522.896010801 1915838.7791052
935522.719308149 1915838.4484039
935522.609602732 1915838.24272692
935522.326097943 1915837.71239284
935521.794974696 1915836.72127256
935521.632820127 1915836.41879337
935521.618272044 1915836.39057127
935521.532808152 1915836.23226427
935521.456117473 1915836.08809207
935521.356105499 1915835.90156297
935521.049295253 1915835.32787254
935520.992023144 1915835.21999723
935520.455061645 1915834.21878745
935520.284181393 1915833.89917511
935520.251150811 1915833.83866977
935520.080286399 1915833.51805798
935519.945340007 1915833.26499518
935519.773476153 1915832.94436756
935519.772508393 1915832.94235283
935519.318107499 1915832.09340586
935519.230723931 1915831.93006995
935518.776323037 1915831.08112299
935518.775339434 1915831.08010771
935518.610265739 1915830.77258376
935518.609282136 1915830.77156848
935518.353937434 1915830.29366498
935518.097609128 1915829.8147462
935517.559743228 1915828.80752394
935517.132534663 1915828.00899282
935516.580088988 1915826.97554736
935516.425724022 1915826.6861877
935516.086882624 1915826.05200779
935515.932501815 1915825.76364757
935515.506261006 1915824.9671312
935514.901572121 1915823.82389075
935514.653985334 1915823.36110568
935514.406382705 1915822.89932006
935513.890997066 1915821.92444444
935513.705616243 1915821.57361168
935513.642490043 1915821.4566463
935513.456093934 1915821.10679715
935513.261908217 1915820.74382847
935512.893970641 1915820.05320438
935512.329150016 1915818.98057464
935512.139834784 1915818.62568074
935511.778687368 1915817.94816034
935511.219689141 1915816.88661955
935511.079919781 1915816.62248366
935510.893523669 1915816.27263451
935510.752754863 1915816.00848278
935510.604101394 1915815.7372082
935510.383469303 1915815.33983065
935510.383485143 1915815.33883121
935509.898640067 1915814.45541205
935509.170650931 1915813.14426764
935508.81797571 1915812.49987152
935508.80242818 1915812.47163358
935508.601897252 1915812.13055765
935508.156191689 1915811.36372366
935507.397918191 1915810.07109344
935507.092330526 1915809.54640755
935507.074768261 1915809.51913738
935506.768673638 1915809.02643373
935506.379717387 1915808.40045674
935505.563604186 1915807.161893
935505.41709356 1915806.94463597
935505.366294758 1915806.86985324
935504.922891835 1915806.21002325
935504.571266327 1915805.6886064
935504.293840131 1915805.27933196
935503.941215177 1915804.75789927
935503.890400534 1915804.68411598
935503.730198681 1915804.44764772
935503.679368197 1915804.37486388
935503.361693505 1915803.91896544
935503.014304786 1915803.44560116
935502.905790283 1915803.29092758
935500.990946859 1915800.98426715
935500.488688951 1915800.37948723
935498.519813504 1915798.13895
935498.222273041 1915797.80033516
935496.287447592 1915795.80826231
935494.018253059 1915793.84587871
935493.067588787 1915793.02305521
935490.354935533 1915791.47651374
935488.000502354 1915790.22456264
935485.327868256 1915789.11752211
935482.729918407 1915788.53350674
935480.270025599 1915788.25858641
935477.387090742 1915788.37283998
935571.913979526 1915930.48647887
935571.598491251 1915929.89265676
935571.044205351 1915928.84918478
935571.044221193 1915928.84818534
935570.795666758 1915928.38338536
935570.546176246 1915927.91457176
935569.839350061 1915926.59276561
935569.467494082 1915925.89708067
935569.299548859 1915925.58151353
935569.180134203 1915925.35768804
935569.012173135 1915925.04312035
935568.30534694 1915923.72131422
935568.103403387 1915923.34322699
935568.016035696 1915923.17889158
935567.815075745 1915922.80181964
935567.77915774 1915922.73427063
935567.542279783 1915922.28964968
935566.834454134 1915920.96782771
935566.816986934 1915920.93456085
935566.54515873 1915920.42440563
935566.445162634 1915920.23687703
935566.252928358 1915919.87693824
935566.152916419 1915919.69040909
935565.446090206 1915918.36860297
935565.07521782 1915917.67393334
935564.78108361 1915917.1204376
935564.073257947 1915915.79861566
935563.811123177 1915915.30760833
935563.549987852 1915914.81661685
935563.515021761 1915914.75208202
935563.254854194 1915914.26310527
935562.54702852 1915912.94128334
935562.134415717 1915912.16797576
935562.113061633 1915912.12764942
935562.112093875 1915912.12563468
935561.742713399 1915911.46297899
935549.524694303 1915961.26811182
935550.239368708 1915960.89655697
935550.635667754 1915960.68090641
935551.958441667 1915959.97609515
935553.148053084 1915959.34714933
935554.209879459 1915958.7701615
935555.532669227 1915958.06435077
935556.490618031 1915957.54469838
935556.850604359 1915957.34946582
935557.811440598 1915956.83685706
935558.174393577 1915956.64367092
935559.286334807 1915956.05848021
935560.609124591 1915955.35266946
935561.348150079 1915954.95850756
935562.671939313 1915954.25271264
935563.706368777 1915953.70128259
935563.801172136 1915953.64880178
935565.123961932 1915952.94299101
935565.405151872 1915952.79949329
935553.082022508 1915906.56414063
935552.840001073 1915906.69626291
935552.61614392 1915906.81767647
935551.223552912 1915907.57536485
935551.097497443 1915907.64434511
935550.577221068 1915907.92401046
935549.958127724 1915908.25709269
935548.903471849 1915908.82319769
935548.647410658 1915908.95809651
935547.321717759 1915909.65786323
935545.997960385 1915910.36165941
935545.334606297 1915910.71203457
935544.671268051 1915911.06141028
935544.008881723 1915911.41380017
935543.347494841 1915911.7662059
935542.685156043 1915912.11559745
935542.021817802 1915912.46497315
935541.358416191 1915912.81834663
935540.698044603 1915913.16976875
935539.984338042 1915913.54333844
935538.660564846 1915914.24813403
935537.33293646 1915914.94387125
935536.009163273 1915915.64866683
935534.681534895 1915916.34440402
935534.09777069 1915916.65605293
935533.433353803 1915917.01041
935532.774965275 1915917.36286323
935532.111642889 1915917.71123947
935531.447321062 1915918.05959986
935531.37169729 1915918.10038834
935530.58081303 1915918.54971123
935529.805047187 1915918.99127619
935529.470031201 1915919.18790429
935528.897642477 1915919.53872165
935528.450404831 1915919.81454625
935528.025679134 1915920.12071858
935527.495680365 1915920.50919665
935527.096892713 1915920.81877923
935526.69260087 1915921.16026483
935526.244033781 1915921.58302368
935525.845724114 1915921.98858467
935525.292678792 1915922.56963876
935524.981224434 1915922.91959385
935524.541845164 1915923.4564637
935524.313772496 1915923.78074873
935523.981031481 1915924.27532233
935523.725880092 1915924.66815714
935523.489640293 1915925.12927108
935523.258999743 1915925.55248531
935523.023903322 1915926.06760096
935522.818980364 1915926.57119855
935522.625450072 1915927.17594604
935522.473419833 1915927.7483614
935522.328673579 1915928.4288594
935522.256567251 1915929.00454108
935522.200456092 1915929.76941887
935522.184713405 1915930.25802073
935522.16784453 1915930.75460231
935522.182324183 1915931.29166866
935522.216504867 1915931.72108012
935522.259536624 1915932.0966483
935522.329050466 1915932.6935691
935522.463876777 1915933.2695319
935522.608826978 1915933.96361932
935522.821310331 1915934.62278819
935523.058608235 1915935.41930878
935523.247419065 1915935.93214677
935523.431676271 1915936.41692108
935523.657244766 1915936.94433748
935523.84876741 1915937.41223214
935524.053043854 1915937.83234354
935524.391379405 1915938.56148671
935524.631447098 1915939.05714268
935525.154892668 1915940.09112839
935525.390137405 1915940.57571125
935525.482312187 1915940.75211919
935525.83168781 1915941.41545743
935526.182062876 1915942.07881152
935526.535436278 1915942.74221313
935526.886874158 1915943.40158528
935527.237249223 1915944.06493937
935527.586624841 1915944.72827762
935527.939998238 1915945.39167923
935528.291436114 1915946.05105139
935528.641811175 1915946.71440548
935528.991186789 1915947.37774374
935529.344560183 1915948.04114536
935529.6969975 1915948.70053337
935529.999920666 1915949.26716444
935530.705731371 1915950.58995408
935531.059136446 1915951.25135683
935531.412557361 1915951.91176013
935532.02698677 1915953.07115046
935532.538405934 1915954.04396411
935532.821752106 1915954.58429277
935597.732285302 1915935.45935406
935599.184065659 1915934.68860818
935600.513677408 1915933.99390203
935601.634883079 1915933.39186317
935601.690327851 1915933.36275116
935602.718649837 1915932.81822203
935603.016052725 1915932.66098552
935604.042407509 1915932.11442581
935604.338826796 1915931.95617401
935605.399400364 1915931.39516127
935605.664535834 1915931.2554078
935606.723158042 1915930.69136503
935606.987325755 1915930.54959683
935607.084096328 1915930.49914658
935608.406886253 1915929.79333561
935609.728692579 1915929.08650934
935610.613905142 1915928.61468889
935611.751212863 1915928.00590736
935612.504278203 1915927.60896879
935597.95798208 1915979.1786551
935597.313583775 1915977.95480884
935596.605774136 1915976.63198717
935595.895918072 1915975.31213215
935595.827953115 1915975.18509304
935595.121127071 1915973.86328666
935594.411270997 1915972.54343166
935594.398658441 1915972.51923901
935593.690832942 1915971.19741681
935593.065536315 1915970.02985638
935592.641231283 1915969.23736906
935591.933405775 1915967.91554687
935591.419797545 1915966.95469466
935590.994524748 1915966.16019263
935590.286699229 1915964.83837045
935589.774058753 1915963.87953299
935589.54620753 1915963.43305567
935634.255770061 1915932.01753053
935634.952934625 1915933.3181902
935635.308354597 1915933.97862538
935635.66379041 1915934.63806112
935636.372615612 1915935.95989926
935637.083471389 1915937.2797702
935637.791297138 1915938.60159251
935638.154506707 1915939.27514725
935638.50792778 1915939.93555076
935638.862332449 1915940.59696956
935639.217768254 1915941.25640532
935639.573188212 1915941.91684053
935639.62368599 1915942.01061277
935639.975124008 1915942.66998516
935640.327482259 1915943.33437063
935640.683917501 1915943.99382223
935641.039337456 1915944.65425744
935641.347052013 1915945.23396073
935641.743133717 1915945.97801531
935642.055861341 1915946.55679836
935642.367573679 1915947.13656502
935642.801730707 1915947.93820587
935643.5055428 1915949.2609643
935643.804262343 1915949.840525
935644.048978801 1915950.35824818
935644.441317545 1915951.14922918
935644.675896963 1915951.67578895
935644.973998629 1915952.29432803
935645.166124706 1915952.78722485
935645.387156831 1915953.34855925
935645.706347285 1915954.21335797
935645.923019926 1915954.92357805
935646.154256494 1915955.6610208
935646.301601667 1915956.33015407
935646.450660562 1915957.01730903
935646.546733005 1915957.70462377
935646.603269886 1915958.30033942
935646.669438179 1915958.98218165
935646.714557432 1915959.79365077
935646.715011779 1915960.26951353
935646.70250502 1915960.74317144
935646.682706503 1915961.48763153
935646.661646991 1915961.87018148
935646.604244403 1915962.33812923
935646.511660636 1915963.07043889
935646.40425543 1915963.60257429
935646.253905758 1915964.13202956
935646.082096469 1915964.8800782
935645.873811989 1915965.46959659
935645.640129457 1915966.08470448
935645.393183461 1915966.65361609
935645.186291813 1915967.09220238
935644.913453948 1915967.59172449
935644.610743625 1915968.0837752
935644.332843822 1915968.52423497
935644.085909641 1915968.90320442
935643.767111791 1915969.3380174
935643.427278057 1915969.77549603
935643.071071626 1915970.17372694
935642.72029152 1915970.60803295
935642.345190683 1915970.99996618
935641.955685693 1915971.41766319
935641.580266658 1915971.76660442
935641.234053338 1915972.10201287
935640.850908068 1915972.43383678
935640.487306763 1915972.73098112
935640.101701816 1915973.02877637
935639.723599963 1915973.29470025
935639.331410817 1915973.56639901
935638.999711208 1915973.80606665
935638.433874732 1915974.18497942
935638.050140595 1915974.427821
935637.618163747 1915974.6868927
935637.007684932 1915975.04410417
935636.165590956 1915975.50761076
935635.436322068 1915975.91692282
935635.403055199 1915975.93439002
935634.078329529 1915976.6361714
935632.758442657 1915977.34802644
935632.632418822 1915977.4150078
935631.312531957 1915978.12686283
935629.985870781 1915978.82461472
935629.947559154 1915978.84500104
935628.628671742 1915979.5568719
935627.307817128 1915980.26671219
935626.873253873 1915980.49975075
935625.554366471 1915981.2116216
935624.891995727 1915981.56301199
935624.229624987 1915981.91440238
935622.909738146 1915982.62625737
935622.247383249 1915982.97664831
935622.146567354 1915983.03003351
935621.585012512 1915983.32803869
935621.377352363 1915983.43671291
935565.405151872 1915952.79949329
935568.044798178 1915951.38377888
935570.684444499 1915949.96806445
935573.32309139 1915948.55233416
935575.962737742 1915947.13661968
935578.602384111 1915945.72090517
935581.242030495 1915944.30519064
935583.880677449 1915942.88946024
935586.520323862 1915941.47374566
935589.159970295 1915940.05803106
935591.799616742 1915938.64231643
935594.438279599 1915937.22558649
935597.077926078 1915935.80987181
935597.732285302 1915935.45935406
