323135.981936 4164569.4116
323135.982173 4164569.42269
323135.955928 4164569.43436
323135.903912 4164569.47987
323135.808471 4164569.55962
323135.661014 4164569.68488
323135.470131 4164569.84438
323135.270658 4164570.01515
323135.053293 4164570.17521
323134.810631 4164570.39132
323134.636929 4164570.52824
323134.463227 4164570.66517
323134.228919 4164570.85889
323134.028972 4164571.00748
323133.837852 4164571.15588
323133.620725 4164571.32703
323133.411477 4164571.45361
323133.26402 4164571.57888
323133.046892 4164571.75003
323132.890608 4164571.87548
323132.716669 4164572.00131
323132.499304 4164572.16137
323132.325365 4164572.2872
323132.1519 4164572.43522
323131.968897 4164572.55014
323131.812612 4164572.67559
323131.673509 4164572.77848
323131.473799 4164572.93816
323131.299386 4164573.04179
323131.116857 4164573.17891
323130.952219 4164573.32674
323130.744156 4164573.5088
323130.605763 4164573.64497
323130.397936 4164573.83813
323130.250479 4164573.9634
323130.05936 4164574.11179
323129.876831 4164574.24891
323129.66853 4164574.41987
323129.477885 4164574.59046
323129.287002 4164574.74996
323129.113537 4164574.89798
323128.913591 4164575.04656
323128.766133 4164575.17183
323128.549006 4164575.34298
323128.349059 4164575.49157
323128.16653 4164575.62868
323127.975411 4164575.77708
323127.766874 4164575.93695
323127.57528 4164576.06316
323127.383924 4164576.20046
323127.227877 4164576.33701
323127.001685 4164576.49725
323126.845638 4164576.6338
323126.663109 4164576.77091
323126.436917 4164576.93116
323126.245324 4164577.05737
323126.045614 4164577.21705
323125.845668 4164577.36564
323125.645958 4164577.52532
323125.481083 4164577.66206
323125.246539 4164577.84468
323125.047066 4164578.01546
323124.829702 4164578.17552
323124.621402 4164578.34649
323124.378267 4164578.5404
323124.187384 4164578.6999
323123.935659 4164578.9051
323123.753367 4164579.05331
323123.527412 4164579.22465
323123.319349 4164579.40671
323123.093395 4164579.57806
323122.832842 4164579.78345
323122.615952 4164579.9657
323122.407178 4164580.11447
323122.190051 4164580.28563
323121.998695 4164580.42293
323121.74697 4164580.62813
323121.520779 4164580.78838
323121.312953 4164580.98154
323121.086524 4164581.13069
323120.825735 4164581.32498
323120.634379 4164581.46228
323120.383128 4164581.68967
323120.191534 4164581.81588
323119.956279 4164581.96522
323119.738915 4164582.12528
323119.52943 4164582.24077
323119.302054 4164582.34553
323119.075863 4164582.50578
323118.874495 4164582.58779
323118.657605 4164582.77004
323118.474602 4164582.88496
323118.257238 4164583.04502
323117.987385 4164583.22841
323117.742591 4164583.34465
323117.479669 4164583.43907
323117.225338 4164583.52221
323116.953115 4164583.59463
323116.645109 4164583.64562
323116.433965 4164583.68343
323116.133602 4164583.67874
323115.859246 4164583.6513
323115.655982 4164583.64454
323115.406923 4164583.56104
323115.07913 4164583.51254
323114.813127 4164583.46271
323114.573844 4164583.42342
323114.316668 4164583.3734
323114.05736 4164583.22352
323113.869618 4164583.11652
323113.59935 4164582.86696
323113.374167 4164582.66085
323113.174991 4164582.43197
323113.002296 4164582.20253
323112.872317 4164581.90558
323112.706791 4164581.59827
323112.58706 4164581.3677
323112.386462 4164581.07225
323112.240961 4164580.87554
323112.059913 4164580.66848
323111.886982 4164580.42795
323111.712629 4164580.12083
323111.610079 4164579.86769
323111.471509 4164579.58202
323111.315758 4164579.31891
323111.160481 4164579.078
323111.013794 4164578.82581
323110.894775 4164578.62852
323110.703004 4164578.33289
323110.530073 4164578.09235
323110.35643 4164577.81853
323110.183499 4164577.57799
323110.000318 4164577.27107
323109.817849 4164576.99743
323109.672584 4164576.81181
323109.454806 4164576.53893
323109.309541 4164576.35331
323109.136135 4164576.09058
323108.936011 4164575.81733
323108.754016 4164575.56588
323108.599213 4164575.34716
323108.426281 4164575.10663
323108.262651 4164574.8881
323108.107374 4164574.64719
323107.988828 4164574.4721
323107.779639 4164574.18793
323107.660619 4164573.99065
323107.532298 4164573.77137
323107.404451 4164573.57427
323107.249648 4164573.35555
323107.130865 4164573.16937
323107.012793 4164573.01647
323106.902363 4164572.80791
323106.802182 4164572.66573
323106.710829 4164572.52336
323106.601347 4164572.35918
323106.509283 4164572.18353
323106.417929 4164572.04116
323106.344467 4164571.90951
323106.271006 4164571.77787
323106.198018 4164571.66841
323106.143158 4164571.58078
323106.078524 4164571.44894
