302531.32768 4124178.35666
302531.327941 4124178.36775
302531.327941 4124178.36775
302531.337073 4124178.37864
302531.328202 4124178.37885
302531.326636 4124178.31227
302531.302629 4124178.04638
302531.273661 4124177.56967
302531.223557 4124176.94913
302531.20711 4124176.25008
302531.171877 4124175.50706
302531.13586 4124174.73075
302531.099582 4124173.94335
302531.054173 4124173.14506
302531.035115 4124172.33505
302531.015796 4124171.51395
302531.004826 4124170.67044
302531.002466 4124169.81563
302531.008455 4124168.93841
302531.023315 4124168.06099
302531.029042 4124167.17268
302531.034509 4124166.27327
302531.048586 4124165.36256
302531.06214 4124164.42966
302531.066302 4124163.47478
302531.079073 4124162.50859
302531.091323 4124161.5202
302531.094962 4124160.54313
302531.098601 4124159.56605
302531.102502 4124158.60007
302531.107185 4124157.66737
302531.111869 4124156.73468
302531.107943 4124155.81329
302531.104277 4124154.903
302531.109744 4124154.00359
302531.106079 4124153.0933
302531.102414 4124152.18301
302531.107098 4124151.25031
302531.10291 4124150.31783
302531.098201 4124149.36315
302531.09323 4124148.39738
302531.08826 4124147.4316
302531.074418 4124146.46604
302531.051445 4124145.48959
302531.019078 4124144.49115
302530.995844 4124143.50361
302530.97287 4124142.52715
302530.949374 4124141.52851
302530.94336 4124140.51835
302530.937345 4124139.5082
302530.922198 4124138.48715
302530.924271 4124137.4435
302530.935477 4124136.41073
302530.92894 4124135.37838
302530.96702 4124134.35608
302531.040583 4124133.33295
302531.105015 4124132.29893
302531.18745 4124131.27559
302531.234661 4124130.26418
302531.237257 4124129.24272
302531.257072 4124128.19865
302531.259407 4124127.16609
302531.279483 4124126.13312
302531.281818 4124125.10056
302531.284152 4124124.068
302531.295097 4124123.02414
302531.27995 4124122.00309
302531.291156 4124120.97033
302531.3021 4124119.92647
302531.303651 4124118.86062
302531.2872 4124117.78409
302531.270226 4124116.68538
302531.262123 4124115.58645
302531.245149 4124114.48774
302531.227653 4124113.36683
302531.210157 4124112.24592
302531.200749 4124111.09151
302531.173598 4124109.93752
302531.208807 4124108.79317
302531.244015 4124107.64882
302531.279745 4124106.52666
302531.297734 4124105.40491
302531.315983 4124104.29426
302531.325623 4124103.19492
302531.290384 4124102.07443
302531.246014 4124100.94305
302531.22904 4124099.84434
302531.203196 4124098.74583
302531.221706 4124097.64628
302531.24961 4124096.56871
302531.277514 4124095.49114
302531.314811 4124094.43555
302531.342976 4124093.36908
302531.379489 4124092.28021
302531.406871 4124091.18045
302531.407118 4124090.05912
302531.354137 4124088.93905
302531.310028 4124087.81877
302531.274268 4124086.67608
302531.283125 4124085.54345
302531.300591 4124084.39952
302531.300055 4124083.2449
302531.353005 4124082.10013
302531.744363 4124081.00291
302532.369502 4124080.03341
302533.185112 4124079.23707
302534.174493 4124078.65869
302535.287552 4124078.43266
302536.337474 4124078.54119
302537.217545 4124078.97567
302537.897234 4124079.5703
302538.330883 4124080.27064
302538.578239 4124080.97536
302538.691483 4124081.63882
302538.900483 4124082.22232
302539.082086 4124082.77316
302539.19246 4124083.31457
302539.23082 4124083.81327
302539.285617 4124084.25606
302539.348503 4124084.66537
302539.411127 4124085.06357
302539.46488 4124085.46198
302539.527243 4124085.84909
302539.599522 4124086.28038
302539.663973 4124086.75626
302539.74695 4124087.265
302539.812707 4124087.79636
302539.852894 4124088.37273
302539.902736 4124088.98218
302539.953883 4124089.6471
302539.9792 4124090.34595
302539.99643 4124091.07829
302540.023313 4124091.8437
302540.05985 4124092.6422
302540.09691 4124093.46289
302540.143885 4124094.32776
302540.18225 4124095.20393
302540.230008 4124096.10208
302540.278288 4124097.02242
302540.32709 4124097.96496
302540.376153 4124098.91859
302540.425478 4124099.88332
302540.475063 4124100.85915
302540.525171 4124101.85717
302540.548926 4124102.86691
302540.475099 4124103.87894
302540.392402 4124104.89119
302540.353538 4124105.88019
302540.413038 4124106.9002
302540.508284 4124107.93046
302540.701373 4124108.96952
302540.972996 4124109.95122
302541.378729 4124110.97418
302541.817597 4124111.89644
302542.274468 4124112.82938
302542.695854 4124113.76315
302543.144376 4124114.71849
302543.611423 4124115.7067
302544.07847 4124116.6949
302544.562997 4124117.6716
302545.249471 4124118.55473
302546.117799 4124119.24484
302547.121537 4124119.65421
302548.110401 4124119.80858
302549.028818 4124119.98681
302549.895053 4124120.21068
302550.725542 4124120.42429
302551.527331 4124120.54976
302552.291807 4124120.59839
302553.002013 4124120.60388
302553.686128 4124120.6322
302554.343369 4124120.65004
302554.983129 4124120.6794
302555.604886 4124120.69808
302556.217511 4124120.70588
302556.803261 4124120.7032
302557.397621 4124120.68922
302557.992243 4124120.68633
302558.586603 4124120.67235
302559.198445 4124120.64685
302559.818896 4124120.61005
302560.483442 4124120.56111
302561.183733 4124120.52244
302561.945861 4124120.4712
302562.761475 4124120.42981
302563.648058 4124120.38675
302564.569604 4124120.32067
302565.544636 4124120.26442
302566.555936 4124120.24063
302567.604547 4124120.29368
302568.663857 4124120.42419
302569.760738 4124120.64264
302570.869101 4124120.97184
302571.944589 4124121.41283
302572.987725 4124121.98781
302573.946327 4124122.74242
302574.730117 4124123.61215
302575.346663 4124124.54134
302575.777699 4124125.50819
302576.04984 4124126.51209
302576.162823 4124127.54193
302576.090298 4124128.60945
302575.77095 4124129.74938
302575.28018 4124130.77122
302574.547544 4124131.69884
302573.589479 4124132.47632
302572.511652 4124133.06788
302571.338851 4124133.39523
302570.211447 4124133.38844
302569.127092 4124133.32513
302568.114228 4124133.28235
302567.13763 4124133.27201
302566.204344 4124133.21625
302565.34046 4124133.09224
302564.494841 4124132.99001
302563.612432 4124132.83313
302562.793164 4124132.71918
302562.009641 4124132.61549
302561.235251 4124132.52268
302560.434247 4124132.4305
302559.678642 4124132.38167
302558.895642 4124132.30016
302558.104031 4124132.22997
302557.321291 4124132.15957
302556.548467 4124132.13334
302555.757378 4124132.08533
302554.939415 4124132.02686
302554.13189 4124132.03476
302553.369763 4124132.08599
302552.581285 4124132.14895
302551.802722 4124132.25608
302551.051294 4124132.38478
302550.282124 4124132.5139
302549.53174 4124132.68698
302548.809797 4124132.93711
302548.050281 4124133.09931
302547.245627 4124133.22926
302546.487155 4124133.43584
302545.729728 4124133.6868
302544.981954 4124133.97085
302544.262361 4124134.32084
302543.596776 4124134.70287
302542.949456 4124135.10668
302542.365016 4124135.54231
302541.825454 4124135.99909
302541.313288 4124136.48854
302540.855132 4124137.01002
302540.433764 4124137.58614
302540.048142 4124138.17253
302539.716791 4124138.80204
302539.430317 4124139.45271
302539.206984 4124140.1463
302539.028529 4124140.86104
302538.912432 4124141.58541
302538.849822 4124142.31963
302538.840438 4124143.05259
302538.857146 4124143.76274
302538.891334 4124144.46137
302538.934133 4124145.1487
302538.931793 4124145.80378
302538.911189 4124146.43709
302538.917198 4124147.06978
302538.913813 4124147.68048
302538.909124 4124148.2357
302538.903913 4124148.76872
302538.897396 4124149.24627
302538.898967 4124149.69032
302538.890623 4124150.0902
302538.899237 4124150.45637
302538.897937 4124150.77836
302538.886721 4124151.05618
302538.883593 4124151.3005
302468.891332 4123727.87813
302468.891332 4123727.87813
302468.838626 4123727.90157
302468.891854 4123727.90032
302468.90177 4123727.94449
302468.929951 4123728.01044
302468.995185 4123728.14213
302469.094599 4123728.21751
302469.196885 4123728.41494
302469.289777 4123728.59039
302469.400935 4123728.78761
302469.521225 4123728.99573
302469.660042 4123729.23671
302469.799119 4123729.48878
302469.929064 4123729.72997
302470.050138 4123729.97137
302470.188954 4123730.21235
302470.32777 4123730.45334
302470.440234 4123730.70604
302470.588182 4123730.95791
302470.736131 4123731.20978
302470.910956 4123731.47212
302471.112656 4123731.74492
302471.261127 4123732.01898
302471.464394 4123732.35837
302471.67627 4123732.68645
302471.896758 4123733.00322
302472.117506 4123733.33109
302472.320773 4123733.67048
302472.541782 4123734.00945
302472.762791 4123734.34841
302472.965797 4123734.6767
302473.151842 4123735.03869
302473.345976 4123735.36719
302473.541416 4123735.75117
302473.754076 4123736.11254
302473.977696 4123736.56246
302474.172352 4123736.91315
302474.385795 4123737.30781
302474.617504 4123737.72424
302474.867477 4123738.16245
302475.091881 4123738.64566
302475.333244 4123739.09517
302475.592611 4123739.55536
302475.842323 4123739.98247
302476.13796 4123740.47511
302476.433335 4123740.95665
302476.738103 4123741.46018
302477.006603 4123741.93126
302477.257098 4123742.39166
302477.490895 4123742.89686
302477.595531 4123743.19415
302477.846287 4123743.66565
302478.078518 4123744.10427
302478.301877 4123744.5431
302478.524974 4123744.97083
302478.739462 4123745.40988
302478.962298 4123745.82651
302479.167392 4123746.24357
302479.372485 4123746.66063
302479.568708 4123747.07789
302479.773801 4123747.49495
302479.969762 4123747.90112
302480.148241 4123748.3188
302480.326459 4123748.72539
302480.504416 4123749.12088
302480.682112 4123749.50528
302480.86033 4123749.91186
302481.003063 4123750.31929
302481.13614 4123750.69363
302481.294788 4123751.02296
302481.408294 4123751.32005
302481.503275 4123751.58427
302481.606344 4123751.81499
302481.682015 4123752.01305
302481.784823 4123752.23267
302481.923639 4123752.47365
302482.080981 4123752.7475
302482.256849 4123753.05423
302482.450721 4123753.37163
302482.662858 4123753.7108
302482.875517 4123754.07217
302483.106703 4123754.46641
302483.391117 4123754.8594
302483.65831 4123755.27499
302483.926287 4123755.72388
302484.221139 4123756.18323
302484.498248 4123756.643
302484.784228 4123757.10256
302485.061076 4123757.55124
302485.320181 4123758.00033
302485.59729 4123758.4601
302485.87466 4123758.93097
302486.170034 4123759.41252
302486.465669 4123759.90516
302486.770436 4123760.40869
302487.057461 4123760.91263
302487.3711 4123761.41595
302487.667257 4123761.93079
302487.981418 4123762.4563
302488.295578 4123762.98181
302488.618611 4123763.50712
302488.924422 4123764.05503
302489.238583 4123764.58054
302489.53474 4123765.09538
302489.830636 4123765.59911
302490.099656 4123766.09238
302490.368415 4123766.57455
302490.628564 4123767.06803
302490.897323 4123767.5502
302491.157211 4123768.03258
302491.426231 4123768.52585
302491.712733 4123769.00761
302491.981753 4123769.50087
302492.24164 4123769.98326
302492.519271 4123770.46522
302492.778897 4123770.9365
302493.038262 4123771.39669
302493.306499 4123771.85667
302493.565603 4123772.30577
302493.824707 4123772.75486
302494.084073 4123773.21505
302494.333783 4123773.64216
302494.574883 4123774.08057
302494.824594 4123774.50768
302495.047429 4123774.92432
302495.306011 4123775.35122
302495.529107 4123775.77896
302495.769685 4123776.19518
302496.00113 4123776.60051
302496.241969 4123777.02783
302496.473675 4123777.44426
302496.696249 4123777.84981
302496.900297 4123778.22248
302497.011453 4123778.4197
302497.00206 4123778.39772
302497.002321 4123778.40882
302497.011192 4123778.40861
302497.011192 4123778.40861
302497.020064 4123778.4084
