302461.8096 4123715.87678
302461.800989 4123715.88809
302461.782985 4123715.87741
302461.783247 4123715.88851
302461.829432 4123715.96513
302461.912409 4123716.09641
302462.032438 4123716.29342
302462.187431 4123716.46741
302462.370605 4123716.70735
302462.571 4123716.92467
302462.781311 4123717.18618
302463.018236 4123717.44706
302463.273166 4123717.71861
302463.510613 4123718.00168
302463.748322 4123718.29584
302463.986553 4123718.6122
302464.225045 4123718.93965
302464.454665 4123719.26732
302464.684808 4123719.61717
302464.905818 4123719.95614
302465.117957 4123720.29531
302465.321224 4123720.6347
302465.52423 4123720.96299
302465.718364 4123721.29148
302465.921109 4123721.60867
302466.106111 4123721.92628
302466.308855 4123722.24348
302466.50299 4123722.57197
302466.688253 4123722.90068
302466.855511 4123723.21871
302467.013899 4123723.53694
302467.163415 4123723.85539
302467.313192 4123724.18493
302467.51672 4123724.53541
302467.711898 4123724.90829
302467.907077 4123725.28117
302468.092862 4123725.63207
302468.288302 4123726.01605
302468.456866 4123726.38955
302468.643173 4123726.76264
302468.829219 4123727.12464
302468.997522 4123727.48705
302469.184091 4123727.87124
302469.360743 4123728.21125
302469.547311 4123728.59543
302469.751622 4123728.9792
302469.956717 4123729.39626
302470.180076 4123729.83509
302470.412307 4123730.27371
302470.662542 4123730.72301
302470.930259 4123731.1608
302471.180494 4123731.6101
302471.439078 4123732.037
302471.707056 4123732.48588
302471.983383 4123732.91237
302472.242229 4123733.35036
302472.527427 4123733.77664
302472.785489 4123734.18135
302473.025808 4123734.58647
302473.266388 4123735.00269
302473.497836 4123735.40803
302473.710757 4123735.78049
302473.897325 4123736.16468
302474.110507 4123736.54824
302474.342215 4123736.96467
302474.591667 4123737.38068
302474.805371 4123737.78643
302475.018814 4123738.18109
302475.25 4123738.57533
302475.490841 4123739.00264
302475.73116 4123739.40777
302475.972001 4123739.83509
302476.21232 4123740.24021
302476.44455 4123740.67884
302476.68513 4123741.09506
302476.907966 4123741.5117
302477.130803 4123741.92834
302477.344246 4123742.32299
302477.558211 4123742.73984
302477.763305 4123743.1569
302477.986142 4123743.57354
302478.191236 4123743.99059
302478.387458 4123744.40786
302478.601162 4123744.81361
302478.805733 4123745.20848
302479.010566 4123745.61444
302479.233141 4123746.01998
302479.455717 4123746.42552
302479.687425 4123746.84195
302479.910261 4123747.25859
302480.150841 4123747.67482
302480.365067 4123748.10276
302480.605907 4123748.53008
302480.85588 4123748.96828
302481.087849 4123749.39581
302481.337561 4123749.82292
302481.569791 4123750.26154
302481.810892 4123750.69996
302482.060604 4123751.12706
302482.310316 4123751.55417
302482.551678 4123752.00368
302482.792779 4123752.4421
302483.051623 4123752.88009
302483.292464 4123753.30741
302483.533565 4123753.74583
302483.783799 4123754.19513
302484.043165 4123754.65532
302484.329667 4123755.13707
302484.61617 4123755.61883
302484.920677 4123756.11126
302485.225183 4123756.60369
302485.556565 4123757.10659
302485.888731 4123757.64279
302486.220896 4123758.17898
302486.580197 4123758.73673
302486.921234 4123759.27272
302487.235656 4123759.80932
302487.532335 4123760.34635
302487.837886 4123760.88317
302488.133782 4123761.38691
302488.439071 4123761.91263
302488.717747 4123762.43897
302488.970068 4123762.97704
302489.23074 4123763.49271
302489.491933 4123764.03057
302489.761475 4123764.54603
302490.03154 4123765.08369
302490.319348 4123765.62092
302490.607155 4123766.15816
302490.903834 4123766.69518
302491.191119 4123767.21022
302491.460922 4123767.73678
302491.766212 4123768.2625
302492.053236 4123768.76645
302492.322778 4123769.28191
302492.582926 4123769.77539
302492.852469 4123770.29085
302493.112878 4123770.79542
302493.355023 4123771.27822
302493.623782 4123771.76039
302493.883669 4123772.24277
302494.152428 4123772.72494
302494.421187 4123773.20712
302494.690206 4123773.70038
302494.940961 4123774.17188
302495.191455 4123774.63228
302495.441687 4123775.08158
302495.692181 4123775.54197
302495.951546 4123776.00216
302496.21065 4123776.45126
302496.452011 4123776.90077
302496.701721 4123777.32788
302496.951954 4123777.77718
302497.211319 4123778.23737
302497.479033 4123778.67516
302497.738398 4123779.13534
302498.006112 4123779.57313
302498.274348 4123780.03311
302498.551194 4123780.48179
302498.81943 4123780.94177
302499.096277 4123781.39044
302499.364252 4123781.83933
302499.641359 4123782.2991
302499.92786 4123782.78086
302500.187225 4123783.24104
302500.455461 4123783.70102
302500.697083 4123784.16163
302500.921745 4123784.65594
302501.128925 4123785.16177
302501.326973 4123785.65671
302501.516932 4123786.18514
302501.688888 4123786.7029
302501.834752 4123787.24347
302501.954262 4123787.79577
302502.05603 4123788.34849
302502.149187 4123788.9125
302502.251216 4123789.47632
302502.335501 4123790.04054
302502.419526 4123790.59368
302502.486069 4123791.15832
302502.52652 4123791.74578
302502.522353 4123792.3232
302502.491572 4123792.90123
302502.406779 4123793.44724
302502.295633 4123794.00496
302502.14874 4123794.55242
302501.983583 4123795.07811
302501.764674 4123795.58286
302501.510281 4123796.08844
302501.219357 4123796.55048
302500.910952 4123797.02402
302500.575933 4123797.4982
302500.213516 4123797.93971
302499.832312 4123798.33726
302499.442237 4123798.73501
302499.034158 4123799.12209
302498.607814 4123799.48739
302498.163467 4123799.84201
302497.709725 4123800.17465
302497.255723 4123800.49619
302496.80146 4123800.80664
302496.346936 4123801.10599
302495.874407 4123801.39466
302495.41049 4123801.67203
302494.946572 4123801.9494
302494.463867 4123802.1828
302493.990033 4123802.41599
302493.515156 4123802.6048
302493.03219 4123802.82711
302492.540614 4123803.06072
302492.049038 4123803.29433
302491.549112 4123803.55034
302491.06693 4123803.80593
302490.567266 4123804.07304
302490.067862 4123804.35124
302489.57707 4123804.61814
302489.086016 4123804.87394
302488.594962 4123805.12975
302488.121651 4123805.38513
302487.630336 4123805.62984
302487.139283 4123805.88564
302486.665972 4123806.14103
302486.18379 4123806.39662
302485.684126 4123806.66373
302485.201944 4123806.91932
302484.720023 4123807.18601
302484.246712 4123807.4414
302483.76453 4123807.69699
302483.291219 4123807.95238
302482.800166 4123808.20818
302482.308851 4123808.45288
302481.826669 4123808.70848
302481.343965 4123808.94188
302480.869871 4123809.16398
302480.396039 4123809.39717
302479.939426 4123809.60776
302479.491686 4123809.81813
302479.052555 4123810.0172
302478.631168 4123810.21585
302478.21839 4123810.4032
302477.814484 4123810.59034
302477.41945 4123810.77727
302477.024415 4123810.9642
302476.638252 4123811.15092
302476.243479 4123811.34895
302475.848444 4123811.53588
302475.427579 4123811.75673
302475.006975 4123811.98867
302474.586371 4123812.22061
302474.166028 4123812.46365
302473.736813 4123812.70689
302473.316993 4123812.97212
302472.905782 4123813.22605
302472.494833 4123813.49107
302472.083884 4123813.75609
302471.681806 4123814.0209
302471.289122 4123814.3077
302470.896438 4123814.59449
302470.521496 4123814.88087
302470.155426 4123815.16704
302469.81597 4123815.45258
302469.494518 4123815.7488
302469.190809 4123816.04461
302468.913975 4123816.35088
302468.628531 4123816.66846
302468.344131 4123817.03042
302468.051383 4123817.41478
302467.768289 4123817.83223
302467.503721 4123818.28254
302467.248808 4123818.76593
302467.02938 4123819.24849
302466.837872 4123819.7859
302466.67324 4123820.33378
302466.544093 4123820.88083
302466.415207 4123821.43897
302466.33981 4123822.00696
302466.281895 4123822.56343
302466.268598 4123823.12995
302466.281916 4123823.69585
302466.322108 4123824.27222
302466.433271 4123824.84691
302466.553306 4123825.4214
302466.682212 4123825.99568
302466.793375 4123826.57038
302466.966899 4123827.15471
302467.131291 4123827.72816
302467.322558 4123828.31207
302467.549049 4123828.88406
302467.757275 4123829.43427
302468.018729 4123829.98322
302468.253308 4123830.52171
302468.505368 4123831.04868
302468.765778 4123831.55325
302469.025665 4123832.03563
302469.285813 4123832.52911
302469.554311 4123833.00019
302469.82307 4123833.48236
302470.091567 4123833.95343
302470.360064 4123834.42451
302470.628301 4123834.88449
302470.896798 4123835.35556
302471.165034 4123835.81554
302471.424399 4123836.27573
302471.674893 4123836.73613
302471.943129 4123837.19611
302472.211626 4123837.66718
302472.480123 4123838.13826
302472.74862 4123838.60933
302473.016856 4123839.06931
302473.27596 4123839.51841
302473.544718 4123840.00058
302473.812693 4123840.44946
302474.080929 4123840.90944
302474.339771 4123841.34744
302474.598874 4123841.79653
302474.848845 4123842.23473
302475.098816 4123842.67294
302475.35792 4123843.12203
302475.608413 4123843.58243
302475.858645 4123844.03173
302476.109138 4123844.49213
302476.368502 4123844.95231
302476.618995 4123845.41271
302476.896624 4123845.89467
302477.174253 4123846.37664
302477.451882 4123846.8586
302477.738644 4123847.35145
302478.016273 4123847.83341
302478.293902 4123848.31538
302478.580141 4123848.78603
302478.857248 4123849.24581
302479.079299 4123849.62916
302479.30996 4123850.0012
302479.53175 4123850.37346
302479.725359 4123850.67976
302479.937755 4123851.03004
302480.160328 4123851.43558
302480.401688 4123851.88509
302480.670185 4123852.35616
302480.948336 4123852.86032
302481.244751 4123853.38625
302481.576653 4123853.91134
302481.926035 4123854.42493
302482.302032 4123854.93788
302482.695771 4123855.45042
302483.133345 4123855.93972
302483.588139 4123856.40641
302484.086506 4123856.83877
302484.610443 4123857.22612
302485.133075 4123857.55799
302485.663011 4123857.82308
302486.199729 4123857.99918
302486.73462 4123858.09762
302487.250463 4123858.14099
302487.738125 4123858.11841
302488.224221 4123858.02926
302488.700662 4123857.90703
302489.166926 4123857.72952
302489.597705 4123857.55286
302490.028745 4123857.38728
302490.432388 4123857.18905
302490.835247 4123856.95752
302491.246456 4123856.7036
302491.648793 4123856.44989
302492.051653 4123856.21836
302492.454251 4123855.97574
302492.865721 4123855.73292
302493.285279 4123855.45659
302493.713708 4123855.18006
302494.212847 4123854.89076
302494.712247 4123854.61256
302495.254959 4123854.28892
302495.789323 4123853.98769
302496.306727 4123853.72017
302496.805866 4123853.43087
302497.278652 4123853.15329
302497.733956 4123852.88723
302498.189522 4123852.63226
302498.618735 4123852.38902
302499.05708 4123852.15666
302499.477161 4123851.90253
302499.889153 4123851.68189
302500.300884 4123851.45016
302500.712616 4123851.21843
302501.115737 4123850.99801
302501.536601 4123850.77716
302501.965553 4123850.52282
302502.386417 4123850.30198
302502.824762 4123850.06962
302503.27224 4123849.84815
302503.736677 4123849.59297
302504.175284 4123849.37171
302504.621979 4123849.11696
302505.077545 4123848.86199
302505.524501 4123848.61833
302505.980328 4123848.37446
302506.427023 4123848.1197
302506.873979 4123847.87604
302507.338416 4123847.62086
302507.811725 4123847.36548
302508.275641 4123847.08811
302508.748689 4123846.82163
302509.221476 4123846.54405
302509.685391 4123846.26669
302510.140697 4123846.00062
302510.622355 4123845.72284
302511.103491 4123845.42286
302511.611242 4123845.12226
302512.118992 4123844.82166
302512.635092 4123844.49865
302513.160324 4123844.18654
302513.694427 4123843.87421
302514.219137 4123843.5399
302514.75298 4123843.21648
302515.313175 4123842.88134
302515.856411 4123842.5799
302516.372772 4123842.268
302516.889655 4123841.97828
302517.397667 4123841.68877
302517.88872 4123841.43297
302518.389426 4123841.21025
302518.889872 4123840.97643
302519.380141 4123840.68734
302519.89833 4123840.45311
302520.424868 4123840.19647
302520.943056 4123839.96224
302521.487859 4123839.72738
302521.979434 4123839.49377
302522.497622 4123839.25954
302522.962844 4123839.03765
302523.436937 4123838.81555
302523.893026 4123838.58278
302524.340505 4123838.36131
302524.787723 4123838.12875
302525.243813 4123837.89597
302525.708513 4123837.6519
302526.199565 4123837.3961
302526.7081 4123837.12878
302527.224984 4123836.83907
302527.76822 4123836.53763
302528.302586 4123836.2364
302528.880786 4123835.91194
302529.441244 4123835.58789
302530.028315 4123835.26322
302530.615126 4123834.92745
302531.175323 4123834.59231
302531.736041 4123834.27936
302532.270668 4123833.98923
302532.76981 4123833.69993
302533.242598 4123833.42236
302533.732868 4123833.13327
302534.214006 4123832.83329
302534.704537 4123832.5553
302535.222465 4123832.30997
302535.731 4123832.04266
302536.221793 4123831.77576
302536.703714 4123831.50908
302537.186679 4123831.28677
302537.652424 4123831.08708
302538.116602 4123830.82081
302538.590174 4123830.57653
302539.046525 4123830.35485
302539.52949 4123830.13255
302540.020805 4123829.88784
302540.494116 4123829.63246
302540.967688 4123829.38817
302541.450131 4123829.14368
302541.949795 4123828.87658
302542.449459 4123828.60947
302542.966605 4123828.33085
302543.47514 4123828.06354
302544.019161 4123827.79539
302544.571532 4123827.50485
302545.123902 4123827.2143
302545.685405 4123826.93464
302546.246647 4123826.64388
302546.807627 4123826.34203
302547.350866 4123826.04059
302547.902714 4123825.72785
302548.427949 4123825.41574
302548.953444 4123825.11472
302549.48755 4123824.8024
302550.021656 4123824.49008
302550.520799 4123824.20078
302550.976367 4123823.94582
302551.431936 4123823.69085
302551.808446 4123823.47105
302552.184955 4123823.25126
302552.596428 4123823.00843
302553.060608 4123822.74216
302553.585842 4123822.43005
302554.190398 4123822.09387
302554.787125 4123821.80227
302555.462391 4123821.45333
302556.09356 4123821.11652
302556.715858 4123820.77991
302557.303193 4123820.46634
302557.890528 4123820.15277
302558.460642 4123819.8618
302559.029973 4123819.53755
302559.591215 4123819.24679
302560.143587 4123818.95625
302560.705091 4123818.67659
302561.267116 4123818.41912
302561.820271 4123818.16186
302562.364815 4123817.91591
302562.910142 4123817.70324
302563.429638 4123817.52449
302563.931913 4123817.36835
302564.425839 4123817.2346
302564.911677 4123817.13436
302565.388904 4123817.04542
302565.875786 4123816.98956
302566.38041 4123816.93328
302566.894949 4123816.92118
302567.41836 4123816.90887
302567.951687 4123816.94073
302568.503278 4123816.99437
302569.038953 4123817.1261
302569.619246 4123817.26788
302570.20841 4123817.40946
302570.79053 4123817.62891
302571.381782 4123817.85925
302571.947986 4123818.15679
302572.515234 4123818.49872
302573.099441 4123818.80694
302573.659122 4123819.20456
302574.156443 4123819.59254
302574.681943 4123820.04647
302575.215532 4123820.46691
302575.722507 4123820.88797
302576.221654 4123821.35362
302576.685577 4123821.83121
302577.132539 4123822.3425
302577.552366 4123822.83222
302577.9461 4123823.34476
302578.357056 4123823.83469
302578.741397 4123824.32525
302579.125999 4123824.82691
302579.493119 4123825.34008
302579.833886 4123825.86496
302580.165782 4123826.39006
302580.487762 4123826.87099
302580.774518 4123827.36384
302581.052402 4123827.8569
302581.320894 4123828.32798
302581.589385 4123828.79906
302581.848743 4123829.25925
302582.125845 4123829.71902
302582.394336 4123830.1901
302582.671437 4123830.64988
302582.939928 4123831.12096
302583.189633 4123831.54807
302583.448208 4123831.97497
302583.706784 4123832.40188
302583.965621 4123832.83987
302584.234111 4123833.31095
302584.482772 4123833.69368
302584.732476 4123834.12079
302584.972004 4123834.49263
302585.184918 4123834.8651
302585.424707 4123835.24804
302585.701286 4123835.68562
302585.996913 4123836.17826
302586.338723 4123836.74754
302586.689665 4123837.3277
302587.050001 4123837.92984
302587.339365 4123838.53366
302587.609944 4123839.09351
302587.879739 4123839.62006
302588.140402 4123840.13574
302588.391932 4123840.64052
302588.64268 4123841.11202
302588.884295 4123841.57263
302589.12565 4123842.02214
302589.358133 4123842.47186
302589.581223 4123842.8996
302589.822577 4123843.34911
302590.05506 4123843.79883
302590.287804 4123844.25965
302590.511676 4123844.72068
302590.718067 4123845.19322
302590.93359 4123845.67664
302591.158245 4123846.17096
302591.392294 4123846.68725
302591.644085 4123847.20314
302591.869001 4123847.70855
302592.103832 4123848.25813
302592.294307 4123848.80876
302592.457907 4123849.34892
302592.604024 4123849.90059
302592.696392 4123850.43132
302592.79711 4123850.93965
302592.871213 4123851.44861
302592.909309 4123851.93621
302592.911659 4123852.41355
302592.887395 4123852.89151
302592.835995 4123853.34791
302592.777028 4123853.86
302592.682576 4123854.37292
302592.544289 4123854.90908
302592.415396 4123855.46722
302592.259367 4123856.00379
302592.085595 4123856.54078
302591.929304 4123857.06626
302591.755011 4123857.58106
302591.572367 4123858.11826
302591.362327 4123858.6228
302591.126195 4123859.15015
302590.881453 4123859.68881
302590.61949 4123860.25008
302590.33013 4123860.77869
302590.014156 4123861.30792
302589.68905 4123861.82627
302589.33733 4123862.34524
302588.967606 4123862.85353
302588.579879 4123863.35115
302588.173627 4123863.81589
302587.731367 4123864.25928
302587.261449 4123864.6589
302586.764657 4123865.04806
302586.240207 4123865.39346
302585.706885 4123865.73907
302585.173564 4123866.08468
302584.630588 4123866.39721
302584.087351 4123866.69864
302583.543332 4123866.96679
302582.999834 4123867.25712
302582.464947 4123867.53615
302581.939192 4123867.82607
302581.413699 4123868.12709
302580.879073 4123868.41722
302580.362711 4123868.72912
302579.836696 4123869.00795
302579.31068 4123869.28677
302578.793536 4123869.56539
302578.276392 4123869.844
302577.750376 4123870.12282
302577.233232 4123870.40144
302576.716088 4123870.68006
302576.181723 4123870.98128
302575.673451 4123871.25969
302575.156046 4123871.52721
302574.620637 4123871.78405
302574.076879 4123872.06329
302573.541993 4123872.34232
302573.015716 4123872.61005
302572.46387 4123872.92279
302571.920113 4123873.20203
302571.385226 4123873.48106
302570.832858 4123873.77161
302570.289362 4123874.06195
302569.737255 4123874.36359
302569.185148 4123874.66523
302568.623909 4123874.95599
302568.071802 4123875.25763
302567.519695 4123875.55927
302566.967327 4123875.84982
302566.424353 4123876.16235
302565.880857 4123876.45269
302565.346493 4123876.75391
302564.820739 4123877.04384
302564.286375 4123877.34506
302563.74314 4123877.6465
302563.19025 4123877.91485
302562.638144 4123878.21649
302562.085516 4123878.49594
302561.523755 4123878.76451
302560.980259 4123879.05485
302560.401017 4123879.33492
302559.81212 4123879.58192
302559.20522 4123879.81824
302558.562313 4123880.0332
302557.927755 4123880.22576
302557.257712 4123880.41916
302556.603323 4123880.52337
302555.939802 4123880.61669
302555.283587 4123880.64323
302554.688948 4123880.64612
302554.101876 4123880.59331
302553.531764 4123880.5068
302552.996092 4123880.37508
302552.46877 4123880.22095
302551.932315 4123880.05593
302551.403427 4123879.83523
302550.883149 4123879.60322
302550.343562 4123879.30505
302549.803714 4123878.99579
302549.263083 4123878.65323
302548.73889 4123878.25478
302548.232178 4123877.84482
302547.768517 4123877.37833
302547.330688 4123876.87793
302546.910339 4123876.36602
302546.472249 4123875.85452
302546.050856 4123875.29822
302545.629464 4123874.74193
302545.1992 4123874.18584
302544.794767 4123873.59583
302544.373114 4123873.02844
302543.977813 4123872.44932
302543.582512 4123871.87021
302543.169208 4123871.28041
302542.80887 4123870.67827
302542.457404 4123870.07592
302542.141422 4123869.47273
302541.789695 4123868.85928
302541.429879 4123868.27933
302541.087284 4123867.67677
302540.745211 4123867.0964
302540.403137 4123866.51603
302540.087417 4123865.92394
302539.77248 4123865.36514
302539.475546 4123864.81702
302539.170524 4123864.30239
302538.91012 4123863.79781
302538.650237 4123863.31543
302538.390094 4123862.82195
302538.12995 4123862.32848
302537.851542 4123861.81322
302537.582005 4123861.29776
302537.303336 4123860.77141
302537.033277 4123860.23376
302536.736604 4123859.69673
302536.439409 4123859.13751
302536.142214 4123858.57829
302535.862761 4123858.01866
302535.547562 4123857.44876
302535.241235 4123856.87865
302534.952389 4123856.29703
302534.663543 4123855.71541
302534.375218 4123855.15598
302534.086633 4123854.58546
302533.789177 4123854.01514
302533.500592 4123853.44462
302533.202874 4123852.86321
302532.905156 4123852.28179
302532.589957 4123851.7119
302532.274497 4123851.1309
302531.98565 4123850.54928
302531.679061 4123849.96808
302531.381604 4123849.39776
302531.084931 4123848.86074
302530.797128 4123848.3235
302530.527591 4123847.80804
302530.248659 4123847.27059
302529.969989 4123846.74424
302529.708801 4123846.20638
302529.430131 4123845.68003
302529.142328 4123845.1428
302528.863136 4123844.59426
302528.566201 4123844.04613
302528.269788 4123843.5202
302527.990856 4123842.98276
302527.694443 4123842.45683
302527.433515 4123841.93006
302527.145712 4123841.39282
302526.840428 4123840.8671
302526.543493 4123840.31898
302526.237947 4123839.78216
302525.941012 4123839.23404
302525.653209 4123838.6968
302525.33853 4123838.1491
302525.050466 4123837.60076
302524.735527 4123837.04196
302524.437808 4123836.46055
302524.140351 4123835.89024
302523.843154 4123835.33102
302523.554829 4123834.77159
302523.257632 4123834.21237
302522.960696 4123833.66425
302522.672632 4123833.11591
302522.393699 4123832.57847
302522.096503 4123832.01925
302521.826181 4123831.4705
302521.56473 4123830.92154
302521.276666 4123830.37321
302520.988079 4123829.80269
302520.699231 4123829.22107
302520.401773 4123828.65075
302520.112925 4123828.06913
302519.83321 4123827.4984
302519.544623 4123826.92788
302519.246903 4123826.34646
302518.940051 4123825.75417
302518.606585 4123825.16249
302518.290601 4123824.55931
302517.966006 4123823.96743
302517.676897 4123823.37471
302517.370306 4123822.79351
302517.054583 4123822.20142
302516.747731 4123821.60912
302516.431485 4123820.99484
302516.1155 4123820.39165
302515.808387 4123819.78826
302515.501013 4123819.17377
302515.176157 4123818.57079
302514.869304 4123817.97849
302514.55358 4123817.3864
302514.264732 4123816.80478
302513.967273 4123816.23447
302513.651549 4123815.64238
302513.35409 4123815.07206
302513.047759 4123814.50196
302512.732296 4123813.92096
302512.416572 4123813.32888
302512.101109 4123812.74788
302511.785646 4123812.16689
302511.461051 4123811.57501
302511.16333 4123810.9936
302510.829863 4123810.40192
302510.5144 4123809.82093
302510.198937 4123809.23994
302509.883996 4123808.68114
302509.577665 4123808.11103
302509.254374 4123807.57463
302508.948565 4123807.02672
302508.625014 4123806.47922
302508.310333 4123805.93151
302507.995653 4123805.38381
302507.681234 4123804.8472
302507.384296 4123804.29908
302507.087619 4123803.76205
302506.817557 4123803.2244
302506.530012 4123802.69826
302506.241946 4123802.14993
302505.972144 4123801.62337
302505.675468 4123801.08634
302505.405666 4123800.55979
302505.118383 4123800.04474
302504.831099 4123799.5297
302504.543294 4123798.99247
302504.246356 4123798.44434
302503.949679 4123797.90732
302503.634998 4123797.35961
302503.329449 4123796.82279
302503.02364 4123796.27488
302502.699565 4123795.70519
302502.357487 4123795.12482
302502.006276 4123794.53357
302501.645932 4123793.93143
302501.267324 4123793.30751
302500.888193 4123792.6614
302500.518195 4123792.02618
302500.139325 4123791.39117
302499.769326 4123790.75595
302499.399589 4123790.13183
302499.029591 4123789.4966
302498.650982 4123788.87269
302498.272112 4123788.23768
302497.911507 4123787.62444
302497.550901 4123787.0112
302497.208561 4123786.41974
302496.884486 4123785.85005
302496.560933 4123785.30255
302496.246251 4123784.75485
302495.93183 4123784.21824
302495.626281 4123783.68142
302495.31186 4123783.14481
302495.006833 4123782.63019
302494.692412 4123782.09358
302494.359726 4123781.5352
302494.017646 4123780.95483
302493.639298 4123780.34201
302493.260166 4123779.6959
302492.880773 4123779.0387
302492.491464 4123778.33732
302492.110766 4123777.62463
302491.765553 4123776.91112
302491.438344 4123776.20828
302491.102524 4123775.51674
302490.784187 4123774.81369
302490.457239 4123774.12195
302490.120897 4123773.40822
302489.793949 4123772.71647
302489.431254 4123772.01447
302489.059165 4123771.29048
302488.695687 4123770.55519
302488.313943 4123769.79812
302487.932722 4123769.06324
302487.533758 4123768.32878
302487.152797 4123767.605
302486.753572 4123766.85945
302486.300073 4123766.07076
302485.818655 4123765.22722
302485.319233 4123764.373
302484.829204 4123763.54077
302484.375183 4123762.72989
302483.939427 4123761.94079
302483.522458 4123761.19565
302483.124276 4123760.49448
302482.726878 4123759.8266
302482.356616 4123759.18028
302482.014273 4123758.58882
302481.672714 4123758.03065
302481.358553 4123757.50513
302481.06344 4123757.03468
302480.813206 4123756.58538
302480.581237 4123756.15786
302480.368317 4123755.78539
302480.173922 4123755.4458
302479.997793 4123755.12798
302479.831319 4123754.84324
302479.673977 4123754.56939
302479.526028 4123754.31752
302479.387213 4123754.07654
302479.248136 4123753.82446
302479.100187 4123753.57259
302478.942845 4123753.29874
302478.776371 4123753.014
302478.609374 4123752.70707
302478.406108 4123752.36768
302478.201798 4123751.98392
302477.996966 4123751.57795
302477.783001 4123751.16111
302477.541116 4123750.6894
302477.290098 4123750.20682
302477.011422 4123749.68047
302476.732746 4123749.15412
302476.444676 4123748.60579
302476.17461 4123748.06814
302475.904805 4123747.54158
302475.635522 4123747.03722
302475.393637 4123746.56552
302475.152013 4123746.10491
302474.937525 4123745.66587
302474.714166 4123745.22704
302474.482458 4123744.81061
302474.268493 4123744.39376
302474.054527 4123743.97691
302473.831691 4123743.56027
302473.617725 4123743.14343
302473.40376 4123742.72658
302473.162658 4123742.28816
302472.930427 4123741.84954
302472.689586 4123741.42222
302472.448745 4123740.99491
302472.235041 4123740.58915
302472.003593 4123740.18382
302471.781278 4123739.78937
302471.577229 4123739.4167
302471.382573 4123739.06601
302471.197571 4123738.7484
