323177.764949 4164534.34978
323177.493909 4164534.47768
323177.18898 4164534.67291
323176.867344 4164534.91291
323176.47509 4164535.15441
323176.066839 4164535.47396
323175.569842 4164535.7732
323175.091447 4164536.11645
323174.568678 4164536.44955
323174.028492 4164536.79412
323173.514787 4164537.13813
323173.001083 4164537.48213
323172.469961 4164537.83761
323171.939313 4164538.21528
323171.408191 4164538.57076
323170.851298 4164538.96009
323170.284867 4164539.31632
323169.754456 4164539.70509
323169.214507 4164540.06076
323168.710104 4164540.42676
323168.205701 4164540.79277
323167.683881 4164541.17026
323167.179715 4164541.54736
323166.649067 4164541.92503
323166.153492 4164542.29085
323165.657917 4164542.65668
323165.171169 4164543.02231
323164.684421 4164543.38794
323164.197199 4164543.73138
323163.710215 4164544.08592
323163.214166 4164544.42955
323162.762253 4164544.77223
323162.292686 4164545.1153
323161.83171 4164545.44707
323161.352605 4164545.75704
323160.909994 4164546.12173
323160.458082 4164546.46441
323159.997105 4164546.79619
323159.554494 4164547.16088
323159.084691 4164547.49285
323158.641606 4164547.83535
323158.198521 4164548.17785
323157.764027 4164548.50906
323157.311878 4164548.84065
323156.86832 4164549.16096
323156.468424 4164549.45813
323156.051348 4164549.77787
323155.616143 4164550.07579
323155.189765 4164550.37353
323154.781516 4164550.69308
323154.355139 4164550.99082
323154.009392 4164551.34234
323153.592078 4164551.65099
323153.183593 4164551.95944
323152.802062 4164552.28953
323152.393813 4164552.60908
323151.958609 4164552.907
323151.532469 4164553.21584
323151.132336 4164553.50191
323150.750332 4164553.8098
323150.394574 4164554.10603
323150.012096 4164554.39173
323149.647273 4164554.67705
323149.282213 4164554.95128
323148.917153 4164555.2255
323148.55233 4164555.51082
323148.161262 4164555.80781
323147.796676 4164556.10422
323147.396781 4164556.40139
323147.014541 4164556.69819
323146.606292 4164557.01774
323146.268425 4164557.32469
323145.930558 4164557.63164
323145.53949 4164557.92862
323145.174668 4164558.21394
323144.782889 4164558.47764
323144.418067 4164558.76296
323144.062308 4164559.05919
323143.706076 4164559.33323
323143.34149 4164559.62964
323142.975483 4164559.85948
323142.583468 4164560.11208
323142.209818 4164560.39759
323141.844759 4164560.67182
323141.470635 4164560.93514
323141.122757 4164561.18679
323140.766051 4164561.43864
323140.445128 4164561.71192
323140.088185 4164561.95267
323139.731953 4164562.22671
323139.375721 4164562.50074
323139.037143 4164562.7744
323138.680675 4164563.03734
323138.315852 4164563.32267
323137.942203 4164563.60818
323137.551136 4164563.90516
323137.150767 4164564.18014
323136.795246 4164564.48747
323136.395115 4164564.77354
323136.047711 4164565.04739
323135.691242 4164565.31033
323135.32642 4164565.59565
323134.943706 4164565.87026
323134.578648 4164566.14448
323134.240307 4164566.42924
323133.911031 4164566.7249
323133.555037 4164567.01004
323133.224576 4164567.25022
323132.885525 4164567.50169
323132.519993 4164567.75372
323132.180705 4164567.99409
323131.823762 4164568.23484
323131.511667 4164568.50794
323131.137071 4164568.74906
323130.753883 4164569.00147
323130.379761 4164569.26479
323130.032593 4164569.54974
323129.667061 4164569.80177
323129.31083 4164570.07581
323128.945534 4164570.33894
323128.534917 4164570.54753
323128.151257 4164570.77775
323127.785013 4164570.99649
323127.455264 4164571.26997
323127.098559 4164571.52181
323126.741854 4164571.77366
323126.429048 4164572.01346
323126.106941 4164572.23127
323125.794136 4164572.47107
323125.454611 4164572.70035
323125.14228 4164572.96235
323124.802992 4164573.20272
323124.453693 4164573.3878
323124.114642 4164573.63927
323123.784182 4164573.87945
323123.436068 4164574.12001
323123.115146 4164574.3933
323122.785397 4164574.66677
323122.472828 4164574.91767
323122.133541 4164575.15804
323121.784953 4164575.37641
323121.418236 4164575.57296
323121.042218 4164575.74751
323120.719637 4164575.94312
323120.360563 4164576.08401
323119.983597 4164576.21417
323119.597331 4164576.32233
323119.263553 4164576.40717
323118.88564 4164576.49295
323118.48006 4164576.52381
323118.056588 4164576.54396
323117.614514 4164576.52009
323117.145721 4164576.4857
323116.702699 4164576.41745
323116.294512 4164576.32626
323115.884904 4164576.16848
323115.519669 4164576.02087
323115.125819 4164575.77395
323114.759162 4164575.55975
323114.417565 4164575.27841
323114.093859 4164575.0078
323113.787334 4164574.71461
323113.497752 4164574.38775
323113.199343 4164574.06109
323112.918589 4164573.73404
323112.646425 4164573.39572
323112.382851 4164573.0461
323112.128342 4164572.7074
323111.890776 4164572.33503
323111.662274 4164571.97357
323111.433773 4164571.6121
323111.205034 4164571.23955
323110.958404 4164570.85627
323110.729428 4164570.47261
323110.526223 4164570.0551
323110.323966 4164569.68198
323110.183026 4164569.28534
323110.060215 4164568.91052
323109.955294 4164568.54642
323109.911691 4164568.15881
323109.876916 4164567.77101
323109.869095 4164567.40483
323109.887994 4164567.04919
323109.934086 4164566.72626
323109.980414 4164566.41444
323110.070642 4164566.09057
323110.16946 4164565.75543
323110.284985 4164565.37552
323110.391919 4164565.00689
323110.525573 4164564.64879
323110.650162 4164564.27979
323110.774277 4164563.8886
323110.845665 4164563.50963
323110.925881 4164563.13047
323111.01445 4164562.72893
323111.032401 4164562.3289
323111.094252 4164561.91683
323111.094074 4164561.49499
323111.049997 4164561.08518
323110.997804 4164560.70885
323110.901 4164560.31128
323110.778425 4164559.94755
323110.639381 4164559.63969
323110.491035 4164559.30981
323110.308091 4164559.01399
323110.090075 4164558.73001
323109.880413 4164558.42365
323109.679814 4164558.1282
323109.461087 4164557.81093
323109.233533 4164557.49386
323108.98785 4164557.15496
323108.741693 4164556.79388
323108.486946 4164556.44408
323108.258918 4164556.10481
323108.004645 4164555.7772
323107.759673 4164555.4716
323107.549773 4164555.15414
323107.331046 4164554.83688
323107.094901 4164554.53108
323106.876174 4164554.21382
323106.640029 4164553.90802
323106.412001 4164553.56875
323106.166318 4164553.22986
323105.912282 4164552.91335
323105.675189 4164552.56317
323105.420915 4164552.23556
323105.174995 4164551.88557
323104.929786 4164551.56887
323104.69293 4164551.22979
323104.447484 4164550.902
323104.202038 4164550.5742
323103.956592 4164550.2464
323103.710909 4164549.90751
323103.448045 4164549.59119
323103.158225 4164549.25324
323102.842634 4164548.94914
323102.52657 4164548.62285
323102.201915 4164548.30785
323101.860316 4164548.02651
323101.510127 4164547.75646
323101.152296 4164547.54208
323100.7854 4164547.31678
323100.437107 4164547.1355
323100.08046 4164546.9766
323099.715223 4164546.82898
323099.323979 4164546.70412
323098.924617 4164546.61274
323098.51714 4164546.55483
323098.135907 4164546.48527
323097.75586 4164546.47118
323097.34074 4164546.46895
323096.934447 4164546.46652
323096.520986 4164546.54196
323096.123995 4164546.56154
323095.709586 4164546.59259
323095.27776 4164546.63512
323094.863114 4164546.65508
323094.430576 4164546.66432
323093.997565 4164546.65136
323093.572196 4164546.58274
323093.145878 4164546.46973
323092.717902 4164546.27905
323092.359834 4164546.05357
323091.992227 4164545.79499
323091.658981 4164545.49127
323091.343153 4164545.17608
323091.053332 4164544.83813
323090.763749 4164544.51127
323090.474165 4164544.18442
323090.184345 4164543.84647
323089.903589 4164543.51943
323089.622596 4164543.18129
323089.368321 4164542.85368
323089.10522 4164542.52626
323088.832817 4164542.17684
323088.560651 4164541.83851
323088.297075 4164541.4889
323088.016319 4164541.16186
323087.743916 4164540.81244
323087.489404 4164540.47373
323087.261138 4164540.12337
323086.997799 4164539.78485
323086.769295 4164539.42339
323086.558209 4164539.05046
323086.381485 4164538.63238
323086.24937 4164538.23556
323086.170457 4164537.8487
323086.134495 4164537.40542
323086.143854 4164537.01667
323086.215005 4164536.62661
323086.294509 4164536.21416
323086.427925 4164535.84497
323086.614305 4164535.47465
323086.800921 4164535.11542
323087.050751 4164534.82145
323087.3273 4164534.53801
323087.614335 4164534.33206
323087.891832 4164534.093
323088.14261 4164533.84342
323088.482372 4164533.62524
323088.78564 4164533.35233
323089.115153 4164533.06776
323089.444192 4164532.761
323089.853388 4164532.48583
323090.271174 4164532.19937
323090.635996 4164531.91405
323091.000344 4164531.60653
323091.391885 4164531.33174
323091.800844 4164531.04547
323092.191911 4164530.74848
323092.582979 4164530.4515
323092.992174 4164530.17633
323093.383716 4164529.90153
323093.77502 4164529.61565
323094.157971 4164529.35214
323094.523031 4164529.07791
323094.888801 4164528.83697
323095.24527 4164528.57403
323095.602213 4164528.33328
323095.942213 4164528.12619
323096.26361 4164527.8751
323096.594545 4164527.65711
323096.925243 4164527.42802
323097.255467 4164527.17674
323097.59523 4164526.95856
323097.943346 4164526.718
323098.300289 4164526.47725
323098.665823 4164526.22521
323099.023003 4164525.99556
323099.389011 4164525.76571
323099.737364 4164525.53625
323100.07689 4164525.30697
323100.398761 4164525.07807
323100.747588 4164524.8708
323101.087351 4164524.65262
323101.453596 4164524.43387
323101.757338 4164524.18316
323102.141001 4164523.95294
323102.507245 4164523.73419
323102.87349 4164523.51545
323103.239735 4164523.2967
323103.60598 4164523.07795
323103.945743 4164522.85977
323104.294333 4164522.6414
323104.634333 4164522.43432
323104.991751 4164522.21576
323105.349168 4164521.9972
323105.697759 4164521.77884
323106.064004 4164521.56009
323106.403767 4164521.34191
323106.734702 4164521.12392
323107.066112 4164520.92812
323107.387747 4164520.68812
323107.754703 4164520.50266
323108.10353 4164520.29539
323108.443767 4164520.0994
323108.77494 4164519.89251
323109.11494 4164519.68542
323109.446113 4164519.47853
323109.768459 4164519.27182
323110.08174 4164519.05421
323110.395732 4164518.86988
323110.718078 4164518.66317
323111.022295 4164518.43465
323111.352994 4164518.20556
323111.692994 4164517.99848
323112.032757 4164517.7803
323112.399477 4164517.58375
323112.757369 4164517.38738
323113.106196 4164517.18011
323113.481506 4164516.97227
323113.811494 4164516.70989
323114.159137 4164516.44714
323114.524909 4164516.2062
323114.889969 4164515.93198
323115.255267 4164515.66885
323115.603147 4164515.41719
323115.95079 4164515.15444
323116.263361 4164514.90353
323116.575931 4164514.65263
323116.880149 4164514.42411
323117.174828 4164514.16249
323117.487399 4164513.91158
323117.800206 4164513.67178
323118.121131 4164513.39849
323118.460183 4164513.14702
323118.816417 4164512.87298
323119.155233 4164512.61042
323119.502639 4164512.33657
323119.850283 4164512.07382
323120.197689 4164511.79997
323120.527915 4164511.54869
323120.884385 4164511.28575
323121.240619 4164511.01171
323121.588262 4164510.74896
323121.927315 4164510.49749
323122.275196 4164510.24583
323122.614249 4164509.99436
323122.962366 4164509.7538
323123.3186 4164509.47976
323123.683898 4164509.21663
323124.084506 4164508.95275
323124.467222 4164508.67815
323124.858291 4164508.38116
323125.320216 4164508.09377
323125.790021 4164507.7618
323126.242645 4164507.4524
323126.676666 4164507.09899
323127.137407 4164506.75611
323127.607212 4164506.42414
323128.077254 4164506.10327
323128.547532 4164505.79349
323129.018285 4164505.50591
323129.497628 4164505.20704
323129.941188 4164504.88673
323130.385222 4164504.58862
323130.802537 4164504.27997
323131.255161 4164503.97057
323131.698721 4164503.65027
323132.159936 4164503.32958
323132.551006 4164503.0326
323133.047767 4164502.72226
323133.49109 4164502.39085
323133.944189 4164502.10365
323134.343138 4164501.76209
323134.795763 4164501.45269
323135.222379 4164501.16605
323135.649469 4164500.9016
323136.093741 4164500.61458
323136.511293 4164500.31703
323136.929793 4164500.06387
323137.329691 4164499.7667
323137.747717 4164499.49134
323138.157153 4164499.22727
323138.557998 4164498.97448
323138.968145 4164498.7437
323139.359926 4164498.48
323139.760771 4164498.22722
323140.144436 4164497.997
323140.545281 4164497.74421
323140.954954 4164497.49124
323141.346499 4164497.21645
323141.712035 4164496.96441
323142.094278 4164496.66762
323142.468405 4164496.4043
323142.869487 4164496.16261
323143.225959 4164495.89967
323143.609387 4164495.65836
323143.975161 4164495.41742
323144.384834 4164495.16444
323144.794981 4164494.93366
323145.213007 4164494.6583
323145.666817 4164494.40439
323146.085555 4164494.16232
323146.522184 4164493.93097
323146.949512 4164493.67762
323147.368249 4164493.43555
323147.787698 4164493.22677
323148.1716 4164493.00765
323148.545727 4164492.74434
323148.937509 4164492.48064
323149.293981 4164492.2177
323149.668345 4164491.96548
323150.042235 4164491.69107
323150.42519 4164491.42756
323150.80767 4164491.14186
323151.181798 4164490.87854
323151.564989 4164490.62614
323151.930052 4164490.35191
323152.347842 4164490.06546
323152.78305 4164489.76753
323153.164821 4164489.44855
323153.617446 4164489.13915
323154.034052 4164488.79722
323154.459959 4164488.47729
323154.867027 4164488.10225
323155.28387 4164487.77142
323155.674231 4164487.44115
323156.11874 4164487.16522
323156.590679 4164486.93312
323157.055449 4164486.77888
323157.520693 4164486.64684
323157.977821 4164486.54827
323158.400586 4164486.49484
323158.824063 4164486.47469
323159.25684 4164486.47656
323159.690091 4164486.50061
323160.133354 4164486.57996
323160.541071 4164486.64896
323160.986466 4164486.82817
323161.414443 4164487.01886
323161.869376 4164487.23117
323162.298064 4164487.45515
323162.744881 4164487.70094
323163.17499 4164487.99149
323163.614637 4164488.31514
323163.994151 4164488.71779
323164.36389 4164489.07623
323164.707858 4164489.46854
323165.035355 4164489.9167
323165.299876 4164490.3107
323165.590643 4164490.69303
323165.890947 4164491.10847
323166.163585 4164491.46899
323166.454825 4164491.87352
323166.800214 4164492.3324
323167.127474 4164492.76947
323167.410598 4164493.20747
323167.728794 4164493.63363
323168.073708 4164494.07032
323168.382366 4164494.46337
323168.673132 4164494.84571
323168.94577 4164495.20623
323169.217934 4164495.54456
323169.498688 4164495.87161
323169.770615 4164496.19884
323170.024888 4164496.52645
323170.269385 4164496.80986
323170.542023 4164497.17039
323170.823487 4164497.53072
323171.087535 4164497.90253
323171.333453 4164498.25252
323171.606564 4164498.63523
323171.879676 4164499.01795
323172.14396 4164499.40085
323172.426135 4164499.79447
323172.708547 4164500.19919
323172.963293 4164500.54899
323173.245468 4164500.94261
323173.545772 4164501.35805
323173.854429 4164501.75111
323174.172862 4164502.18836
323174.499173 4164502.58104
323174.853152 4164503.02864
323175.170873 4164503.4326
323175.47953 4164503.82566
323175.806316 4164504.24053
323176.114973 4164504.63359
323176.396674 4164505.00502
323176.668838 4164505.34335
323176.941712 4164505.71496
323177.213875 4164506.05329
323177.486749 4164506.42491
323177.767976 4164506.77415
323178.04085 4164507.14577
323178.322314 4164507.5061
323178.604489 4164507.89972
323178.913146 4164508.29278
323179.195084 4164508.67531
323179.45054 4164509.0584
323179.705522 4164509.4193
323179.960504 4164509.78019
323180.179229 4164510.09746
323180.425384 4164510.45855
323180.680366 4164510.81945
323180.95324 4164511.19107
323181.26237 4164511.60632
323181.53548 4164511.98903
323181.853438 4164512.40409
323182.154215 4164512.84172
323182.471462 4164513.22349
323182.754347 4164513.65041
323183.080658 4164514.04309
323183.37237 4164514.46981
323183.663609 4164514.87434
323183.955084 4164515.28997
323184.201476 4164515.66215
323184.465522 4164516.03396
323184.747933 4164516.43867
323184.994561 4164516.82195
