302515.159626 4123788.81734
302515.141622 4123788.80666
302515.150232 4123788.79536
302515.149971 4123788.78426
302515.158582 4123788.77296
302515.176064 4123788.76144
302515.227987 4123788.70471
302515.323745 4123788.62474
302515.437246 4123788.54436
302515.585449 4123788.42985
302515.787142 4123788.32519
302515.979441 4123788.19854
302516.153737 4123788.06121
302516.328032 4123787.92388
302516.485107 4123787.80917
302516.641921 4123787.68335
302516.851963 4123787.55629
302517.035391 4123787.42985
302517.254565 4123787.31367
302517.472957 4123787.1642
302517.682477 4123787.01495
302517.89278 4123786.89898
302518.102039 4123786.73862
302518.311559 4123786.58937
302518.538822 4123786.43969
302518.748864 4123786.31263
302518.975866 4123786.15185
302519.255575 4123785.96764
302519.517018 4123785.76165
302519.717145 4123785.59041
302519.97911 4123785.40661
302520.231682 4123785.20083
302520.520262 4123785.0164
302520.853198 4123784.83094
302521.159782 4123784.65719
302521.466105 4123784.47235
302521.754684 4123784.28793
302522.069878 4123784.10288
302522.429168 4123783.90569
302522.770716 4123783.70891
302523.129484 4123783.48953
302523.497384 4123783.28104
302523.874156 4123783.07234
302524.259277 4123782.84123
302524.688494 4123782.59799
302525.091097 4123782.35537
302525.47648 4123782.13536
302525.897087 4123781.90343
302526.326304 4123781.66018
302526.729168 4123781.42866
302527.149253 4123781.17453
302527.587342 4123780.93108
302528.034041 4123780.67632
302528.462998 4123780.42198
302528.927701 4123780.17791
302529.3744 4123779.92315
302529.829971 4123779.66818
302530.241706 4123779.43645
302530.662314 4123779.20452
302531.08266 4123778.96148
302531.538492 4123778.71761
302531.994324 4123778.47374
302532.467898 4123778.22946
302532.897638 4123778.00841
302533.345121 4123777.78694
302533.801475 4123777.56526
302534.25809 4123777.35468
302534.722793 4123777.1106
302535.205501 4123776.8772
302535.70569 4123776.63229
302536.215011 4123776.39827
302536.733465 4123776.17513
302537.243309 4123775.9633
302537.762546 4123775.77345
302538.237949 4123775.60683
302538.722222 4123775.44001
302539.198408 4123775.30669
302539.674332 4123775.16226
302540.123903 4123775.02956
302540.582868 4123774.91885
302541.01574 4123774.83095
302541.413127 4123774.74389
302541.811035 4123774.67902
302542.17398 4123774.63717
302542.528837 4123774.62882
302542.875344 4123774.64288
302543.196804 4123774.72413
302543.536267 4123774.81607
302543.902344 4123774.90738
302544.313822 4123775.04202
302544.761047 4123775.18693
302545.236192 4123775.3867
302545.702987 4123775.60886
302546.169521 4123775.81993
302546.645187 4123776.04189
302547.111721 4123776.25296
302547.60513 4123776.4745
302548.071925 4123776.69666
302548.556462 4123776.91841
302549.022735 4123777.11839
302549.480658 4123777.34076
302549.920317 4123777.54136
302550.3331 4123777.73149
302550.692916 4123777.93397
302550.998981 4123778.1155
302551.242163 4123778.26521
302551.485345 4123778.41492
302551.710785 4123778.56505
302551.927092 4123778.70429
302552.099042 4123778.84458
302552.234984 4123778.9635
302552.326308 4123779.07238
302552.416588 4123779.13686
302552.50739 4123779.22355
302552.643332 4123779.34247
302552.806933 4123779.50516
302552.979405 4123779.66763
302553.179013 4123779.85167
302553.370794 4123780.08031
302553.588928 4123780.29722
302553.816716 4123780.54721
302554.053376 4123780.797
302554.280903 4123781.03589
302554.500081 4123781.29719
302554.683773 4123781.55932
302554.840851 4123781.82208
302555.01515 4123782.06223
302555.170923 4123782.2695
302555.299299 4123782.44412
302555.41802 4123782.58565
302555.465248 4123782.70667
302555.492906 4123782.75043
