302551.43748 4124247.64966
302551.44609 4124247.63835
302551.482095 4124247.65971
302551.597417 4124247.657
302551.81919 4124247.65178
302552.12054 4124247.63359
302552.484248 4124247.62503
302552.837518 4124247.55011
302553.244275 4124247.48503
302553.676079 4124247.35275
302554.153803 4124247.286
302554.640659 4124247.23013
302555.181263 4124247.19521
302555.740131 4124247.18206
302556.334744 4124247.17918
302556.955447 4124247.15347
302557.603546 4124247.16043
302558.260255 4124247.15608
302558.952448 4124247.1509
302559.65325 4124247.13442
302560.372316 4124247.1397
302561.108864 4124247.13348
302561.862892 4124247.11574
302562.617181 4124247.1091
302563.389734 4124247.12423
302564.162809 4124247.16156
302564.944754 4124247.19867
302565.73531 4124247.22448
302566.525605 4124247.2392
302567.29868 4124247.27652
302568.080365 4124247.30254
302568.852656 4124247.30658
302569.616077 4124247.31083
302570.344798 4124247.3492
302571.109002 4124247.38673
302571.811892 4124247.45901
302572.463906 4124247.63241
302573.15897 4124247.74929
302573.904649 4124247.75395
302574.659721 4124247.7806
302575.395746 4124247.75218
302576.151601 4124247.81212
302576.897541 4124247.82788
302577.627566 4124247.92173
302578.417078 4124247.90316
302579.274164 4124247.73867
302580.124206 4124247.65206
302580.947635 4124247.56608
302581.728014 4124247.53662
302582.49874 4124247.47408
302583.34565 4124247.25432
302584.097851 4124247.15891
302584.874837 4124246.9852
302585.591555 4124246.89063
302586.187994 4124246.96542
302586.970198 4124246.63616
302587.672563 4124246.30878
302588.373363 4124245.91482
302589.010239 4124245.44465
302589.609544 4124244.88654
302590.136315 4124244.26353
302590.554547 4124243.55426
302590.928686 4124242.85712
302591.25821 4124242.14994
302591.5092 4124241.50011
302591.706704 4124240.84043
302591.885682 4124240.14789
302592.036744 4124239.40049
302592.171107 4124238.69789
302592.296338 4124237.9844
302592.411916 4124237.23784
302592.509491 4124236.4806
302592.598716 4124235.74575
302592.661852 4124235.03373
302592.715072 4124234.27753
302592.760204 4124233.55483
302592.795943 4124232.81014
302592.82229 4124232.04347
302592.867161 4124231.30967
302592.874721 4124230.49903
302592.730435 4124230.02503
302592.765391 4124229.24706
302592.801131 4124228.50237
302592.767208 4124227.81483
302592.778161 4124227.14845
302592.676663 4124226.60683
302592.689707 4124226.40668
302592.734323 4124226.41673
302592.768763 4124226.37151
302592.803464 4124226.33739
302592.855906 4124226.30285
302592.873126 4124226.28024
302592.916959 4124226.25701
302592.96027 4124226.21158
302592.99497 4124226.17746
302593.030454 4124226.17662
302593.039325 4124226.17641
302593.091246 4124226.11968
302593.143427 4124226.07405
