323188.533581 4164507.61006
323188.533344 4164507.59896
323188.735125 4164507.9499
323189.188809 4164508.51748
323189.579043 4164509.00871
323190.196118 4164509.78372
323190.858515 4164510.61328
323191.579323 4164511.69692
323192.370039 4164512.74577
323193.107317 4164513.77355
323193.887784 4164514.756
323194.568071 4164515.59628
323195.168202 4164516.40496
323195.823901 4164517.33458
323196.44595 4164518.34262
323196.980435 4164519.38583
323197.377947 4164520.63179
323197.555787 4164521.51609
323197.42467 4164522.40699
323197.193138 4164523.14462
323196.690564 4164524.01015
323196.088758 4164524.77788
323195.222369 4164525.56236
323194.332104 4164526.46946
323193.294144 4164527.49074
323192.247356 4164528.51219
323191.250691 4164529.39937
323190.184828 4164530.35463
323189.24877 4164531.185
323188.285045 4164531.96046
323187.311309 4164532.68063
323186.207769 4164533.52568
323185.225444 4164534.25713
323184.260535 4164534.97711
323183.200185 4164535.77683
323182.13314 4164536.67661
323181.231445 4164537.46185
323180.216179 4164538.30502
323179.234328 4164539.05866
323178.375349 4164539.77638
323177.386566 4164540.61898
323176.30951 4164541.46347
323175.293061 4164542.25116
323174.293319 4164542.99408
323173.266148 4164543.69319
323172.196736 4164544.48201
323170.979392 4164545.37389
323169.858675 4164546.24152
323168.693585 4164547.09899
323167.528968 4164547.97865
323166.415658 4164548.7795
323165.215733 4164549.65992
323164.050406 4164550.50629
323162.963815 4164551.31768
323161.781545 4164552.19772
323160.729553 4164552.97507
323159.616481 4164553.78702
323158.338533 4164554.73571
323157.181798 4164555.5708
323156.120743 4164556.33724
323155.060635 4164557.14807
323154.192358 4164557.84378
323153.087641 4164558.63336
323152.115569 4164559.4312
323151.228928 4164560.09401
323150.160941 4164560.94941
323148.855093 4164561.83209
323147.771584 4164562.78773
323146.683812 4164563.54364
323145.544734 4164564.37835
323144.316436 4164565.17057
323143.309057 4164565.96917
323142.216249 4164566.90281
323141.046839 4164567.9713
323139.82257 4164568.95215
323138.596643 4164569.85532
323137.562309 4164570.6323
323136.483366 4164571.38802
323135.395121 4164572.12174
323134.195677 4164573.02435
323133.222661 4164573.77781
323132.137024 4164574.63359
323131.128936 4164575.3989
323130.155684 4164576.14127
323129.321299 4164576.76966
323128.277666 4164577.52463
323127.277933 4164578.26756
323126.373878 4164578.94184
323125.426872 4164579.67255
323124.28922 4164580.57384
323123.071887 4164581.46574
323121.864802 4164582.42402
323120.75079 4164583.1916
323119.648745 4164583.69249
323118.824433 4164583.96542
323117.905154 4164584.34029
323117.110464 4164584.34616
323116.411986 4164583.89482
323115.898169 4164583.40624
323115.328248 4164583.18528
323114.614248 4164582.83419
323114.055821 4164582.32435
323113.299165 4164581.63003
323112.799211 4164580.96353
323112.17212 4164580.13322
323111.347749 4164579.16281
323110.606615 4164578.36825
323109.837577 4164577.50767
323108.987908 4164576.59331
323108.192862 4164575.75549
323107.530936 4164574.94813
323106.822977 4164574.05294
323106.078998 4164573.12522
323105.208594 4164572.06699
323104.447197 4164571.15074
323103.596342 4164570.1809
323102.618825 4164569.06945
323101.810448 4164568.02099
323101.155451 4164567.12467
323100.517398 4164566.19469
323099.706414 4164565.02417
323098.937195 4164563.74175
323098.119278 4164562.66019
323097.321623 4164561.70031
323096.497722 4164560.7521
323095.529978 4164559.68484
323094.589427 4164558.65031
323093.721389 4164557.70304
323092.953296 4164556.88685
323092.157061 4164555.99355
323091.440509 4164555.10965
323090.757607 4164554.14732
323090.010069 4164553.05316
323089.074078 4164551.8187
323088.240163 4164550.8152
323087.479 4164549.91005
323086.744792 4164549.02653
323086.029186 4164548.18701
323085.231291 4164547.21604
323084.453657 4164546.36675
323083.620216 4164545.38543
323082.812782 4164544.38136
323082.230296 4164543.57231
323081.65569 4164542.71868
323081.364979 4164541.9256
323081.072609 4164541.05484
323081.003528 4164540.30143
323081.162299 4164539.46544
323081.635239 4164538.86697
323082.118961 4164537.94634
323082.737699 4164537.14493
323083.54347 4164536.41724
323084.348057 4164535.63406
323085.233511 4164534.91577
323086.205342 4164534.10682
323087.081496 4164533.36652
323088.01707 4164532.51395
323089.014199 4164531.64895
323090.080288 4164530.70477
323091.141815 4164529.96052
323092.175676 4164529.16135
323093.305452 4164528.30462
323094.39133 4164527.45993
323095.538287 4164526.58064
323096.658289 4164525.67972
323097.926697 4164524.69792
323099.064354 4164523.79662
323100.106806 4164522.98616
323101.200801 4164522.108
323102.234427 4164521.29774
323103.189081 4164520.51136
323104.29143 4164519.61082
323105.348695 4164518.66683
323106.588964 4164517.60792
323107.661751 4164516.56369
323108.711611 4164515.68648
323109.75288 4164514.82054
323110.593254 4164514.05881
323111.558159 4164513.33882
323112.559084 4164512.65137
323113.501358 4164511.69874
323114.572903 4164511.00978
323115.606057 4164510.17732
323116.593179 4164509.25704
323117.580065 4164508.32566
323118.454802 4164507.51879
323119.451463 4164506.63161
323120.483908 4164505.76586
323121.518011 4164504.97779
323122.483155 4164504.2689
323123.440419 4164503.60458
323124.510781 4164502.86015
323125.639142 4164501.93685
323126.937119 4164501.09874
323128.182606 4164500.28395
323129.25131 4164499.46184
323130.258459 4164498.65214
323131.394702 4164497.68427
323132.644515 4164496.65847
323133.739702 4164495.83579
323134.659526 4164495.07236
323135.587941 4164494.29765
323136.673116 4164493.41968
323137.758054 4164492.53062
323139.026709 4164491.55992
323140.181793 4164490.64715
323141.580015 4164489.54048
323142.876811 4164488.64689
323144.154531 4164487.6871
323145.353279 4164486.7512
323146.475424 4164485.95015
323147.651007 4164485.17016
323148.783401 4164484.4355
323149.941567 4164483.66699
323151.203529 4164482.79635
323152.395583 4164481.96051
323153.500311 4164481.17093
323154.502016 4164480.10603
323155.75373 4164479.169
323156.932632 4164478.54436
323158.257036 4164478.11644
323159.542278 4164477.92248
323160.885459 4164477.96041
323161.885258 4164478.46082
323162.857627 4164478.91742
323163.732596 4164479.77574
323164.484692 4164480.66999
323165.308118 4164481.59602
323166.041612 4164482.44626
323166.98862 4164483.36965
323167.831359 4164484.37298
323168.739915 4164485.56362
323169.55546 4164486.53422
323170.419705 4164487.30396
323171.112141 4164488.2994
