302562.099817 4124248.88652
302562.099817 4124248.88652
302562.091207 4124248.89782
302562.064333 4124248.88735
302562.002237 4124248.88881
302561.92266 4124248.90179
302561.825079 4124248.90408
302561.710019 4124248.91789
302561.577216 4124248.93212
302561.435542 4124248.94655
302561.267517 4124248.97271
302561.09036 4124248.98798
302560.895722 4124249.01476
302560.665861 4124249.05348
302560.409126 4124249.08172
302560.13465 4124249.11038
302559.833822 4124249.15076
302559.505859 4124249.16958
302559.169548 4124249.2108
302558.806362 4124249.24155
302558.425696 4124249.28381
302558.035637 4124249.30409
302557.618965 4124249.32499
302557.193683 4124249.3572
302556.759008 4124249.36743
302556.315462 4124249.37786
302555.863045 4124249.38851
302555.401497 4124249.38826
302554.922206 4124249.38844
302554.452048 4124249.3995
302553.972496 4124249.38857
302553.501816 4124249.37744
302553.022264 4124249.36652
302552.587067 4124249.35455
302552.142738 4124249.3317
302551.707802 4124249.33083
302551.281215 4124249.30756
302550.864021 4124249.30627
302550.447088 4124249.31608
302550.047375 4124249.30328
302549.665403 4124249.29006
302549.301174 4124249.27643
302548.937205 4124249.27389
302548.581846 4124249.26004
302548.24449 4124249.25688
302547.915744 4124249.24241
302547.578128 4124249.22815
302547.23164 4124249.21409
302546.911243 4124249.17722
302546.590584 4124249.12926
302546.270187 4124249.09239
302545.94979 4124249.05551
302545.646612 4124248.99603
302545.343696 4124248.94765
302545.04939 4124248.88796
302544.763954 4124248.82806
302544.469386 4124248.75728
302544.166209 4124248.6978
302543.86277 4124248.62722
302543.532197 4124248.53508
302543.202145 4124248.46513
302542.862179 4124248.351
302542.522996 4124248.27017
302542.183551 4124248.17823
302541.843846 4124248.0752
302541.522143 4124247.98285
302541.20018 4124247.8794
302540.878477 4124247.78705
302540.565645 4124247.69449
302540.252292 4124247.57974
302539.94807 4124247.47588
302539.634977 4124247.37222
302539.330494 4124247.25726
302538.999399 4124247.14293
302538.659432 4124247.0288
302538.301724 4124246.91509
302537.952103 4124246.76789
302537.611614 4124246.63157
302537.261732 4124246.47327
302536.947334 4124246.31414
302536.659549 4124246.15437
302536.415857 4124245.98247
302536.217042 4124245.83172
302536.045362 4124245.70253
302535.909426 4124245.58361
302535.800625 4124245.48625
302535.692086 4124245.39998
302535.592417 4124245.31351
302535.483616 4124245.21615
302535.356813 4124245.10811
302535.212006 4124244.9894
302535.048675 4124244.83781
302534.87595 4124244.66424
302534.694094 4124244.47978
302534.503888 4124244.31772
302534.295158 4124244.12279
302534.094254 4124243.88327
302533.866477 4124243.63328
302533.629828 4124243.3835
302533.392657 4124243.11152
302533.172184 4124242.79475
302532.951711 4124242.47797
302532.739848 4124242.14989
302532.545726 4124241.82139
302532.359692 4124241.4594
302532.182269 4124241.0861
302532.004845 4124240.7128
302531.862643 4124240.32757
302531.720964 4124239.96453
302531.570153 4124239.5906
302531.445432 4124239.19386
302531.302709 4124238.78643
302531.186076 4124238.35619
302531.051962 4124237.93747
302530.943678 4124237.48482
302530.845048 4124237.06526
302530.745635 4124236.61241
302530.663441 4124236.13695
302530.59038 4124235.67238
302530.534538 4124235.1852
302530.478696 4124234.69801
302530.449467 4124234.21021
302530.420238 4124233.7224
302530.398836 4124233.19
302530.386826 4124232.67958
302530.374295 4124232.14697
302530.343238 4124231.58149
302530.321314 4124231.02689
302530.307216 4124230.42771
302530.284769 4124229.85092
302530.270671 4124229.25173
302530.238571 4124228.64187
302530.215602 4124228.04289
302530.183762 4124227.44412
302530.160793 4124226.84515
302530.146434 4124226.23486
302530.114334 4124225.625
302530.091365 4124225.02602
302530.068396 4124224.42704
302530.045166 4124223.81697
302530.022197 4124223.21799
302529.990619 4124222.63032
302529.976521 4124222.03113
302529.953552 4124221.43216
302529.921973 4124220.84448
302529.890134 4124220.24571
302529.867426 4124219.65783
302529.835325 4124219.04797
302529.803224 4124218.4381
302529.779994 4124217.82803
302529.756504 4124217.20686
302529.724142 4124216.5859
302529.691519 4124215.95384
302529.668028 4124215.33267
302529.644015 4124214.68931
302529.611392 4124214.05725
302529.578508 4124213.4141
302529.545885 4124212.78204
302529.51274 4124212.12779
302529.470985 4124211.48485
302529.42062 4124210.85321
302529.369994 4124210.21047
302529.311019 4124209.59014
302529.24239 4124208.93673
302529.174544 4124208.3166
302529.080086 4124207.6971
302528.99502 4124207.09958
302528.883603 4124206.51379
302528.771663 4124205.9058
302528.668595 4124205.29761
302528.556916 4124204.70072
302528.453326 4124204.07033
302528.350257 4124203.46213
302528.255798 4124202.84263
302528.170472 4124202.23402
302528.084623 4124201.60322
302528.016516 4124200.972
302527.947887 4124200.31858
302527.897261 4124199.67585
302527.846113 4124199.01092
302527.812445 4124198.33448
302527.787649 4124197.65783
302527.753982 4124196.98139
302527.728924 4124196.29364
302527.694996 4124195.6061
302527.643064 4124194.90789
302527.591133 4124194.20967
302527.530853 4124193.53386
302527.452308 4124192.83627
302527.383157 4124192.16066
302527.296264 4124191.48547
302527.200499 4124190.81049
302527.105257 4124190.1577
302527.053848 4124189.48168
302527.037923 4124188.80482
302527.048871 4124188.13843
302527.067908 4124187.43855
302527.078595 4124186.76106
302527.097893 4124186.07227
302527.152935 4124185.39374
302527.243462 4124184.71438
302527.379126 4124184.06726
302527.558624 4124183.39691
302527.782998 4124182.7477
302528.034769 4124182.13116
302528.331678 4124181.54686
302528.673464 4124180.98371
302529.069259 4124180.45259
302529.502105 4124179.98722
302529.988699 4124179.54279
302530.520692 4124179.14169
302531.124175 4124178.76112
302531.745139 4124178.36904
302532.437593 4124177.99748
302533.174664 4124177.63597
302533.9587 4124177.38437
302534.78083 4124177.24291
302535.588352 4124177.23501
302536.301947 4124177.38476
302536.929182 4124177.63645
302537.381346 4124177.99218
302537.744801 4124178.35001
302537.983801 4124178.69965
302538.151049 4124179.01768
302538.245241 4124179.24861
302538.311515 4124179.42469
302538.358742 4124179.5457
302538.387443 4124179.63384
302538.407534 4124179.73329
302538.437802 4124179.88801
302538.451894 4124180.10972
302538.449289 4124180.37623
302538.412243 4124180.68797
302538.323016 4124181.04533
302538.163604 4124181.43766
302537.924876 4124181.85406
302537.624834 4124182.30521
302537.299484 4124182.81246
302536.957697 4124183.37561
302536.608084 4124183.98335
302536.277257 4124184.63506
302535.965216 4124185.33074
302535.671179 4124186.03709
302535.396188 4124186.79851
302535.148333 4124187.5815
302534.927613 4124188.38605
302534.74316 4124189.22305
302534.594975 4124190.09251
302534.482795 4124190.98332
302534.415492 4124191.89528
302534.393067 4124192.8284
302534.397515 4124193.77198
302534.419966 4124194.72624
302534.424937 4124195.69201
302534.412166 4124196.6582
302534.391045 4124197.64679
302534.378796 4124198.63517
302534.357937 4124199.63486
302534.337339 4124200.64564
302534.317002 4124201.66752
302534.314146 4124202.67789
302534.293809 4124203.69977
302534.282604 4124204.73254
302534.28027 4124205.76509
302534.286807 4124206.79744
302534.266731 4124207.83042
302534.202562 4124208.87553
302534.120389 4124209.90997
302534.011604 4124210.94503
302533.929954 4124212.00166
302533.839171 4124213.0474
302533.748389 4124214.09314
302533.657868 4124215.14998
302533.575696 4124216.18442
302533.520658 4124217.24042
302533.509715 4124218.28428
302533.525645 4124219.33862
302533.586452 4124220.4141
302533.629518 4124221.49
302533.64597 4124222.56652
302533.645203 4124223.66565
302533.644697 4124224.77589
302533.653061 4124225.88591
302533.661426 4124226.99593
302533.670052 4124228.11705
302533.6792 4124229.26036
302533.687826 4124230.38147
302533.696191 4124231.4915
302533.756737 4124232.55588
302533.878597 4124233.58552
302534.043505 4124234.55863
302534.296079 4124235.48527
302534.609705 4124236.36607
302534.975251 4124237.19013
302535.401067 4124237.93506
302535.851928 4124238.61279
302536.328619 4124239.2566
302536.775042 4124239.7457
302537.047697 4124240.01684
302537.101967 4124240.05997
302537.11136 4124240.08195
302537.120231 4124240.08174
302537.138234 4124240.09242
302537.147105 4124240.09221
302537.147105 4124240.09221
302537.165107 4124240.10289
302537.165107 4124240.10289
302537.18311 4124240.11357
302537.192503 4124240.13555
302537.201374 4124240.13534
302537.211028 4124240.16842
302537.229815 4124240.21239
