323154.066601 4164554.84912
323153.625412 4164555.28039
323153.115264 4164555.79084
323152.577923 4164556.26857
323151.980686 4164556.83638
323151.330012 4164557.38314
323150.680759 4164557.99647
323149.987607 4164558.62184
323149.223126 4164559.21543
323148.388501 4164559.83272
323147.528342 4164560.49496
323146.676062 4164561.11262
323145.876273 4164561.70697
323144.945732 4164562.38181
323144.080537 4164563.22178
323143.178849 4164564.00702
323142.1111 4164564.87352
323141.050758 4164565.67325
323139.937689 4164566.4852
323138.87711 4164567.27384
323137.781459 4164568.07432
323136.739957 4164568.92916
323135.698692 4164569.79509
323134.640483 4164570.69469
323133.650524 4164571.48181
323132.625492 4164572.28079
323131.64436 4164573.06773
323130.619092 4164573.85561
323129.628185 4164574.59836
323128.66305 4164575.30724
323127.706742 4164576.01594
323126.785506 4164576.71279
323125.864744 4164577.43184
323124.971886 4164578.21689
323124.12269 4164578.97881
323123.194049 4164579.74243
323122.300718 4164580.50529
323121.449864 4164581.18954
323120.650552 4164581.80608
323119.80663 4164582.40136
323118.864897 4164582.96544
323118.000004 4164583.40576
323117.023022 4164583.55984
323116.20191 4164583.15552
323115.37197 4164582.7514
323114.538239 4164582.16973
323113.808539 4164581.49704
323113.031386 4164580.66994
323112.339898 4164579.71889
323111.711622 4164578.83311
323111.090515 4164577.86946
323110.399974 4164576.9628
323109.683426 4164576.0789
323108.966166 4164575.16171
323108.312119 4164574.30977
323107.637811 4164573.33616
323107.074643 4164572.6044
323106.592105 4164571.92643
323106.483097 4164571.78444
323106.447077 4164571.75191
