323172.109539 4164535.84707
323171.952779 4164535.95033
323171.751883 4164536.05453
323171.438601 4164536.27214
323171.03823 4164536.54712
323170.620679 4164536.84467
323170.159465 4164537.16535
323169.672006 4164537.49769
323169.16784 4164537.8748
323168.620011 4164538.27504
323168.098664 4164538.67472
323167.611916 4164539.04035
323167.160003 4164539.38303
323166.742452 4164539.68058
323166.325137 4164539.98923
323165.889932 4164540.28715
323165.410826 4164540.59711
323164.932195 4164540.92927
323164.436383 4164541.28399
323163.94057 4164541.63872
323163.453823 4164542.00435
323162.931529 4164542.35964
323162.418773 4164542.74803
323161.906017 4164543.13642
323161.366305 4164543.50319
323160.827304 4164543.90324
323160.271123 4164544.32586
323159.724006 4164544.75939
323159.167587 4164545.17091
323158.646478 4164545.58169
323158.142313 4164545.95879
323157.655329 4164546.31333
323157.203417 4164546.65602
323156.760332 4164546.99851
323156.307946 4164547.31901
323155.882279 4164547.65003
323155.429893 4164547.97053
323154.977745 4164548.30212
323154.490524 4164548.64556
323153.986122 4164549.01157
323153.464777 4164549.41125
323152.916949 4164549.81149
323152.377712 4164550.20044
323151.829411 4164550.57849
323151.316182 4164550.94469
323150.829436 4164551.31032
323150.32456 4164551.65414
323149.819685 4164551.99796
323149.323874 4164552.35269
323148.819236 4164552.7076
323148.306008 4164553.0738
323147.775362 4164553.45147
323147.227535 4164553.85171
323146.662053 4164554.25233
323146.096098 4164554.63076
323145.539444 4164555.03119
323144.973726 4164555.42071
323144.425663 4164555.80986
323143.868772 4164556.19919
323143.320946 4164556.59943
323142.746401 4164556.98914
323142.172329 4164557.40105
323141.589194 4164557.80204
323140.997468 4164558.21433
323140.387614 4164558.60479
323139.795415 4164558.99488
323139.194625 4164559.39625
323138.585245 4164559.80891
323137.94891 4164560.19994
323137.304221 4164560.61335
323136.676712 4164561.0042
323136.066859 4164561.39466
323135.465121 4164561.75165
323134.89034 4164562.13026
323134.314848 4164562.47559
323133.739593 4164562.83202
323133.172691 4164563.16606
323132.614854 4164563.51101
323132.048426 4164563.86724
323131.491299 4164564.24548
323130.879551 4164564.54718
323130.247304 4164564.7161
323129.587628 4164564.8412
323128.916755 4164564.85552
323128.216083 4164564.71507
323127.530696 4164564.46327
323126.870132 4164564.13324
323126.285697 4164563.64616
323125.752803 4164563.09137
323125.306523 4164562.45703
323124.859296 4164561.7783
323124.403715 4164561.12195
323123.948845 4164560.49889
323123.502328 4164559.85345
323123.064875 4164559.21892
323122.627422 4164558.58439
323122.189732 4164557.93876
323121.752042 4164557.29313
323121.322706 4164556.62512
323120.90267 4164555.97911
323120.482872 4164555.3442
323120.044944 4164554.68748
323119.607728 4164554.06404
323119.179576 4164553.45151
323118.742596 4164552.83917
323118.305143 4164552.20464
323117.859099 4164551.58139
323117.412344 4164550.92486
323116.947935 4164550.2687
323116.483525 4164549.61254
323116.018405 4164548.92309
323115.526328 4164548.21201
323115.034015 4164547.48984
323114.541465 4164546.75658
323114.048677 4164546.01221
323113.547299 4164545.27913
323113.028503 4164544.55753
323112.518772 4164543.84683
323112.008804 4164543.12504
323111.499072 4164542.41434
323111.024649 4164541.70289
323110.560002 4164541.03563
323110.095118 4164540.35728
323109.639534 4164539.70093
323109.201368 4164539.03311
323108.781094 4164538.37601
323108.351756 4164537.708
323107.904999 4164537.05147
323107.493552 4164536.39418
323107.064451 4164535.73726
323106.65324 4164535.09107
323106.259922 4164534.45559
323105.8919 4164533.76407
323105.576605 4164533.06032
323105.384418 4164532.33174
323105.368541 4164531.5883
323105.529447 4164530.85218
323105.850903 4164530.19034
323106.315019 4164529.59206
323106.805379 4164528.98211
323107.269731 4164528.39493
323107.752449 4164527.84066
323108.236115 4164527.33077
323108.755564 4164526.84232
323109.26666 4164526.37626
323109.796359 4164525.9542
323110.351591 4164525.48719
323110.907298 4164525.04237
323111.444876 4164524.57574
323112.027065 4164524.13035
323112.617607 4164523.66259
323113.243458 4164523.19407
323113.886253 4164522.69189
323114.53835 4164522.21171
323115.18233 4164521.76501
323115.825837 4164521.29611
323116.460279 4164520.81631
323117.122151 4164520.38033
323117.757304 4164519.93381
323118.392457 4164519.4873
323119.045502 4164519.05151
323119.707374 4164518.61552
323120.360656 4164518.19083
323121.013702 4164517.75503
323121.676285 4164517.35234
323122.320977 4164516.93892
323122.965432 4164516.51442
323123.609887 4164516.08991
323124.23645 4164515.65468
323124.853949 4164515.20854
323125.453557 4164514.75169
323126.035036 4164514.27302
323126.598861 4164513.79472
323127.17175 4164513.32734
323127.770647 4164512.83719
323128.369307 4164512.33595
323128.977269 4164511.85672
323129.549921 4164511.37824
323130.131875 4164510.92176
323130.678519 4164510.46603
323131.234465 4164510.03231
323131.772519 4164509.58788
323132.30222 4164509.16582
323132.831446 4164508.72157
323133.378565 4164508.28804
323133.92521 4164507.83231
323134.507401 4164507.38693
323135.106536 4164506.90788
323135.705907 4164506.43993
323136.31387 4164505.9607
323136.948314 4164505.4809
323137.591112 4164504.97872
323138.251565 4164504.47616
323138.902954 4164503.96269
323139.581062 4164503.45976
323140.250105 4164502.94591
323140.911032 4164502.46555
323141.554067 4164501.97446
323142.214758 4164501.483
323142.892629 4164500.96897
323143.579327 4164500.45475
323144.301335 4164499.93978
323145.014753 4164499.43609
323145.719106 4164498.92149
323146.397689 4164498.44075
323147.076034 4164497.94891
323147.755801 4164497.52365
323148.472536 4164497.17531
323149.245078 4164496.95899
323150.046945 4164496.87526
323150.868836 4164496.90212
323151.674731 4164497.00703
323152.447448 4164497.21255
323153.178634 4164497.54108
323153.841334 4164497.97099
323154.461319 4164498.46841
323155.030471 4164499.06683
323155.607977 4164499.64286
323156.167592 4164500.20818
323156.726969 4164500.7624
323157.286583 4164501.32772
323157.855735 4164501.92614
323158.416297 4164502.53585
323158.968031 4164503.14574
323159.503532 4164503.82258
323160.011603 4164504.45561
323160.459304 4164505.15653
323160.898178 4164505.85765
323161.318923 4164506.53694
323161.739194 4164507.19405
323162.150638 4164507.85134
323162.553255 4164508.50882
323162.938217 4164509.16668
323163.323178 4164509.82454
323163.708377 4164510.49349
323164.084985 4164511.17373
323164.444175 4164511.86544
323164.82102 4164512.55678
323165.206929 4164513.25902
323165.610256 4164513.94979
323166.03029 4164514.5958
323166.44197 4164515.26419
323166.825983 4164515.87766
323167.182567 4164516.44731
323167.49383 4164516.96243
323167.768836 4164517.43391
323168.015939 4164517.83938
323168.226548 4164518.19013
323168.418555 4164518.49687
323168.565714 4164518.77126
323168.68497 4164518.97963
323168.776797 4164519.14419
323168.859085 4164519.27565
323168.93302 4164519.42949
323169.034148 4164519.61605
323169.14434 4164519.81352
323169.26407 4164520.0441
323169.392627 4164520.27448
323169.513304 4164520.54943
323169.678355 4164520.83454
323169.852944 4164521.15275
