302594.970289 4124181.85551
302594.866179 4124180.82545
302594.772235 4124178.34077
302594.736468 4124174.93325
302594.637556 4124170.72785
302594.528725 4124165.72332
302594.523211 4124160.20567
302595.215116 4124154.52729
302596.675407 4124148.6865
302599.508886 4124143.11318
302605.333498 4124143.19823
302606.419966 4124149.3899
302607.05036 4124155.81434
302606.310702 4124161.72699
302605.562697 4124167.66204
302604.950106 4124173.69383
302604.560856 4124179.4095
302603.645089 4124185.38181
302602.776549 4124191.47513
302602.482531 4124196.71117
302487.248755 4123763.38392
302487.839241 4123764.33591
302488.87331 4123766.03242
302489.908423 4123767.77331
302490.851688 4123769.38314
302491.729458 4123770.85017
302492.487723 4123772.14239
302492.533385 4123772.19683
302492.532341 4123772.15244
302492.531819 4123772.13025
302492.522425 4123772.10827
302492.522164 4123772.09717
