323188.17541 4164523.51473
323187.758568 4164523.84557
323187.142014 4164524.33608
323186.421427 4164524.91763
323185.561024 4164525.56877
323184.656485 4164526.22085
323183.70064 4164526.95174
323182.71067 4164527.73886
323181.686339 4164528.57112
323180.705671 4164529.38024
323179.811855 4164530.12091
323178.996538 4164530.81549
323178.216766 4164531.52041
323177.419103 4164532.21462
323176.568714 4164532.92105
323175.665834 4164533.65081
323174.737657 4164534.43661
323173.765107 4164535.21226
323172.783967 4164535.99919
323171.785883 4164536.81979
323170.786852 4164537.59601
323169.858202 4164538.35962
323168.990633 4164539.08862
323168.104935 4164539.79581
323167.228302 4164540.51391
323166.370035 4164541.26491
323165.502466 4164541.99392
323164.634661 4164542.71182
323163.802165 4164543.42898
323163.004978 4164544.14538
323162.146475 4164544.88529
323161.21759 4164545.63781
323160.289889 4164546.4458
323159.317579 4164547.23255
323158.328562 4164548.06406
323157.365316 4164548.86171
323156.445733 4164549.63623
323155.543568 4164550.39928
323154.613973 4164551.11851
323153.745459 4164551.80313
323152.894363 4164552.47628
323152.017259 4164553.17218
323151.122026 4164553.84627
323150.210087 4164554.56512
323149.298385 4164555.29507
323148.386446 4164556.01392
323147.53535 4164556.68707
323146.65801 4164557.37188
323145.798562 4164558.06741
323144.965358 4164558.75127
323144.149099 4164559.40148
323143.385566 4164560.03945
323142.612258 4164560.63323
323141.875444 4164561.28173
323141.129093 4164561.89714
323140.382504 4164562.50145
323139.618735 4164563.12833
323138.828484 4164563.75577
323138.010804 4164564.3394
323137.147092 4164564.83519
323136.264541 4164565.27589
323135.318304 4164565.62913
323134.300263 4164565.9284
323133.22689 4164566.11784
323132.168802 4164566.19594
323131.072088 4164566.11945
323130.007839 4164565.90905
323129.039032 4164565.6189
323128.165429 4164565.23791
323127.376307 4164564.67749
323126.700282 4164564.03695
323126.075087 4164563.29541
323125.438933 4164562.4542
323124.857637 4164561.70063
323124.248438 4164560.88104
323123.630412 4164560.06164
323123.021449 4164559.25315
323122.430852 4164558.47757
323121.822364 4164557.69127
323121.177855 4164556.87244
323120.559591 4164556.04194
323119.950154 4164555.21126
323119.26844 4164554.30441
323118.568124 4164553.35356
323117.823433 4164552.39255
323117.006703 4164551.36647
323116.207153 4164550.31782
323115.434559 4164549.2908
323114.653137 4164548.26397
323113.853824 4164547.22641
323113.053799 4164546.15557
323112.281441 4164545.13965
323111.50073 4164544.1461
323110.764154 4164543.15162
323110.063836 4164542.20076
323109.382357 4164541.30501
323108.718769 4164540.41998
323108.046354 4164539.53513
323107.347694 4164538.66195
323106.692459 4164537.75454
323106.099727 4164536.8791
323105.551367 4164536.0138
323105.029964 4164535.17014
323104.639785 4164534.26817
323104.549734 4164533.35979
323104.777941 4164532.46681
323105.209649 4164531.59169
323105.943146 4164530.78784
323106.773032 4164529.94862
323107.675195 4164529.18556
323108.612431 4164528.41066
323109.550852 4164527.69124
323110.489747 4164526.99401
323111.420762 4164526.34136
323112.378971 4164525.72142
323113.319288 4164525.09077
323114.259606 4164524.46012
323115.181321 4164523.78546
323116.103036 4164523.1108
323117.050048 4164522.3801
323117.952687 4164521.63924
323118.846025 4164520.87638
323119.756307 4164520.07985
323120.649882 4164519.32808
323121.543458 4164518.57631
323122.43656 4164517.80236
323123.320597 4164517.01749
323124.177679 4164516.211
323125.087488 4164515.39228
323126.077454 4164514.60515
323127.041412 4164513.84078
323128.005844 4164513.0986
323128.944032 4164512.36809
323129.865038 4164511.66014
323130.769101 4164510.98586
323131.681755 4164510.3003
323132.653831 4164509.50245
323133.591071 4164508.72755
323134.458878 4164508.00964
323135.283021 4164507.31486
323136.081157 4164506.64284
323136.957081 4164505.89146
323137.894559 4164505.12765
323138.752354 4164504.35445
323139.55837 4164503.63786
323140.329788 4164502.95531
323141.11027 4164502.28367
323141.881688 4164501.60112
323142.705596 4164500.89525
323143.556223 4164500.19991
323144.450277 4164499.47034
323145.353158 4164498.74058
323146.247922 4164498.0443
323147.125506 4164497.37059
323148.055106 4164496.65136
323149.037197 4164495.90881
323150.028352 4164495.17716
323150.999422 4164494.74568
323151.863081 4164494.66064
323152.660859 4164494.79902
323153.481504 4164495.18115
323154.175424 4164495.83241
323154.722596 4164496.64222
323155.376407 4164497.48306
323156.066948 4164498.38972
323156.730296 4164499.26366
323157.393408 4164500.1265
323158.074648 4164501.01116
323158.765662 4164501.94002
323159.473621 4164502.83521
323160.137205 4164503.72025
323160.755705 4164504.56184
323161.337712 4164505.34871
323161.892999 4164506.12504
323162.485254 4164506.9783
323163.104227 4164507.84208
323163.705783 4164508.71734
323164.333584 4164509.58094
323164.97975 4164510.47745
323165.625915 4164511.37396
323166.263491 4164512.28175
323166.909656 4164513.17826
323167.574897 4164514.14097
323168.213893 4164515.11535
