302482.272996 4123751.09986
302482.347623 4123751.25354
302482.440515 4123751.42899
302482.533407 4123751.60444
302482.626821 4123751.80208
302482.757288 4123752.06546
302482.906019 4123752.35062
302483.045879 4123752.63598
302483.176346 4123752.89936
302483.333427 4123753.16212
302483.517905 4123753.45754
302483.710471 4123753.71946
302483.885817 4123754.00399
302484.052292 4123754.28873
302484.227637 4123754.57326
302484.412377 4123754.87977
302484.607293 4123755.24156
302484.810559 4123755.58094
302485.014085 4123755.93143
302485.217873 4123756.293
302485.412528 4123756.64369
302485.616316 4123757.00527
302485.810971 4123757.35596
302485.987361 4123757.68487
302486.16349 4123758.00269
302486.340141 4123758.3427
302486.535057 4123758.70449
302486.702314 4123759.02252
302486.897492 4123759.3954
302487.083536 4123759.75739
302487.260187 4123760.0974
302487.46528 4123760.51446
302487.659152 4123760.83186
302487.862939 4123761.19344
302488.058639 4123761.58851
302488.244161 4123761.92831
302488.421073 4123762.27942
302488.606856 4123762.63032
302488.774897 4123762.98164
302488.951809 4123763.33274
302489.110456 4123763.66208
302489.287107 4123764.00209
302489.46428 4123764.36429
302489.641192 4123764.7154
302489.843674 4123765.02149
302490.073814 4123765.37135
302490.286473 4123765.73272
302490.471734 4123766.06142
302490.638208 4123766.34616
302490.833124 4123766.70795
302491.018385 4123767.03665
302491.203646 4123767.36536
302491.389168 4123767.70516
302491.57469 4123768.04497
302491.769867 4123768.41785
302491.937385 4123768.74697
302492.122646 4123769.07568
302492.316256 4123769.38198
302492.492646 4123769.7109
302492.659903 4123770.02893
302492.845164 4123770.35763
302493.012421 4123770.67566
302493.179939 4123771.00478
302493.356328 4123771.3337
302493.550199 4123771.6511
302493.752681 4123771.9572
302493.956207 4123772.30768
302494.149817 4123772.61398
302494.325945 4123772.9318
302494.493202 4123773.24983
302494.669331 4123773.56765
302494.827455 4123773.87479
302495.012977 4123774.21459
302495.171101 4123774.52173
302495.329487 4123774.83997
302495.497005 4123775.16909
302495.655651 4123775.49843
302495.823691 4123775.84974
302496.001125 4123776.22304
302496.169165 4123776.57436
302496.337466 4123776.93677
302496.488024 4123777.2996
302496.646932 4123777.64003
302496.894292 4123777.96727
302497.133303 4123778.31692
302497.328219 4123778.6787
302497.558881 4123779.05075
302497.799458 4123779.46697
302498.030642 4123779.86121
302498.261826 4123780.25545
302498.474746 4123780.62792
302498.697319 4123781.03346
302498.911021 4123781.43921
302499.142728 4123781.85564
302499.355908 4123782.2392
302499.569349 4123782.63386
302499.783051 4123783.03961
302499.978749 4123783.43469
302500.17497 4123783.85195
302500.353186 4123784.25854
302500.521748 4123784.63205
302500.672828 4123785.01707
302500.77929 4123785.39204
302500.886013 4123785.7781
302500.984648 4123786.19767
302501.065279 4123786.60655
302501.137038 4123787.01564
302501.209059 4123787.43583
302501.262815 4123787.83424
302501.31657 4123788.23266
302501.353105 4123788.65368
302501.371636 4123789.06403
302501.372424 4123789.47479
302501.345815 4123789.85289
302501.294158 4123790.29819
302501.224498 4123790.73281
302501.153792 4123791.12305
302501.048385 4123791.54742
302500.951327 4123791.94938
302500.827654 4123792.35197
302500.69485 4123792.74367
302500.553695 4123793.15777
302500.394276 4123793.5501
302500.225986 4123793.94263
302500.048824 4123794.33538
302499.853659 4123794.71744
302499.649361 4123795.08862
302499.41897 4123795.48262
302499.213367 4123795.79832
302498.964451 4123796.15944
302498.714229 4123796.46509
302498.446787 4123796.79335
302498.169691 4123797.08852
302497.866502 4123797.40652
302497.552875 4123797.65815
302497.185759 4123797.89993
302496.844213 4123798.0967
302496.484141 4123798.2606
302496.141812 4123798.42409
302495.826358 4123798.59804
302495.48429 4123798.77263
302495.177446 4123798.93528
302494.897217 4123799.0973
302494.590373 4123799.25995
302494.274658 4123799.42281
302493.959204 4123799.59677
302493.661232 4123799.75921
302493.354649 4123799.93295
302493.021714 4123800.11842
302492.680168 4123800.3152
302492.320879 4123800.51239
302491.996293 4123800.67545
302491.654225 4123800.85004
302491.303285 4123801.02483
302490.952607 4123801.21071
302490.566443 4123801.39743
302490.215504 4123801.57222
302489.855693 4123801.74722
302489.487533 4123801.94462
302489.127461 4123802.10853
302488.759301 4123802.30593
302488.373138 4123802.49265
302488.004456 4123802.66785
302487.662649 4123802.85353
302487.31171 4123803.02832
302486.925546 4123803.21504
302486.583478 4123803.38963
302486.240888 4123803.54202
302485.916041 4123803.69399
302485.590933 4123803.83486
302485.248604 4123803.99835
302484.923757 4123804.15032
302484.590038 4123804.3025
302484.256581 4123804.46578
302483.940083 4123804.59535
302483.580272 4123804.77035
302483.220201 4123804.93425
302482.877872 4123805.09774
302482.561635 4123805.23841
302482.237571 4123805.42367
302481.895765 4123805.60934
302481.571701 4123805.7946
302481.247637 4123805.97987
302480.923312 4123806.15403
302480.607859 4123806.32799
302480.274924 4123806.51345
302479.976952 4123806.6759
302479.67898 4123806.83834
302479.380748 4123806.98968
302479.091125 4123807.12973
302478.757929 4123807.3041
302478.424733 4123807.47847
302478.1265 4123807.62982
302477.801914 4123807.79289
302477.459586 4123807.95637
302477.091165 4123808.14268
302476.704741 4123808.3183
302476.380416 4123808.49247
302476.021128 4123808.68966
302475.652708 4123808.87596
302475.258456 4123809.09618
302474.881687 4123809.30489
302474.50544 4123809.53579
302474.138064 4123809.76647
302473.762077 4123810.00847
302473.359738 4123810.26218
302472.984013 4123810.51527
302472.599156 4123810.75748
302472.232041 4123810.99926
302471.873275 4123811.21864
302471.515816 4123811.49351
302471.131741 4123811.769
302470.7568 4123812.05538
302470.434564 4123812.31831
302470.09537 4123812.61495
302469.765307 4123812.92247
302469.427157 4123813.2635
302469.132841 4123813.58128
302468.86514 4123813.89845
302468.597438 4123814.21561
302468.338608 4123814.53256
302468.097521 4123814.84909
302467.848346 4123815.19912
302467.608303 4123815.56004
302467.368521 4123815.93206
302467.138394 4123816.33715
302466.925488 4123816.71964
302466.714148 4123817.1687
302466.50307 4123817.62885
302466.327216 4123818.07708
302466.169366 4123818.53598
302466.055089 4123818.96056
302465.950989 4123819.4404
302465.865938 4123819.97531
302465.815328 4123820.46499
302465.790548 4123820.92077
302465.792905 4123821.3981
302465.831792 4123821.91899
302465.887377 4123822.39508
302465.960444 4123822.85965
302466.059863 4123823.3125
302466.194507 4123823.75342
302466.32889 4123824.18324
302466.437181 4123824.63588
302466.544689 4123825.05523
302466.669678 4123825.46307
302466.81241 4123825.8705
302466.954098 4123826.23353
302467.151364 4123826.69518
302467.320187 4123827.07979
302467.470746 4123827.44262
302467.621827 4123827.82764
302467.773692 4123828.24595
302467.90703 4123828.63138
302468.040107 4123829.00573
302468.182578 4123829.40205
302468.315394 4123829.7653
302468.439077 4123830.11766
302468.570588 4123830.42542
302468.712275 4123830.78846
302468.862834 4123831.15129
302469.030613 4123831.49151
302469.179866 4123831.79886
302469.347123 4123832.11689
302469.496637 4123832.43533
302469.655284 4123832.76466
302469.795665 4123833.07222
302469.962139 4123833.35696
302470.128874 4123833.6528
302470.269516 4123833.97145
302470.46391 4123834.31104
302470.622556 4123834.64038
302470.790074 4123834.9695
302470.948982 4123835.30993
302471.126154 4123835.67213
302471.303327 4123836.03433
302471.498764 4123836.41831
302471.685331 4123836.8025
302471.889378 4123837.17517
302472.075683 4123837.54826
302472.279731 4123837.92093
302472.456904 4123838.28313
302472.652341 4123838.66711
302472.82012 4123839.00733
302473.023906 4123839.36891
302473.192207 4123839.73132
302473.3866 4123840.07091
302473.598475 4123840.39899
302473.793129 4123840.74968
302473.968735 4123841.04531
302474.144862 4123841.36313
302474.321251 4123841.69204
302474.506773 4123842.03184
302474.673768 4123842.33877
302474.849896 4123842.65659
302475.026285 4123842.98551
302475.193803 4123843.31463
302475.388196 4123843.65422
302475.564585 4123843.98314
302475.740973 4123844.31205
302475.917362 4123844.64097
302476.08488 4123844.97009
302476.270662 4123845.32099
302476.446529 4123845.62771
302476.641183 4123845.9784
302476.854101 4123846.35086
302477.039362 4123846.67957
302477.233754 4123847.01916
302477.419014 4123847.34787
302477.612885 4123847.66527
302477.815888 4123847.99356
302478.000887 4123848.31117
302478.139962 4123848.56325
302478.260512 4123848.78245
302478.390194 4123849.01255
302478.529531 4123849.27572
302478.649819 4123849.48383
302478.761236 4123849.69215
302478.909444 4123849.95512
302479.085833 4123850.28403
302479.262483 4123850.62404
302479.485317 4123851.04068
302479.717545 4123851.4793
302479.94925 4123851.89574
302480.15408 4123852.3017
302480.376653 4123852.70724
302480.60862 4123853.13477
302480.822061 4123853.52942
302481.05246 4123853.89037
302481.273989 4123854.25153
302481.521348 4123854.57878
302481.882207 4123854.82564
302482.205753 4123854.99566
302482.50164 4123855.12192
302482.805615 4123855.21469
302483.109068 4123855.28526
302483.509845 4123855.34244
302483.910361 4123855.38853
302484.303572 4123855.5014
302484.723657 4123855.62474
302485.160181 4123855.69219
302485.666891 4123855.72467
302486.190561 4123855.72345
302486.695705 4123855.68936
302487.16458 4123855.62282
302487.694771 4123855.52152
302488.206176 4123855.37626
302488.646609 4123855.23267
302489.10348 4123855.03319
302489.550957 4123854.81172
302489.98017 4123854.56847
302490.42582 4123854.26933
302490.827374 4123853.98232
302491.220057 4123853.69553
302491.613262 4123853.43093
302492.008033 4123853.2329
302492.420287 4123853.02336
302492.797054 4123852.81466
302493.182955 4123852.61684
302493.586337 4123852.40751
302494.024682 4123852.17515
302494.515733 4123851.91935
302494.998174 4123851.67485
302495.471743 4123851.43056
302495.884258 4123851.23212
302496.331735 4123851.01065
302496.735118 4123850.80132
302497.06779 4123850.60475
302497.400463 4123850.40819
302497.724786 4123850.23403
302498.057458 4123850.03746
302498.346035 4123849.85304
302498.644006 4123849.69059
302498.933105 4123849.52836
302499.222204 4123849.36613
302499.537917 4123849.20327
302499.783182 4123849.06427
302499.993222 4123848.93721
302500.168038 4123848.82207
302500.343376 4123848.72913
302500.57977 4123848.59034
302500.78981 4123848.46328
302501.035336 4123848.33537
302501.2806 4123848.19638
302501.569438 4123848.02305
302501.858015 4123847.83862
302502.137721 4123847.65441
302502.434648 4123847.44758
302502.749578 4123847.25144
302503.081467 4123847.02158
302503.396397 4123846.82544
302503.719677 4123846.60689
302504.043217 4123846.39944
302504.357886 4123846.19219
302504.690298 4123845.98453
302504.979136 4123845.8112
302505.32068 4123845.61443
302505.626739 4123845.41849
302505.942191 4123845.24454
302506.283475 4123845.03667
302506.660243 4123844.82797
302507.028401 4123844.63057
302507.360291 4123844.40071
302507.693225 4123844.21525
302508.096347 4123843.99482
302508.481465 4123843.76372
302508.875454 4123843.5324
302509.268921 4123843.2789
302509.662127 4123843.01429
302510.09969 4123842.74865
302510.519771 4123842.49452
302510.922371 4123842.2519
302511.307489 4123842.0208
302511.675125 4123841.8012
302512.078247 4123841.58078
302512.419792 4123841.38401
302512.787689 4123841.17551
302513.155587 4123840.96702
302513.514613 4123840.75873
302513.89086 4123840.52783
302514.302592 4123840.2961
302514.66188 4123840.09891
302515.072307 4123839.8117
302515.483517 4123839.55778
302515.885856 4123839.30407
302516.279845 4123839.07275
302516.72628 4123838.8069
302517.155755 4123838.57475
302517.593579 4123838.3202
302518.040275 4123838.06545
302518.487493 4123837.83288
302518.960542 4123837.5664
302519.407238 4123837.31165
302519.854456 4123837.07908
302520.310023 4123836.82411
302520.766112 4123836.59134
302521.257165 4123836.33554
302521.712993 4123836.09167
302522.123682 4123835.81556
302522.508539 4123835.57336
302522.884787 4123835.34246
302523.261556 4123835.13376
302523.620322 4123834.91438
302523.961867 4123834.7176
302524.28593 4123834.53234
302524.653828 4123834.32385
302525.021726 4123834.11536
302525.424849 4123833.89493
302525.801357 4123833.67513
302526.186476 4123833.44403
302526.598209 4123833.2123
302527.036556 4123832.97994
302527.500995 4123832.72477
302527.930471 4123832.49262
302528.377167 4123832.23786
302528.815514 4123832.00551
302529.244729 4123831.76226
302529.692208 4123831.5408
302530.139166 4123831.29714
302530.595256 4123831.06436
302531.024993 4123830.84331
302531.498564 4123830.59902
302531.910559 4123830.37839
302532.314204 4123830.18016
302532.557381 4123829.95239
302532.791426 4123829.71374
302533.060956 4123829.47426
302533.285608 4123829.21362
302533.430678 4123828.96596
302533.477642 4123828.6984
302533.933732 4123828.46563
302534.345465 4123828.2339
302534.781985 4123827.92387
302535.262863 4123827.6128
302535.683467 4123827.38086
302536.139036 4123827.1259
302536.629828 4123826.859
302537.103139 4123826.60362
302537.558969 4123826.35975
302538.005926 4123826.11609
302538.470888 4123825.88311
302538.865662 4123825.68509
302539.225473 4123825.51009
302539.532577 4123825.35854
302539.857424 4123825.20657
302540.138437 4123825.07783
302540.366482 4123824.96145
302540.568696 4123824.87897
302540.779782 4123824.79629
302541.034702 4123824.69038
302541.298233 4123824.57316
302541.561242 4123824.43374
302541.859997 4123824.30459
302542.184844 4123824.15262
302542.509952 4123824.01175
302542.843671 4123823.85957
302543.158864 4123823.67452
302543.474579 4123823.51166
302543.781161 4123823.33792
302544.079394 4123823.18657
302544.386238 4123823.02392
302544.728306 4123822.84935
302545.061503 4123822.67498
302545.394961 4123822.5117
302545.772253 4123822.32519
302546.18477 4123822.12675
302546.623379 4123821.90549
302547.07086 4123821.68402
302547.536083 4123821.46214
302547.974953 4123821.25198
302548.413823 4123821.04181
302548.834951 4123820.83207
302549.282431 4123820.6106
302549.756526 4123820.38851
302550.177915 4123820.18986
302550.58156 4123819.99163
302551.002427 4123819.77078
302551.352584 4123819.56271
302551.746836 4123819.34249
302552.157004 4123819.04419
302552.629011 4123818.73333
302553.170945 4123818.37641
302553.830556 4123818.11665
302554.532696 4123817.77817
302555.136991 4123817.43089
302555.689623 4123817.15144
302556.276958 4123816.83786
302556.829591 4123816.55841
302557.286204 4123816.34783
302557.742295 4123816.11506
302558.189515 4123815.8825
302558.57568 4123815.69578
302558.91801 4123815.5323
302559.224854 4123815.36965
302559.514477 4123815.22961
302559.760005 4123815.10171
302560.084852 4123814.94974
302560.4097 4123814.79777
302560.787255 4123814.62236
302561.226125 4123814.4122
302561.621161 4123814.22527
302562.095779 4123814.02537
302562.56283 4123813.88116
302563.066149 4123813.7694
302563.630785 4123813.62289
302564.178723 4123813.52119
302564.745186 4123813.45235
302565.330175 4123813.41639
302565.960303 4123813.41267
302566.636355 4123813.47449
302567.278748 4123813.61481
302567.939666 4123813.788
302568.593279 4123814.02797
302569.219756 4123814.24638
302569.963649 4123814.55085
302570.708063 4123814.87751
302571.408382 4123815.21631
302572.101917 4123815.64408
302572.70726 4123816.09614
302573.315474 4123816.67025
302573.87907 4123817.2343
302574.378218 4123817.69996
302574.895891 4123818.19848
302575.387211 4123818.70873
302575.84435 4123819.27529
302576.221647 4123819.84373
302576.562936 4123820.39081
302576.93945 4123820.92596
302577.262736 4123821.46236
302577.576628 4123821.97678
302577.908524 4123822.50188
302578.196324 4123823.03912
302578.456988 4123823.55479
302578.726262 4123824.05916
302578.986665 4123824.56373
302579.274726 4123825.11207
302579.507732 4123825.58398
302579.77805 4123826.13273
302580.020971 4123826.64882
302580.245888 4123827.15423
302580.487765 4123827.62593
302580.825923 4123828.03986
302581.171646 4123828.3981
302581.464664 4123828.77979
302581.740199 4123829.17299
302582.027216 4123829.67694
302582.28788 4123830.19261
302582.546455 4123830.61951
302582.814685 4123831.07949
302583.01925 4123831.47436
302583.250951 4123831.89079
302583.455515 4123832.28566
302583.66869 4123832.66922
302583.901174 4123833.11894
302584.190017 4123833.70057
302584.459291 4123834.20493
302584.776314 4123834.85251
302585.06594 4123835.46742
302585.364176 4123836.07102
302585.653802 4123836.68593
302585.905855 4123837.21291
302586.20383 4123837.80542
302586.518243 4123838.34203
302586.768991 4123838.81352
302587.012433 4123839.35181
302587.263442 4123839.8344
302587.496186 4123840.29522
302587.72032 4123840.76734
302587.972111 4123841.28322
302588.214249 4123841.76602
302588.465518 4123842.25971
302588.689652 4123842.73183
302588.933094 4123843.27011
302589.123047 4123843.79855
302589.312739 4123844.31589
302589.476078 4123844.84495
302589.611498 4123845.31916
302589.747962 4123845.83775
302589.865117 4123846.29019
302589.973923 4123846.76502
302590.074119 4123847.25116
302590.174053 4123847.7262
302590.255202 4123848.15728
302590.291471 4123848.56721
302590.337656 4123849.02131
302590.374447 4123849.45343
302590.384886 4123849.89727
302590.412806 4123850.3296
302590.396369 4123850.76297
302590.363756 4123851.26333
302590.330098 4123851.71932
302590.296441 4123852.1753
302590.236431 4123852.643
302590.158939 4123853.12221
302590.081968 4123853.62362
302589.987517 4123854.13654
302589.909503 4123854.59357
302589.81479 4123855.09539
302589.702335 4123855.59764
302589.553611 4123856.06742
302589.413498 4123856.52591
302589.247032 4123856.99612
302589.080044 4123857.44413
302588.895313 4123857.89256
302588.649005 4123858.36465
302588.401653 4123858.79235
302588.126643 4123859.17629
302587.860244 4123859.54892
302587.567491 4123859.93328
302587.317791 4123860.26112
302587.024256 4123860.61219
302586.73046 4123860.95216
302586.436142 4123861.26995
302586.158784 4123861.55402
302585.82898 4123861.87264
302585.489784 4123862.16928
302585.159198 4123862.45461
302584.819218 4123862.71795
302584.487849 4123862.96999
302584.129866 4123863.22266
302583.736659 4123863.48726
302583.334581 4123863.75206
302582.959116 4123864.01625
302582.565909 4123864.28084
302582.171919 4123864.51215
302581.725484 4123864.778
302581.305402 4123865.03213
302580.866794 4123865.25339
302580.428709 4123865.49684
302579.981752 4123865.7405
302579.49931 4123865.98499
302579.03461 4123866.22906
302578.552429 4123866.48465
302578.052245 4123866.72956
302577.534578 4123866.98598
302577.016912 4123867.24241
302576.472632 4123867.49946
302576.027241 4123867.80969
302575.562803 4123868.06486
302575.115846 4123868.30852
302574.6775 4123868.54088
302574.238893 4123868.76213
302573.774194 4123869.00621
302573.388553 4123869.21512
302572.932465 4123869.44789
302572.511339 4123869.65763
302572.081603 4123869.87868
302571.634125 4123870.10015
302571.221871 4123870.30968
302570.766304 4123870.56465
302570.301866 4123870.81982
302569.872392 4123871.05196
302569.442917 4123871.28411
302569.030663 4123871.49364
302568.592317 4123871.726
302568.127618 4123871.97007
302567.645438 4123872.22566
302567.224574 4123872.4465
302566.768485 4123872.67928
302566.321268 4123872.91184
302565.838305 4123873.13414
302565.347514 4123873.40103
302564.908907 4123873.62229
302564.44447 4123873.87746
302563.927065 4123874.14498
302563.453756 4123874.40036
302562.962966 4123874.66726
302562.489657 4123874.92264
302562.016609 4123875.18912
302561.552694 4123875.46648
302561.053032 4123875.73358
302560.614947 4123875.97703
302560.098065 4123876.26675
302559.63415 4123876.54411
302559.169452 4123876.78819
302558.695621 4123877.02138
302558.265886 4123877.24243
302557.775096 4123877.50932
302557.256909 4123877.74355
302556.772641 4123877.91038
302556.252888 4123878.07803
302555.671296 4123878.25825
302555.106665 4123878.40475
302554.531857 4123878.49599
302553.991751 4123878.5531
302553.469127 4123878.5987
302552.919367 4123878.62274
302552.431706 4123878.64531
302551.951872 4123878.62329
302551.471778 4123878.59018
302550.955415 4123878.52461
302550.492019 4123878.44669
302549.991049 4123878.28084
302549.550352 4123878.03586
302549.13679 4123877.81244
302548.71253 4123877.51156
302548.323755 4123877.20984
302547.925326 4123876.87505
302547.552728 4123876.50634
302547.197089 4123876.10392
302546.789267 4123875.74715
302546.379878 4123875.32379
302546.005974 4123874.8996
302545.649552 4123874.4639
302545.310351 4123874.00559
302544.980282 4123873.55816
302544.685176 4123873.08771
302544.371022 4123872.5622
302544.093398 4123872.08023
302543.728365 4123871.65583
302543.389424 4123871.20862
302543.085969 4123870.76057
302542.755378 4123870.29095
302542.47958 4123869.88666
302542.193345 4123869.416
302541.943379 4123868.97779
302541.684541 4123868.53979
302541.443967 4123868.12357
302541.158516 4123867.6862
302540.881674 4123867.23752
302540.623097 4123866.81062
302540.373391 4123866.38351
302540.133079 4123865.97838
302539.883373 4123865.55127
302539.606531 4123865.10259
302539.34691 4123864.63131
302539.088333 4123864.2044
302538.847759 4123863.78818
302538.579006 4123863.30601
302538.300858 4123862.80185
302538.023755 4123862.34208
302537.755524 4123861.8821
302537.514167 4123861.43258
302537.245935 4123860.9726
302537.014233 4123860.55617
302536.736608 4123860.07421
302536.485858 4123859.60271
302536.217104 4123859.12054
302535.912081 4123858.60591
302535.634456 4123858.12395
302535.356831 4123857.64198
302535.097731 4123857.19289
302534.828977 4123856.71071
302534.541958 4123856.20677
302534.299818 4123855.72397
302534.049328 4123855.26357
302533.798839 4123854.80317
302533.538695 4123854.30969
302533.315864 4123853.89305
302533.064591 4123853.39936
302532.840716 4123852.93834
302532.589704 4123852.45575
302532.356435 4123851.97274
302532.105423 4123851.49015
302531.756566 4123850.99876
302531.452587 4123850.52852
302531.158263 4123850.09135
302530.844368 4123849.57693
302530.530996 4123849.08471
302530.235366 4123848.59207
302529.984354 4123848.10947
302529.670199 4123847.58396
302529.418926 4123847.09027
302529.159043 4123846.60789
302528.89942 4123846.13661
302528.656757 4123845.63162
302528.370521 4123845.16096
302528.101766 4123844.67878
302527.834839 4123844.27428
302527.565562 4123843.76992
302527.306722 4123843.33192
302527.039273 4123842.90523
302526.771823 4123842.47853
302526.531509 4123842.07341
302526.245012 4123841.59165
302525.97704 4123841.14276
302525.745075 4123840.71524
302525.523287 4123840.34298
302525.273319 4123839.90477
302525.023873 4123839.48876
302524.764772 4123839.03967
302524.496278 4123838.56859
302524.199865 4123838.04266
302523.921716 4123837.5385
302523.662615 4123837.08941
302523.357592 4123836.57478
302523.034564 4123836.04948
302522.739194 4123835.56793
302522.453218 4123835.10837
302522.148194 4123834.59374
302521.861435 4123834.10089
302521.546757 4123833.55318
302521.259475 4123833.03814
302520.963845 4123832.5455
302520.694567 4123832.04113
302520.397892 4123831.5041
302520.137747 4123831.01063
302519.850726 4123830.50668
302519.572577 4123830.00252
302519.303299 4123829.49816
302519.03376 4123828.9827
302518.745434 4123828.42327
302518.49416 4123827.92958
302518.205834 4123827.37015
302517.944645 4123826.83229
302517.648752 4123826.32855
302517.309026 4123825.84805
302516.951295 4123825.35687
302516.60348 4123824.90986
302516.309154 4123824.4727
302516.005434 4123824.01355
302515.674579 4123823.53284
302515.370859 4123823.0737
302515.111235 4123822.60241
302514.834391 4123822.15373
302514.557025 4123821.68287
302514.31671 4123821.27774
302514.065957 4123820.80624
302513.833731 4123820.36762
302513.592372 4123819.91811
302513.369539 4123819.50147
302513.10026 4123818.99711
302512.876905 4123818.55827
302512.653027 4123818.09725
302512.410885 4123817.61445
302512.167959 4123817.09836
302511.934949 4123816.62645
302511.710289 4123816.13214
302511.48615 4123815.66002
302511.252879 4123815.17701
302511.029001 4123814.71599
302510.814256 4123814.26585
302510.609427 4123813.85989
302510.395203 4123813.43194
302510.099571 4123812.9393
302509.84073 4123812.5013
302509.591544 4123812.09639
302509.314438 4123811.63661
302509.055597 4123811.19862
302508.804844 4123810.72712
302508.546263 4123810.30022
302508.296032 4123809.85092
302508.054673 4123809.40141
302507.795309 4123808.94122
302507.499677 4123808.44858
302507.240836 4123808.01058
302506.981733 4123807.56149
302506.750289 4123807.15615
302506.508668 4123806.69554
302506.26757 4123806.25713
302506.063523 4123805.88446
302505.850344 4123805.5009
302505.646297 4123805.12822
302505.423463 4123804.71158
302505.20089 4123804.30604
302504.968924 4123803.87851
302504.736696 4123803.43989
302504.485682 4123802.9573
302504.235189 4123802.4969
302503.993568 4123802.03629
302503.742554 4123801.5537
302503.500671 4123801.082
302503.240263 4123800.57743
302503.007513 4123800.11661
302502.75676 4123799.64512
302502.515138 4123799.18451
302502.264124 4123798.70192
302502.00476 4123798.24173
302501.707299 4123797.67142
302501.428887 4123797.15617
302501.150997 4123796.66311
302500.872846 4123796.15895
302500.585562 4123795.64391
302500.297756 4123795.10667
302500.00134 4123794.58074
302499.750063 4123794.08706
302499.508442 4123793.62645
302499.257166 4123793.13276
302498.997018 4123792.63929
302498.709212 4123792.10205
302498.440193 4123791.60878
302498.16178 4123791.09353
302497.874757 4123790.58959
302497.587473 4123790.07454
302497.272269 4123789.50465
302496.96672 4123788.96783
302496.660388 4123788.39772
302496.336312 4123787.82803
302496.011976 4123787.24725
302495.669114 4123786.63359
302495.381829 4123786.11855
302495.057232 4123785.52667
302494.751421 4123784.97876
302494.482402 4123784.48549
302494.148671 4123783.88272
302493.871303 4123783.41185
302493.584279 4123782.90791
302493.287079 4123782.34869
302492.999794 4123781.83365
302492.712771 4123781.3297
302492.434357 4123780.81445
302492.147072 4123780.29941
302491.878314 4123779.81723
302491.56337 4123779.25843
302491.248427 4123778.69963
302490.979407 4123778.20636
302490.691861 4123777.68023
302490.386311 4123777.14341
302490.107114 4123776.59487
302489.819829 4123776.07983
302489.560464 4123775.61964
302489.282572 4123775.12658
302489.013291 4123774.62221
302488.708002 4123774.09649
302488.411062 4123773.54837
302488.142825 4123773.08839
302487.865195 4123772.60643
302487.605307 4123772.12405
302487.346203 4123771.67495
302487.095447 4123771.20346
302486.86374 4123770.78703
302486.622901 4123770.35971
302486.3818 4123769.9213
302486.11278 4123769.42803
302485.862285 4123768.96763
302485.575 4123768.45259
302485.305979 4123767.95932
302485.03722 4123767.47715
302484.777593 4123767.00586
302484.517183 4123766.50129
302484.303218 4123766.08444
302484.052463 4123765.61295
302483.819972 4123765.16323
302483.587221 4123764.70242
302483.345075 4123764.21962
302483.111801 4123763.73661
302482.832865 4123763.19917
302482.553928 4123762.66172
302482.294301 4123762.19044
302482.006493 4123761.6532
302481.73695 4123761.13774
302481.458535 4123760.62249
302481.179859 4123760.09615
302480.874047 4123759.54823
302480.605026 4123759.05497
302480.28982 4123758.48507
302479.99314 4123757.94804
302479.706115 4123757.4441
302479.381516 4123756.85222
302479.057438 4123756.28253
302478.760758 4123755.7455
302478.491998 4123755.26333
302478.204712 4123754.74829
302477.899421 4123754.22257
302477.6304 4123753.7293
302477.352507 4123753.23624
302477.074875 4123752.75428
302476.806376 4123752.2832
302476.519351 4123751.77926
302476.259984 4123751.31907
302476.000356 4123750.84778
302475.731857 4123750.37671
302475.463357 4123749.90563
302475.185203 4123749.40148
302474.93523 4123748.96327
302474.666469 4123748.4811
302474.407625 4123748.0431
302474.15739 4123747.5938
302473.925682 4123747.17737
302473.657183 4123746.7063
