292502.962957 4123903.85149
292502.742261 4123903.90136
292502.406781 4123903.97627
292501.938774 4123904.07666
292501.303027 4123904.21451
292500.534753 4123904.37784
292499.62508 4123904.56687
292498.600623 4123904.78095
292497.470254 4123905.01985
292496.322141 4123905.25919
292495.147139 4123905.48809
292493.866225 4123905.74182
292492.497143 4123906.01993
292491.048489 4123906.31111
292489.547154 4123906.6258
292488.028076 4123906.94093
292486.508997 4123907.25606
292484.990193 4123907.58229
292483.462518 4123907.90874
292481.934842 4123908.23518
292480.398569 4123908.57295
292478.862297 4123908.91071
292477.308281 4123909.24891
292475.745393 4123909.58733
292474.173908 4123909.93707
292472.584405 4123910.27615
292470.986031 4123910.61545
292469.529056 4123910.92905
292467.745473 4123911.31734
292466.103289 4123911.67993
292464.443088 4123912.03186
292462.774564 4123912.40621
292461.088022 4123912.76989
292459.375413 4123913.15643
292457.627044 4123913.53275
292455.843462 4123913.92105
292454.236492 4123914.27167
292452.25883 4123914.70917
292450.466651 4123915.10878
292448.674198 4123915.4973
292446.873422 4123915.90823
292445.08097 4123916.29674
292443.288517 4123916.68526
292441.487467 4123917.08509
292439.676997 4123917.46295
292437.875948 4123917.86278
292436.065752 4123918.25174
292434.255557 4123918.6407
292432.462831 4123919.01812
292430.661782 4123919.41795
292428.860185 4123919.79559
292427.058862 4123920.18433
292425.266136 4123920.56176
292423.464265 4123920.92831
292421.662394 4123921.29485
292419.869394 4123921.66118
292418.067797 4123922.03883
292416.265926 4123922.40538
292414.473476 4123922.7939
292412.671331 4123923.14935
292410.869735 4123923.527
292409.077011 4123923.90443
292407.284286 4123924.28185
292405.491288 4123924.64819
292403.707436 4123925.02539
292401.914712 4123925.40282
292400.139457 4123925.76872
292398.364477 4123926.14571
292396.580626 4123926.52292
292394.814518 4123926.89969
292393.039538 4123927.27668
292391.282576 4123927.66433
292389.516743 4123928.0522
292387.750636 4123928.42898
292385.9934 4123928.80553
292384.236164 4123929.18209
292382.478929 4123929.55864
292380.721968 4123929.94629
292378.955861 4123930.32307
292377.190029 4123930.71094
292375.423922 4123931.08772
292373.657816 4123931.46449
292371.882563 4123931.8304
292370.107311 4123932.1963
292368.332882 4123932.59549
292366.548758 4123932.96161
292364.782927 4123933.34948
292363.00795 4123933.72648
292361.232698 4123934.09238
292359.457995 4123934.48048
292357.700762 4123934.85704
292355.934657 4123935.23382
292354.168552 4123935.6106
292352.411593 4123935.99826
292350.645214 4123936.36394
292348.879384 4123936.75182
292347.104408 4123937.12882
292345.329432 4123937.50583
292343.563053 4123937.87151
292341.796949 4123938.2483
292340.030845 4123938.62508
292338.273339 4123938.99055
292336.507235 4123939.36733
292334.749729 4123939.7328
292332.983625 4123940.10959
292331.226394 4123940.48616
292329.469162 4123940.86272
292327.720803 4123941.23907
292325.954425 4123941.60476
292324.206066 4123941.98111
292322.457158 4123942.33527
292320.708799 4123942.71161
292318.96044 4123943.08796
292317.212081 4123943.46431
292315.472594 4123943.84044
292313.723961 4123944.2057
292311.975603 4123944.58205
292310.227245 4123944.9584
292308.496355 4123945.32322
292306.756869 4123945.69935
292305.026255 4123946.07526
292303.304512 4123946.45096
292301.573623 4123946.81578
292299.843009 4123947.19169
292298.120992 4123947.55629
292296.390378 4123947.9322
292294.668636 4123948.3079
292292.937748 4123948.67272
292291.215732 4123949.03732
292289.493716 4123949.40192
292287.771425 4123949.75543
292286.058555 4123950.1309
292284.354008 4123950.48397
292282.649736 4123950.84813
292280.936592 4123951.21252
292279.223723 4123951.588
292277.501433 4123951.9415
292275.744206 4123952.31808
292273.845581 4123952.72037
292271.788364 4123953.17099
292269.669046 4123953.62315
292267.479304 4123954.09926
292265.201119 4123954.58866
292262.869705 4123955.07937
292260.538566 4123955.58119
292258.198555 4123956.08323
292255.867416 4123956.58504
292253.510212 4123957.10971
292251.126393 4123957.63504
292248.72483 4123958.16081
292246.287782 4123958.68746
292243.824118 4123959.21476
292241.325518 4123959.76514
292238.800027 4123960.30508
292236.247923 4123960.84568
292233.669478 4123961.39804
292231.082161 4123961.95062
292228.477102 4123962.50364
292225.8543 4123963.05709
292223.240369 4123963.61033
292220.617567 4123964.16379
292217.986169 4123964.72857
292215.354496 4123965.28225
292212.704805 4123965.82527
292210.037646 4123966.37983
292207.370762 4123966.94549
292204.694457 4123967.48918
292202.071657 4123968.04264
292199.484344 4123968.59523
292196.94139 4123969.14672
292194.44252 4123969.68601
292191.978862 4123970.21334
292189.550691 4123970.73978
292187.166878 4123971.26513
292184.800535 4123971.77894
292182.47855 4123972.29165
292180.192052 4123972.80349
292177.931894 4123973.30357
292175.689205 4123973.79212
292173.49115 4123974.29066
292171.310838 4123974.78877
292169.147995 4123975.27534
292166.97628 4123975.76214
292164.778226 4123976.26068
292162.571025 4123976.74836
292160.355227 4123977.24734
292158.130559 4123977.74655
292155.888147 4123978.2462
292153.627991 4123978.74629
292151.358965 4123979.2466
292149.054727 4123979.75888
292146.732745 4123980.27161
292144.393296 4123980.79587
292142.035828 4123981.30947
292139.660893 4123981.83461
292137.277086 4123982.35998
292134.893279 4123982.88534
292132.518619 4123983.42158
292130.15283 4123983.9576
292127.795914 4123984.4934
292125.430126 4123985.02942
292123.082082 4123985.565
292120.71657 4123986.11212
292118.351058 4123986.65924
292115.967803 4123987.2068
292113.575676 4123987.75458
292111.165532 4123988.29171
292108.737644 4123988.82927
292106.283142 4123989.3675
292103.802025 4123989.90638
292101.302891 4123990.43461
292098.777691 4123990.98569
292096.234473 4123991.52611
292093.664641 4123992.0672
292091.086212 4123992.6196
292088.472022 4123993.16178
292085.858108 4123993.71507
292083.217303 4123994.25791
292080.558756 4123994.8012
292077.891337 4123995.34471
292075.205901 4123995.87756
292072.511868 4123996.42173
292069.800092 4123996.96633
292067.079719 4123997.52226
292064.350475 4123998.07841
292061.621507 4123998.64565
292058.892538 4123999.21289
292056.154973 4123999.79145
292053.408812 4124000.38133
292050.671523 4124000.97099
292047.934234 4124001.56065
292045.214414 4124002.13878
292042.521484 4124002.72734
292039.837151 4124003.30459
292037.16114 4124003.85942
292034.502873 4124004.41382
292031.880092 4124004.96734
292029.283377 4124005.49801
292026.722149 4124006.0278
292024.169792 4124006.55737
292021.63518 4124007.0865
292019.109439 4124007.61541
292016.56623 4124008.15586
292014.031618 4124008.685
292011.488409 4124009.22545
292008.936604 4124009.77721
292006.366782 4124010.31833
292003.779216 4124010.85988
292001.165036 4124011.40209
291998.541984 4124011.94453
291995.892318 4124012.48762
291993.23378 4124013.03093
291990.557774 4124013.58578
291987.873172 4124014.15195
291985.170827 4124014.71856
291982.459611 4124015.28539
291979.739798 4124015.86354
291977.002243 4124016.44213
291974.264687 4124017.02071
291971.500518 4124017.59996
291968.727202 4124018.16834
291965.945289 4124018.74803
291963.154505 4124019.32794
291960.363722 4124019.90785
291957.546324 4124020.48842
291954.728926 4124021.069
291951.893786 4124021.65001
291949.050049 4124022.24234
291946.188844 4124022.84621
291943.301025 4124023.45074
291940.386316 4124024.04484
291937.45414 4124024.65047
291934.504495 4124025.26763
291931.54598 4124025.88502
291928.569446 4124026.49176
291925.584591 4124027.1209
291922.59059 4124027.73918
291919.579121 4124028.36899
291916.558781 4124028.99902
291913.52957 4124029.62927
291910.474019 4124030.27128
291907.409597 4124030.91351
291904.327432 4124031.55618
291901.2278 4124032.21038
291898.119021 4124032.85372
291894.993049 4124033.51968
291891.866803 4124034.17456
291888.723089 4124034.84096
291885.579651 4124035.51847
291882.418745 4124036.20751
291879.258115 4124036.90766
291876.070595 4124037.59736
291872.892497 4124038.30904
291869.68751 4124039.01029
291866.490845 4124039.68912
291863.329116 4124040.34488
291860.238085 4124040.98779
291857.20001 4124041.61828
291854.241504 4124042.2357
291851.335402 4124042.81851
291848.518017 4124043.39912
291845.74444 4124043.95643
291843.032689 4124044.50112
291840.347278 4124045.03405
291837.713171 4124045.48798
291835.158083 4124045.90665
291832.700308 4124046.3118
291830.330698 4124046.69255
291828.067548 4124047.07067
291825.910307 4124047.42396
291823.83236 4124047.75307
291821.823735 4124048.01385
291819.867514 4124048.24002
291817.963697 4124048.43158
291816.121706 4124048.6105
291814.359834 4124048.79854
291812.704698 4124048.99504
291811.131332 4124049.26723
291809.621168 4124049.58226
291808.10461 4124049.99738
291806.580282 4124050.45711
291805.03154 4124051.00627
291803.422349 4124051.62354
291801.81426 4124052.28521
291800.216968 4124053.02432
291798.62965 4124053.8076
291797.034561 4124054.63549
291795.404812 4124055.49755
291793.723485 4124056.4275
291791.980883 4124057.39229
291790.186153 4124058.40278
291788.541139 4124059.36514
291786.503235 4124060.59263
291784.631414 4124061.71606
291782.752099 4124062.8952
291780.864187 4124064.08565
291778.985699 4124065.29808
291777.081422 4124066.54446
291775.14276 4124067.8361
291773.20465 4124069.14993
291771.293154 4124070.46311
291769.417146 4124071.77541
291767.549459 4124073.06529
291765.699241 4124074.34364
291763.856794 4124075.57738
291762.031539 4124076.78849
291760.214331 4124077.96609
291758.405169 4124079.11019
291756.622072 4124080.23143
291754.856719 4124081.35223
291753.11798 4124082.47237
291751.378967 4124083.58141
291749.675991 4124084.71177
291747.999905 4124085.85257
291746.359307 4124086.99248
291744.710387 4124088.15481
291743.071166 4124089.3502
291741.441643 4124090.57867
291739.80435 4124091.85174
291738.185075 4124093.13547
291736.601563 4124094.42941
291735.026923 4124095.72313
291733.617264 4124096.86842
291731.921176 4124098.27619
291730.399216 4124099.5464
291728.912743 4124100.81573
291727.435141 4124102.08484
291725.94922 4124103.37637
291724.445555 4124104.66833
291722.934121 4124106.0049
291721.405495 4124107.36411
291719.877695 4124108.7566
291718.31441 4124110.14997
291716.733933 4124111.56598
291715.162604 4124112.99286
291713.582678 4124114.43106
291712.011625 4124115.86904
291710.466912 4124117.29527
291708.939667 4124118.70995
291707.438486 4124120.10179
291705.972517 4124121.48165
291704.515419 4124122.86128
291703.066643 4124124.21851
291701.608445 4124125.55376
291700.167715 4124126.87748
291698.717563 4124128.17922
291697.266586 4124129.44768
291695.815609 4124130.71614
291694.34744 4124132.00723
291692.80053 4124133.34468
291691.193171 4124134.75026
291689.534512 4124136.23483
291687.814855 4124137.76533
291686.078556 4124139.34065
291684.35113 4124140.91576
291682.676658 4124142.47845
291681.028802 4124144.04047
291679.407285 4124145.59074
291677.838446 4124147.1175
291676.313691 4124148.63206
291674.824147 4124150.13465
291673.35207 4124151.62569
291671.91493 4124153.09367
291670.521872 4124154.54944
291669.137411 4124155.9939
291667.78816 4124157.42639
291666.439186 4124158.86997
291665.10823 4124160.32421
291663.768679 4124161.78976
291662.421083 4124163.28882
291661.064892 4124164.7992
291659.847891 4124166.1951
291658.346118 4124167.92005
291656.965242 4124169.50876
291655.576321 4124171.13099
291654.196547 4124172.76409
291652.817876 4124174.44157
291651.422014 4124176.14169
291650.00896 4124177.86445
291648.588137 4124179.6318
291647.177287 4124181.44333
291645.758118 4124183.27726
291644.330904 4124185.14471
291642.913114 4124187.03413
291641.495599 4124188.93464
291640.095828 4124190.83472
291638.722672 4124192.73413
291637.366985 4124194.62201
291636.029316 4124196.52055
291634.709666 4124198.42974
291633.390292 4124200.35002
291632.080342 4124202.29228
291630.762071 4124204.25695
291629.452948 4124206.2325
291628.13523 4124208.21937
291626.826935 4124210.22821
291625.51032 4124212.25946
291624.185936 4124214.33531
291622.827169 4124216.45644
291621.434019 4124218.62283
291620.041972 4124220.8336
291618.624413 4124223.08942
291617.199085 4124225.38985
291615.774585 4124227.72357
291614.333721 4124230.11321
291612.902279 4124232.52482
291611.472216 4124234.99191
291610.061274 4124237.51404
291608.651711 4124240.09166
291607.270141 4124242.7241
291605.907691 4124245.41157
291604.57351 4124248.16497
291603.240157 4124250.95165
291601.907906 4124253.78272
291600.594501 4124256.65774
291599.264732 4124259.58867
291597.945213 4124262.57487
291596.626522 4124265.59436
291595.334997 4124268.63538
291594.078959 4124271.67552
291592.849535 4124274.715
291591.638406 4124277.77623
291590.463591 4124280.86987
291589.306795 4124283.97416
291588.195458 4124287.12174
291587.111012 4124290.27975
291586.026843 4124293.44886
291584.933803 4124296.61819
291583.823297 4124299.79906
291582.695876 4124303.01366
291581.569282 4124306.26155
291580.434645 4124309.54294
291579.256203 4124312.84763
291578.104376 4124316.15166
291576.918167 4124319.50096
291575.741106 4124322.86113
291574.573193 4124326.23218
291573.396686 4124329.61454
291572.211308 4124332.99713
291571.026758 4124336.41301
291569.842208 4124339.82888
291568.639918 4124343.2452
291567.4465 4124346.66129
291566.261678 4124350.06607
291565.102369 4124353.42581
291563.950279 4124356.71874
291562.806235 4124359.97817
291561.679108 4124363.20387
291560.55975 4124366.38496
291559.456758 4124369.51013
291558.362362 4124372.62398
291557.285159 4124375.71521
291556.20713 4124378.77314
291555.137698 4124381.81975
291554.077137 4124384.86615
291553.016302 4124387.90145
291551.955744 4124390.94784
291550.912928 4124393.9938
291549.869838 4124397.02866
291548.835896 4124400.07439
291547.80223 4124403.13123
291546.777436 4124406.18784
291545.779808 4124409.26598
291544.80907 4124412.35456
291543.847756 4124415.46511
291542.921927 4124418.57478
291542.041281 4124421.71664
291541.187526 4124424.86893
291540.360937 4124428.04276
291539.605593 4124431.22592
291538.877691 4124434.4417
291538.194421 4124437.66748
291537.556334 4124440.92545
291536.997538 4124444.15924
291536.500013 4124447.3582
291536.063761 4124450.52233
291535.679634 4124453.64076
291535.338484 4124456.7026
291535.04114 4124459.74114
291534.778454 4124462.74552
291534.568996 4124465.74857
291534.377831 4124468.77337
291534.195538 4124471.79796
291533.995778 4124474.83408
291533.822356 4124477.85844
291533.640614 4124480.90522
291533.484936 4124483.92914
291533.329808 4124486.97526
291533.209338 4124489.9872
291533.088593 4124492.98805
291533.011929 4124495.9767
291532.979344 4124498.95316
291532.972822 4124501.90675
291532.975171 4124504.86013
291532.985564 4124507.78
291533.004553 4124510.68856
291533.023542 4124513.59711
291533.068593 4124516.48281
291533.114196 4124519.3907
291533.176989 4124522.27596
291533.240058 4124525.17231
291533.303128 4124528.06867
291533.38449 4124530.98678
291533.475827 4124533.94905
291533.567163 4124536.91132
291533.676793 4124539.89534
291533.795294 4124542.87915
291533.896605 4124545.88558
291533.971301 4124548.89268
291534.055696 4124551.93285
291534.140643 4124554.99521
291534.208674 4124558.0913
291534.312741 4124561.2087
291534.399341 4124564.33763
291534.460155 4124567.50052
291534.539262 4124570.68516
291534.609774 4124573.88111
291534.69026 4124577.12123
291534.762426 4124580.38377
291534.861481 4124583.65674
291534.952216 4124586.95212
291535.03408 4124590.24772
291535.125091 4124593.5542
291535.242991 4124596.87111
291535.342873 4124600.17737
291535.460497 4124603.48318
291535.595312 4124606.76637
291535.719878 4124609.99429
291535.843341 4124613.17783
291535.956279 4124616.29501
291536.058968 4124619.35692
291536.160555 4124622.37446
291536.23415 4124625.33717
291536.270332 4124628.22309
291536.331474 4124631.04177
291536.389583 4124633.73839
291536.43386 4124636.2355
291536.492571 4124638.59902
291536.532713 4124640.92968
291536.59809 4124643.2042
291536.672063 4124645.46741
291536.719698 4124647.74237
291536.794773 4124650.04996
291536.878995 4124652.36843
291536.964595 4124654.74237
291537.051848 4124657.1829
291537.129956 4124659.61255
291537.197814 4124661.98694
291537.255974 4124664.32826
291537.304987 4124666.6587
291537.346233 4124669.03375
291537.397727 4124671.46406
291537.406796 4124673.97315
291537.4092 4124676.57123
291537.412706 4124679.21369
291537.391529 4124681.93449
291537.354263 4124684.7223
291537.30091 4124687.57714
291537.249487 4124690.50965
291537.208588 4124693.50852
291537.17601 4124696.48497
291537.13456 4124699.46164
291537.119448 4124702.42656
291537.096292 4124705.42499
291537.072584 4124708.40122
291537.083534 4124711.34328
291537.076742 4124714.28579
291537.077718 4124717.18368
291537.086738 4124720.04807
291537.120993 4124722.85632
291537.136955 4124725.64282
291537.142668 4124728.37405
291537.140061 4124731.12769
291537.128308 4124733.87047
291537.143167 4124736.61257
291537.158027 4124739.35468
291537.199223 4124742.08504
291537.240144 4124744.80429
291537.290212 4124747.53442
291537.340004 4124750.25346
291537.407538 4124752.97205
291537.466201 4124755.69087
291537.52514 4124758.42078
291537.592949 4124761.15047
291537.687372 4124763.8795
291537.800087 4124766.63028
291537.905635 4124769.09256
291538.034388 4124772.13163
291538.15625 4124774.89328
291538.278112 4124777.65494
291538.400249 4124780.4277
291538.531533 4124783.21133
291538.671964 4124786.00583
291538.81267 4124788.81143
291538.963074 4124791.6501
291539.114029 4124794.51097
291539.292699 4124797.41556
291539.42927 4124800.05471
291539.634227 4124803.30285
291539.832017 4124806.26247
291540.046171 4124809.16618
291540.285834 4124812.02484
291540.559877 4124814.83823
291540.86775 4124817.58417
291541.191435 4124820.25199
291541.521785 4124822.83081
291541.830811 4124825.26583
291542.091071 4124827.52441
291542.302568 4124829.60655
291542.491636 4124831.50049
291542.650509 4124833.25084
291542.763925 4124834.95791
291542.868195 4124836.6541
291542.937808 4124838.38447
291542.985496 4124840.30413
291543.037042 4124842.37914
291543.055586 4124844.55489
291543.130663 4124846.86248
291543.153893 4124849.22688
291543.2525 4124851.76705
291543.262675 4124854.32052
291543.408668 4124856.98165
291543.565185 4124859.70914
291543.731125 4124862.4586
291543.915081 4124865.21872
291544.108736 4124868.0119
291544.311261 4124870.80487
291544.531251 4124873.58629
291544.742096 4124876.35684
291544.961535 4124879.11608
291545.198165 4124881.85268
291545.452536 4124884.58884
291545.688062 4124887.28105
291545.922762 4124889.93998
291546.155808 4124892.53233
291546.380258 4124895.13599
291546.595287 4124897.71769
291546.801996 4124900.32179
291547.008705 4124902.9259
291547.215414 4124905.53001
291547.422399 4124908.14521
291547.629383 4124910.76041
291547.844136 4124913.33101
291548.04032 4124915.86876
291548.253418 4124918.37278
291548.447397 4124920.82176
291548.622532 4124923.22679
291548.806262 4124925.62051
291548.990543 4124928.03642
291549.184246 4124930.4743
291549.387922 4124932.95635
291549.583279 4124935.46081
291549.787507 4124937.96505
291549.99201 4124940.48038
291550.205383 4124942.9955
291550.410438 4124945.53303
291550.624362 4124948.07033
291550.847985 4124950.64071
291551.073261 4124953.27767
291551.308786 4124955.96988
291551.545965 4124958.72867
291551.783695 4124961.50966
291552.030296 4124964.29043
291552.276621 4124967.0601
291552.52267 4124969.81867
291552.777314 4124972.56593
291553.014217 4124975.31362
291553.241698 4124978.03935
291553.487471 4124980.78683
291553.715779 4124983.54584
291553.954059 4124986.34902
291554.210081 4124989.15176
291554.448638 4124991.96603
291554.67028 4124994.81404
291554.91049 4124997.69489
291555.15957 4125000.57552
291555.409202 4125003.47835
291555.659109 4125006.39227
291555.909568 4125009.32839
291556.169724 4125012.29757
291556.439301 4125015.28872
291556.710257 4125018.33536
291556.965126 4125021.44902
291557.239665 4125024.63991
291557.524729 4125027.89715
291557.810895 4125031.19878
291558.078768 4125034.47866
291558.33722 4125037.73657
291558.595395 4125040.98338
291558.853847 4125044.24129
291559.093454 4125047.45525
291559.340554 4125050.61351
291559.567983 4125053.69454
291559.800148 4125056.60891
291560.009886 4125059.33507
291560.199126 4125061.95072
291560.405831 4125064.55482
291560.594796 4125067.15937
291560.787068 4125069.89707
291560.97488 4125072.81254
291561.166826 4125075.89445
291561.38759 4125079.06447
291561.610834 4125082.33435
291561.819093 4125085.71564
291562.029282 4125089.1746
291562.241125 4125092.70015
291562.471811 4125096.26963
291562.721616 4125099.89416
291563.007455 4125103.54
291563.338749 4125107.22912
291563.714946 4125110.93933
291564.11803 4125114.65998
291564.547725 4125118.37996
291564.994059 4125122.05512
291565.456755 4125125.67436
291565.891461 4125129.23878
291566.325891 4125132.7921
291566.762251 4125136.4231
291567.208308 4125140.08716
291567.645494 4125143.75145
291568.126481 4125147.39244
291568.650992 4125150.99904
291569.140298 4125154.61762
291569.559191 4125158.26015
291569.890757 4125161.96037
291570.125851 4125165.70739
291570.308274 4125169.47794
291570.472129 4125173.21563
291570.653174 4125176.93069
291570.868597 4125180.60048
291571.154984 4125184.26851
291571.512334 4125187.93478
291571.940372 4125191.58819
291572.448243 4125195.23962
291573.027903 4125198.92257
291573.677976 4125202.58157
291574.452784 4125206.25967
291575.316572 4125209.94667
291576.259641 4125213.60949
291577.272846 4125217.23726
291578.382521 4125220.81822
291579.564261 4125224.44181
291580.834428 4125228.05209
291582.201617 4125231.63776
291583.655855 4125235.15465
291585.196866 4125238.59166
291586.779747 4125241.9277
291588.440806 4125245.19518
291590.162578 4125248.40564
291591.972777 4125251.60279
291593.871402 4125254.78665
291595.832118 4125257.96897
291597.855201 4125261.16084
291599.931504 4125264.35139
291602.060477 4125267.51843
291604.216334 4125270.6959
291606.406845 4125273.8392
291608.623964 4125276.98184
291610.857721 4125280.07966
291613.118087 4125283.17681
291615.368754 4125286.2409
291617.645755 4125289.29323
291619.905013 4125292.34601
291622.18146 4125295.37615
291624.44931 4125298.4176
291626.734623 4125301.44752
291629.045444 4125304.4324
291631.408382 4125307.37157
291633.822612 4125310.23174
291636.322787 4125312.97875
291638.909183 4125315.62369
291641.546319 4125318.16744
291644.252486 4125320.63175
291646.983334 4125323.01773
291649.738036 4125325.29209
291652.516591 4125327.45483
291655.300709 4125329.48419
291658.133087 4125331.31249
291661.004304 4125332.91777
291663.93155 4125334.27739
291666.86188 4125335.40377
291669.813308 4125336.30756
291672.723469 4125336.97921
291675.656108 4125337.48376
291678.646705 4125337.82032
291681.713001 4125337.98845
291684.800674 4125337.9451
291687.882285 4125337.65763
291690.896294 4125337.14977
291693.825789 4125336.45527
291696.687406 4125335.52928
291699.480597 4125334.34961
291702.195939 4125332.89431
291704.807097 4125331.17511
291707.314073 4125329.19203
291709.709648 4125327.01186
291712.002693 4125324.63437
291714.167148 4125322.08243
291716.195245 4125319.40064
291718.061475 4125316.63404
291719.748648 4125313.80527
291721.316376 4125310.81291
291722.738876 4125307.69093
291724.052455 4125304.47171
291725.30174 4125301.16527
291726.390478 4125298.18481
291727.685549 4125294.57745
291728.837539 4125291.28453
291730.006444 4125287.95788
291731.157609 4125284.63167
291732.325414 4125281.26064
291733.491844 4125277.83412
291734.648577 4125274.37454
291735.813632 4125270.89254
291736.951525 4125267.38901
291738.080549 4125263.8857
291739.182413 4125260.36086
291740.266261 4125256.82536
291741.314079 4125253.26856
291742.370492 4125249.70043
291743.409166 4125246.13275
291744.483322 4125242.56419
291745.548884 4125239.00694
291746.633289 4125235.49364
291747.762598 4125232.00142
291748.911026 4125228.56426
291750.016205 4125225.17257
291751.049871 4125221.76046
291752.030041 4125218.33857
291752.956438 4125214.89581
291753.794133 4125211.45525
291754.551168 4125207.98338
291755.148813 4125204.52658
291755.577095 4125201.04066
291755.774747 4125197.56048
291755.732624 4125194.07514
291755.477886 4125190.60617
291754.992518 4125187.14294
291754.321697 4125183.71761
291753.473468 4125180.29669
291752.493283 4125176.92346
291751.415799 4125173.56374
291750.250436 4125170.23952
291749.022979 4125166.91683
291747.778882 4125163.63898
291746.580237 4125160.4044
291745.409856 4125157.23575
291744.25694 4125154.05555
291743.111516 4125150.81966
291741.981904 4125147.50565
291740.876975 4125144.11331
291739.778988 4125140.64307
291738.697639 4125137.12801
291737.662019 4125133.66733
291736.696811 4125130.18269
291735.846093 4125126.6619
291735.188871 4125123.0697
291734.798039 4125119.48198
291734.630621 4125115.95534
291734.694937 4125112.46735
291735.000684 4125109.0511
291735.530949 4125105.74031
291736.330633 4125102.55606
291737.418581 4125099.54231
291738.705812 4125096.69017
291740.085054 4125093.96897
291741.564075 4125091.33413
291743.178359 4125088.78475
291744.935122 4125086.25405
291746.852107 4125083.74157
291748.957026 4125081.29105
291751.268171 4125078.92424
291753.733421 4125076.68684
291756.354428 4125074.64543
291759.052184 4125072.83529
291761.789829 4125071.2018
291764.59425 4125069.75542
291767.490958 4125068.45108
291770.444469 4125067.28968
291773.479743 4125066.20397
291776.561023 4125065.18374
291779.705774 4125064.21745
291782.904299 4125063.27203
291786.164644 4125062.31398
291789.478763 4125061.3768
291792.854426 4125060.41589
291796.266673 4125059.49849
291799.66173 4125058.60372
291803.075355 4125057.7418
291806.489255 4125056.89098
291809.903983 4125056.07344
291813.336727 4125055.26657
291816.707654 4125054.47233
291820.060289 4125053.65635
291823.404054 4125052.84058
291826.676581 4125052.01548
291829.967399 4125051.21213
291833.276235 4125050.41945
291836.541268 4125049.65005
291839.834015 4125048.92438
291843.109297 4125048.21025
291846.395101 4125047.56248
291849.673137 4125046.95932
291852.97916 4125046.41097
291856.339784 4125045.91679
291859.738092 4125045.51051
291863.208465 4125045.14684
291866.733989 4125044.85954
291870.296096 4125044.61574
291873.86068 4125044.47181
291877.373142 4125044.37358
291880.843453 4125044.36523
291884.262742 4125044.44697
291887.622689 4125044.64121
291890.932165 4125044.94774
291894.218332 4125045.38809
291897.498379 4125045.93961
291900.781178 4125046.60211
291904.050913 4125047.45368
291907.298439 4125048.48345
291910.496868 4125049.68099
291913.655347 4125051.05717
291916.772499 4125052.55652
291919.866065 4125054.17858
291922.926899 4125055.91248
291925.987732 4125057.64639
291929.109006 4125059.31218
291932.229179 4125060.93359
291935.365165 4125062.47688
291938.507544 4125063.92009
291941.719786 4125065.31715
291945.01021 4125066.64566
291948.352206 4125067.90628
291951.764615 4125069.14294
291955.166225 4125070.30214
291958.583926 4125071.39434
291961.971712 4125072.35403
291965.33818 4125073.16992
291968.682505 4125073.80871
291972.013281 4125074.25908
291975.302248 4125074.45512
291978.549406 4125074.39682
291981.718447 4125074.05178
291984.791906 4125073.43153
291987.80444 4125072.50191
291990.738308 4125071.26335
291993.532793 4125069.77288
291996.179573 4125068.0529
291998.626528 4125066.14913
292000.883626 4125064.10572
292002.923708 4125061.90114
292004.739276 4125059.5911
292006.384105 4125057.19647
292007.919464 4125054.68242
292009.372237 4125052.05938
292010.795925 4125049.33713
292012.190527 4125046.51568
292013.564638 4125043.58371
292014.910488 4125040.58582
292016.263285 4125037.51003
292017.597241 4125034.3903
292018.877976 4125031.27189
292020.133199 4125028.19853
292021.328255 4125025.20438
292022.430136 4125022.39018
292023.396965 4125019.85691
292024.203779 4125017.67181
292024.884411 4125015.76741
292025.496004 4125013.94244
292026.197403 4125012.15967
292026.801777 4125010.4015
292027.387859 4125008.62158
292028.016919 4125006.78507
292028.678712 4125004.83673
292029.42426 4125002.68645
292030.209212 4125000.33534
292031.052683 4124997.83845
292031.935832 4124995.15181
292032.842568 4124992.34246
292033.797579 4124989.33205
292034.723503 4124986.22244
292035.645578 4124982.95747
292036.574599 4124979.61462
292037.448748 4124976.2065
292038.286315 4124972.75489
292039.096445 4124969.27064
292039.844758 4124965.79902
292040.486073 4124962.30786
292040.967168 4124958.79845
292041.288592 4124955.29301
292041.449519 4124951.75823
292041.415843 4124948.25048
292041.229716 4124944.67989
292040.848435 4124941.11414
292040.306382 4124937.50796
292039.604931 4124933.91683
292038.778741 4124930.30659
292037.811445 4124926.73315
292036.835277 4124923.15994
292035.787593 4124919.56629
292034.677539 4124915.96308
292033.548367 4124912.30484
292032.374567 4124908.63659
292031.164182 4124904.92484
292029.961567 4124901.16849
292028.758677 4124897.40103
292027.564931 4124893.64446
292026.399171 4124889.94271
292025.28801 4124886.29512
292024.195964 4124882.70257
292023.167938 4124879.18615
292022.18564 4124875.72412
292021.231878 4124872.33911
292020.263125 4124869.06549
292019.260538 4124865.85934
292018.162297 4124862.73327
292017.10779 4124859.93922
292015.746246 4124856.57541
292014.438406 4124853.58778
292013.123344 4124850.66695
292011.792465 4124847.82423
292010.410561 4124845.0716
292009.039728 4124842.40752
292007.645031 4124839.85507
292006.271101 4124837.42423
292004.970886 4124835.1026
292003.744938 4124832.91236
292002.622068 4124830.94163
292001.648006 4124829.2448
292000.814706 4124827.85535
292000.221122 4124826.82638
291999.692935 4124825.92901
302460.282895 4123714.36951
302460.346562 4123714.43462
302460.4298 4123714.57699
302460.504428 4123714.73067
302460.596798 4123714.88392
302460.624457 4123714.92768
302460.642461 4123714.93836
