302488.208414 4123761.91805
302488.208414 4123761.91805
302488.208675 4123761.92915
302488.199804 4123761.92936
302488.190932 4123761.92957
302488.182322 4123761.94087
302488.182583 4123761.95197
302488.209981 4123761.98463
302488.299478 4123762.01583
302488.327137 4123762.05959
302488.380365 4123762.05834
302488.408546 4123762.12429
302488.463341 4123762.18961
302488.509526 4123762.26624
302488.491783 4123762.26666
302488.473518 4123762.24488
302488.510832 4123762.32172
302488.601896 4123762.4195
302488.638687 4123762.47414
302488.694004 4123762.56166
302488.786374 4123762.71491
302488.906402 4123762.91193
302489.062438 4123763.1303
302489.237261 4123763.39264
302489.412607 4123763.67717
302489.588213 4123763.9728
302489.782346 4123764.30129
302489.984828 4123764.60739
302490.179482 4123764.95808
302490.392141 4123765.31945
302490.605061 4123765.69191
302490.80937 4123766.07568
302491.022551 4123766.45924
302491.244603 4123766.84259
302491.448652 4123767.21527
302491.652178 4123767.56575
302491.846571 4123767.90534
302492.014612 4123768.25666
302492.191262 4123768.59667
302492.367652 4123768.92558
302492.534909 4123769.24361
302492.711559 4123769.58362
302492.887949 4123769.91254
302493.055206 4123770.23057
302493.222463 4123770.54859
302493.389459 4123770.85552
302493.556194 4123771.15136
302493.732322 4123771.46918
302493.943675 4123771.77507
302494.137024 4123772.07028
302494.312891 4123772.377
302494.497891 4123772.69461
302494.673236 4123772.97914
302494.830577 4123773.25299
302494.996529 4123773.51554
302495.15387 4123773.78939
302495.301818 4123774.04126
302495.432283 4123774.30465
302495.571359 4123774.55672
302495.710697 4123774.8199
302495.858905 4123775.08286
302495.998242 4123775.34604
302496.13758 4123775.60921
302496.276917 4123775.87238
302496.416254 4123776.13556
302496.528455 4123776.37717
302496.695189 4123776.673
302496.919852 4123777.16731
302497.063883 4123777.25274
302497.175039 4123777.44997
302497.267409 4123777.60322
302497.286718 4123777.66938
302497.311766 4123777.60218
302497.393958 4123777.70017
302497.495982 4123777.8865
302497.653584 4123778.17145
302497.839106 4123778.51125
302498.043153 4123778.88393
302498.257378 4123779.31187
302498.498739 4123779.76138
302498.776891 4123780.26554
302499.0373 4123780.77011
302499.298492 4123781.30797
302499.568294 4123781.83453
302499.79374 4123782.36213
302500.002226 4123782.92343
302500.20184 4123783.48495
302500.383711 4123784.04688
302500.565844 4123784.61991
302500.766242 4123785.21471
302500.868792 4123785.80071
302500.96195 4123786.36473
302500.949172 4123786.95345
302500.856291 4123787.53295
302500.878477 4123788.09864
302500.864656 4123788.64297
302500.834136 4123789.2321
302500.775435 4123789.75529
302500.853721 4123790.44178
302500.773889 4123791.19861
302500.860002 4123791.84051
302500.895498 4123792.59462
302500.77287 4123793.04159
302500.62415 4123793.51138
302500.385671 4123793.93888
302500.227819 4123794.39778
302499.988818 4123794.80308
302499.740685 4123795.1975
302499.483159 4123795.56993
302499.22511 4123795.92017
302498.949058 4123796.25973
302498.673005 4123796.59929
302498.369817 4123796.91728
302498.057756 4123797.23549
302497.736825 4123797.5539
302497.387974 4123797.81746
302496.994766 4123798.08206
302496.618779 4123798.32405
302496.286104 4123798.52061
302495.917683 4123798.70692
302495.540129 4123798.88233
302495.179796 4123799.03514
302494.872952 4123799.19779
302494.617248 4123799.27042
302494.380593 4123799.39811
302494.143415 4123799.50361
302494.003561 4123799.59572
302471.018433 4123730.0041
302471.009301 4123729.99321
302471.072706 4123730.04723
302471.073229 4123730.06942
302471.072445 4123730.03613
302471.063313 4123730.02525
302471.072968 4123730.05833
302471.091233 4123730.0801
302471.127502 4123730.11255
302471.191691 4123730.19986
302471.266057 4123730.34244
302471.367821 4123730.51768
302471.478979 4123730.7149
302471.599008 4123730.91192
302471.738085 4123731.16399
302471.877685 4123731.43826
302472.043376 4123731.68972
302472.201502 4123731.99686
302472.367977 4123732.2816
302472.534714 4123732.57743
302472.70145 4123732.87327
302472.88619 4123733.17978
302473.071453 4123733.50849
302473.247582 4123733.8263
302473.432845 4123734.15501
302473.63585 4123734.4833
302473.839117 4123734.82268
302474.060648 4123735.18384
302474.27383 4123735.5674
302474.601558 4123735.91496
302474.823873 4123736.30941
302475.04671 4123736.72605
302475.278157 4123737.13138
302475.509605 4123737.53672
302475.732442 4123737.95335
302475.96415 4123738.36979
302476.20473 4123738.78601
302476.43696 4123739.22463
302476.66893 4123739.65216
302476.910031 4123740.09057
302477.151133 4123740.52898
302477.392757 4123740.98959
302477.642992 4123741.43889
302477.884355 4123741.8884
302478.14346 4123742.33749
302478.385084 4123742.7981
302478.626186 4123743.23651
302478.867549 4123743.68602
302479.099779 4123744.12465
302479.332009 4123744.56327
302479.581983 4123745.00147
302479.832217 4123745.45077
302480.073318 4123745.88919
302480.332685 4123746.34938
302480.592052 4123746.80957
302480.860029 4123747.25845
302481.119134 4123747.70754
302481.378501 4123748.16773
302481.628474 4123748.60594
302481.878185 4123749.03305
302482.119287 4123749.47146
302482.360127 4123749.89878
302482.600967 4123750.32609
302482.841808 4123750.75341
302483.091519 4123751.18052
302483.332359 4123751.60784
302483.582071 4123752.03495
302483.822911 4123752.46227
302484.054619 4123752.8787
302484.295198 4123753.29492
302484.545431 4123753.74422
302484.795143 4123754.17133
302485.045377 4123754.62063
302485.29561 4123755.06993
302485.545844 4123755.51923
302485.777812 4123755.94676
302486.00952 4123756.36319
302486.250099 4123756.77941
302486.482328 4123757.21804
302486.72369 4123757.66755
302486.983056 4123758.12774
302487.243205 4123758.62121
302487.512226 4123759.11448
302487.79064 4123759.62973
302488.069054 4123760.14498
302488.347469 4123760.66024
302488.626405 4123761.19768
302488.913951 4123761.72382
302489.192888 4123762.26126
302489.471824 4123762.7987
302489.768242 4123763.32463
302490.047178 4123763.86208
302490.326375 4123764.41062
302490.623054 4123764.94764
302490.90199 4123765.48509
302491.198408 4123766.01102
302491.486476 4123766.55935
302491.774806 4123767.11878
302492.052958 4123767.62293
302492.35042 4123768.19325
302492.656754 4123768.76335
302492.973003 4123769.37763
302493.233673 4123769.8933
302493.530874 4123770.45252
302493.819203 4123771.01195
302494.116404 4123771.57116
302494.395862 4123772.1308
302494.683669 4123772.66804
302494.953211 4123773.1835
302495.223275 4123773.72115
302495.492817 4123774.23661
302495.771491 4123774.76296
302496.041555 4123775.30061
302496.320491 4123775.83805
302496.61743 4123776.38617
302496.905498 4123776.93451
302497.193565 4123777.48284
302497.490505 4123778.03096
302497.77805 4123778.5571
302498.065857 4123779.09433
302498.353663 4123779.63157
302498.640948 4123780.14661
302498.919099 4123780.65077
302499.188641 4123781.16623
302499.449311 4123781.6819
302499.692499 4123782.20908
302499.926816 4123782.73647
302500.161655 4123783.28605
302500.36988 4123783.83626
302500.552012 4123784.40929
302500.734145 4123784.98232
302500.881053 4123785.56728
302501.01074 4123786.17485
302501.131556 4123786.78262
302501.2435 4123787.39061
302501.347095 4123788.021
302501.424076 4123788.65201
302501.483576 4123789.29454
302501.525593 4123789.94858
302501.522992 4123790.59256
302501.485167 4123791.24848
302501.411595 4123791.89414
302501.293667 4123792.54084
302501.13112 4123793.17749
302500.888469 4123793.80492
302500.609811 4123794.411
302500.277402 4123794.99613
302499.908725 4123795.54881
302499.467771 4123796.04768
302498.990287 4123796.503
302498.494538 4123796.93655
302497.953127 4123797.31566
302497.40154 4123797.6395
302496.850474 4123797.98553
302496.307758 4123798.30916
302495.782784 4123798.63238
302495.257289 4123798.9334
302494.749536 4123799.234
302494.250655 4123799.5344
302493.751251 4123799.8126
302493.260719 4123800.09059
302492.770448 4123800.37968
302492.279916 4123800.65768
302491.780513 4123800.93588
302491.289981 4123801.21388
302490.790839 4123801.50318
302490.300307 4123801.78117
302489.809775 4123802.05916
302489.319243 4123802.33716
302488.828712 4123802.61515
302488.33818 4123802.89315
302487.830167 4123803.18266
302487.322153 4123803.47216
302486.796397 4123803.76209
302486.262031 4123804.06332
302485.719054 4123804.37586
302485.184427 4123804.66599
302484.64145 4123804.97853
302484.098213 4123805.27996
302483.554975 4123805.5814
302483.020609 4123805.88263
302482.486243 4123806.18387
302481.942745 4123806.47421
302481.399246 4123806.76455
302480.865141 4123807.07688
302480.330514 4123807.36701
302479.795887 4123807.65715
302479.26126 4123807.94728
302478.726633 4123808.23742
302478.218621 4123808.52693
302477.701736 4123808.81665
302477.202334 4123809.09485
302476.703193 4123809.38415
302476.212923 4123809.67324
302475.714304 4123809.98473
302475.215946 4123810.30732
302474.717327 4123810.61881
302474.23619 4123810.91879
302473.772796 4123811.21835
302473.318012 4123811.50661
302472.871838 4123811.78356
302472.425925 4123812.07161
302471.962531 4123812.37117
302471.490787 4123812.69313
302471.001562 4123813.02661
302470.512337 4123813.36008
302470.023374 4123813.70466
302469.543281 4123814.04902
302469.099197 4123814.41474
302468.673116 4123814.79114
302468.274172 4123815.1891
302467.894798 4123815.66432
302467.551432 4123816.1609
302467.20885 4123816.69076
302466.911669 4123817.26397
302466.650234 4123817.84743
302466.451944 4123818.47382
302466.298272 4123819.11026
302466.180346 4123819.75697
302466.134175 4123820.43528
302466.069739 4123821.09183
302466.041049 4123821.75864
302466.056716 4123822.4244
302466.097692 4123823.03405
302466.140235 4123823.71029
302466.191388 4123824.37521
302466.251412 4123825.03993
302466.33805 4123825.70402
302466.451041 4123826.35639
302466.599779 4123827.01902
302466.756866 4123827.65925
302466.931695 4123828.29907
302467.132617 4123828.91606
302467.341626 4123829.49956
302467.550374 4123830.07196
302467.776082 4123830.61065
302468.010139 4123831.12695
302468.252805 4123831.63194
302468.49495 4123832.11474
302468.745444 4123832.57513
302468.995676 4123833.02443
302469.245126 4123833.44045
302469.494836 4123833.86756
302469.72602 4123834.26179
302469.966076 4123834.65582
302470.19726 4123835.05006
302470.428444 4123835.4443
302470.659889 4123835.84963
302470.900206 4123836.25476
302471.140522 4123836.65989
302471.3811 4123837.07611
302471.621416 4123837.48123
302471.870865 4123837.89725
302472.111443 4123838.31347
302472.351498 4123838.7075
302472.583204 4123839.12393
302472.823521 4123839.52905
302473.055227 4123839.94548
302473.295804 4123840.3617
302473.536121 4123840.76683
302473.749562 4123841.16149
302473.971613 4123841.54484
302474.184793 4123841.9284
302474.407106 4123842.32284
302474.638812 4123842.73927
302474.898176 4123843.19946
302475.185199 4123843.70341
302475.490748 4123844.24023
302475.805168 4123844.77683
302476.119849 4123845.32454
302476.434792 4123845.88334
302476.749995 4123846.45323
302477.073809 4123847.01183
302477.38849 4123847.55953
302477.701866 4123848.05175
302477.979756 4123848.54481
302478.247991 4123849.00479
302478.497962 4123849.443
302478.720274 4123849.83744
302478.960851 4123850.25367
302479.220215 4123850.71385
302479.506715 4123851.19561
302479.821135 4123851.73222
302480.153297 4123852.26841
302480.529816 4123852.80355
302480.915206 4123853.33849
302481.335821 4123853.8615
302481.799748 4123854.33908
302482.306464 4123854.74904
302482.839273 4123855.13618
302483.422698 4123855.41111
302483.996208 4123855.64186
302484.5765 4123855.78364
302485.164097 4123855.85863
302485.731862 4123855.84527
302486.280841 4123855.78794
302486.8019 4123855.67576
302487.313304 4123855.5305
302487.806966 4123855.38566
302488.308976 4123855.21841
302488.810465 4123855.02898
302489.303604 4123854.86195
302489.814225 4123854.6834
302490.315714 4123854.49396
302490.799721 4123854.31604
302491.292077 4123854.11572
302491.758081 4123853.92712
302492.232433 4123853.71612
302492.697915 4123853.50533
302493.20723 4123853.2713
302493.742377 4123853.00336
302494.285612 4123852.70192
302494.846589 4123852.40006
302495.38904 4123852.06533
302495.89679 4123851.76473
302496.387058 4123851.47564
302496.859844 4123851.19806
302497.332369 4123850.90939
302497.787935 4123850.65442
302498.251589 4123850.36596
302498.689412 4123850.11141
302499.144717 4123849.84535
302499.600283 4123849.59038
302500.073069 4123849.3128
302500.529158 4123849.08003
302501.010554 4123848.79115
302501.510477 4123848.53514
302502.018488 4123848.24563
302502.508756 4123847.95654
302503.008418 4123847.68943
302503.507558 4123847.40013
302503.989216 4123847.12235
302504.470874 4123846.84456
302504.943922 4123846.57808
302505.399227 4123846.31202
302505.828179 4123846.05768
302506.274613 4123845.79183
302506.721308 4123845.53707
302507.159393 4123845.29362
302507.614698 4123845.02755
302508.060871 4123844.7506
302508.507567 4123844.49584
302508.954001 4123844.22999
302509.374865 4123844.00915
302509.821821 4123843.76549
302510.242164 4123843.52245
302510.688598 4123843.2566
302511.126161 4123842.99095
302511.572595 4123842.7251
302512.01929 4123842.47034
302512.465986 4123842.21558
302512.912942 4123841.97192
302513.359637 4123841.71716
302513.797462 4123841.46261
302514.235547 4123841.21916
302514.68172 4123840.94221
302515.163379 4123840.66443
302515.644777 4123840.37555
302516.16166 4123840.08583
302516.678282 4123839.78502
302517.195426 4123839.5064
302517.712049 4123839.20559
302518.255285 4123838.90415
302518.789911 4123838.61402
302519.351673 4123838.34545
302519.930917 4123838.06537
302520.510422 4123837.79639
302521.117325 4123837.56007
302521.7164 4123837.36834
302522.307387 4123837.21011
302522.898896 4123837.07407
302523.447092 4123836.98346
302523.969458 4123836.92676
302524.501217 4123836.89204
302525.042892 4123836.9015
302525.593438 4123836.91076
302526.15416 4123836.97528
302526.724537 4123837.07288
302527.287348 4123837.22618
302527.842593 4123837.43516
302528.398882 4123837.68852
302528.947082 4123837.97538
302529.487194 4123838.29574
302530.018957 4123838.6385
302530.533761 4123839.01497
302531.031343 4123839.41404
302531.512227 4123839.85792
302531.967019 4123840.32461
302532.360234 4123840.81496
302532.745099 4123841.32771
302533.068387 4123841.86411
302533.35619 4123842.40135
302533.652602 4123842.92728
302533.931533 4123843.46472
302534.219075 4123843.99086
302534.506355 4123844.50591
302534.785025 4123845.03226
302535.081176 4123845.54709
302535.359324 4123846.05125
302535.637211 4123846.54431
302535.915359 4123847.04847
302536.192984 4123847.53043
302536.453389 4123848.03501
302536.731276 4123848.52807
302537.000552 4123849.03243
302537.278438 4123849.52549
302537.538582 4123850.01897
302537.816469 4123850.51203
302538.085745 4123851.0164
302538.355282 4123851.53186
302538.633429 4123852.03602
302538.920187 4123852.52887
302539.207467 4123853.04391
302539.485875 4123853.55917
302539.773155 4123854.07421
302540.051302 4123854.57837
302540.329971 4123855.10472
302540.626383 4123855.63065
302540.922795 4123856.15658
302541.228078 4123856.6823
302541.533622 4123857.21912
302541.829773 4123857.73396
302542.117313 4123858.2601
302542.413464 4123858.77493
302542.691872 4123859.29019
302542.988023 4123859.80502
302543.256776 4123860.28719
302543.53414 4123860.75806
302543.785151 4123861.24065
302544.035378 4123861.68996
302544.276735 4123862.13947
302544.517569 4123862.56679
302544.740661 4123862.99453
302544.955142 4123863.43357
302545.16884 4123863.83932
302545.418546 4123864.26643
302545.660163 4123864.72704
302545.911696 4123865.23182
302546.199758 4123865.78016
302546.487558 4123866.31739
302546.794407 4123866.90969
302547.109866 4123867.49069
302547.425586 4123868.08278
302547.759309 4123868.68555
302548.084944 4123869.32181
302548.410057 4123869.93589
302548.79727 4123870.5485
302549.12186 4123871.14038
302549.445929 4123871.71007
302549.77052 4123872.30195
302550.129813 4123872.85971
302550.489889 4123873.45076
302550.841355 4123874.05311
302551.219956 4123874.67703
302551.598819 4123875.31205
302552.004295 4123875.94643
302552.418643 4123876.58061
302552.833774 4123877.24808
302553.23064 4123877.89377
302553.646553 4123878.59453
302554.07186 4123879.31727
302554.506299 4123880.0509
302554.940738 4123880.78452
302555.375699 4123881.54034
302555.810138 4123882.27397
302556.244838 4123883.01869
302556.670405 4123883.75253
302557.095711 4123884.47526
302557.520757 4123885.18691
302557.92832 4123885.91006
302558.335623 4123886.62213
302558.725183 4123887.3346
302559.114481 4123888.03599
302559.50378 4123888.73737
302559.875075 4123889.42807
302560.254197 4123890.07418
302560.625492 4123890.76489
302560.987655 4123891.4447
302561.358428 4123892.11321
302561.729462 4123892.79282
302562.101017 4123893.49462
302562.472051 4123894.17423
302562.843346 4123894.86493
302563.204986 4123895.52255
302563.558016 4123896.19148
302563.919656 4123896.84911
302564.298778 4123897.49522
302564.678421 4123898.16352
302565.075546 4123898.82031
302565.472933 4123899.4882
302565.878929 4123900.14478
302566.276315 4123900.81266
302566.691182 4123901.46904
302567.097439 4123902.13671
302567.468994 4123902.83851
302567.813935 4123903.54094
302568.124435 4123904.28858
302568.461549 4123905.0356
302568.798923 4123905.79372
302569.171261 4123906.5288
302569.54386 4123907.27499
302569.925068 4123908.00987
302570.32402 4123908.74433
302570.71436 4123909.4901
302571.113312 4123910.22456
302571.503391 4123910.95923
302571.875729 4123911.69432
302572.239716 4123912.4518
302572.595094 4123913.2206
302572.949949 4123913.9672
302573.304805 4123914.7138
302573.659399 4123915.44931
302574.005122 4123916.18502
302574.359716 4123916.92053
302574.714572 4123917.66713
302575.07882 4123918.43571
302575.442546 4123919.18211
302575.832625 4123919.91678
302576.240186 4123920.63993
302576.656096 4123921.34069
302577.063134 4123922.04166
302577.478522 4123922.72022
302577.893648 4123923.38769
302578.299643 4123924.04427
302578.678762 4123924.69038
302579.057882 4123925.33649
302579.418736 4123925.96083
302579.761849 4123926.58558
302580.095829 4123927.19945
302580.412066 4123927.81374
302580.736914 4123928.41671
302581.052891 4123929.0199
302581.387131 4123929.64486
302581.721894 4123930.29202
302582.065528 4123930.93897
302582.36585 4123931.63134
302582.648951 4123932.34632
302582.958405 4123933.04958
302583.276729 4123933.75264
302583.603926 4123934.45548
302583.922511 4123935.16963
302584.26745 4123935.87205
302584.62987 4123936.56297
302585.001161 4123937.25367
302585.36332 4123937.93349
302585.716347 4123938.60242
302586.077983 4123939.26004
302586.439359 4123939.90657
302586.791603 4123940.54221
302587.152196 4123941.15545
302587.512788 4123941.7687
302587.881991 4123942.37063
302588.250933 4123942.96147
302588.629007 4123943.5632
302589.015692 4123944.15362
302589.393505 4123944.74425
302589.788799 4123945.32337
302590.192965 4123945.90228
302590.615134 4123946.49187
302591.037564 4123947.09255
302591.425031 4123947.71627
302591.82163 4123948.35086
302592.183266 4123949.00849
302592.491935 4123949.67846
302592.783384 4123950.37105
302593.092576 4123951.06321
302593.34854 4123951.75663
302593.551537 4123952.46239
302593.719572 4123953.19118
302593.808287 4123953.94405
302593.835687 4123954.73166
302593.809598 4123955.50942
302593.77516 4123956.30959
302593.71463 4123957.13257
302593.662972 4123957.95535
302593.612096 4123958.81141
302593.570353 4123959.67836
302593.555485 4123960.55578
302593.566708 4123961.41039
302593.613937 4123962.28635
302593.731615 4123963.13845
302593.875906 4123963.98992
302594.037679 4123964.82988
302594.225544 4123965.64703
302594.413147 4123966.45307
302594.591618 4123967.24823
302594.777917 4123967.9988
302594.955344 4123968.74957
302595.124161 4123969.51165
302595.2935 4123970.29592
302595.462578 4123971.0691
302595.614175 4123971.85379
302595.747246 4123972.60561
302595.871968 4123973.37983
302595.978947 4123974.15446
302596.031917 4123974.89706
302596.093496 4123975.62836
302596.164469 4123976.38164
302596.227875 4123977.1906
302596.300675 4123978.02156
302596.364342 4123978.84162
302596.41966 4123979.68408
302596.456974 4123980.51587
302596.503421 4123981.35854
302596.540475 4123982.17923
302596.595271 4123982.9995
302596.641196 4123983.81998
302596.678249 4123984.64067
302596.724435 4123985.47225
302596.770621 4123986.30383
302596.816546 4123987.12431
302596.862731 4123987.95589
302596.899263 4123988.75438
302596.900049 4123989.54262
302596.901618 4123990.36414
302596.920146 4123991.15196
302596.946763 4123991.90628
302596.964769 4123992.67191
302597.000257 4123993.42602
302597.036528 4123994.21342
302597.08167 4123995.00062
302597.118985 4123995.8324
302597.17352 4123996.64158
302597.228577 4123997.47295
302597.283894 4123998.31541
302597.312599 4123999.1585
302597.359046 4124000.00118
302597.406014 4124000.86604
302597.435502 4124001.74242
302597.47386 4124002.61859
302597.512479 4124003.50585
302597.542489 4124004.40442
302597.58163 4124005.31388
302597.620249 4124006.20115
302597.65052 4124007.11081
302597.690183 4124008.04246
302597.730368 4124008.99631
302597.743418 4124009.92858
302597.755946 4124010.83867
302597.821961 4124011.75859
302597.888499 4124012.70071
302597.990521 4124013.642
302598.11994 4124014.61595
302598.240227 4124015.57901
302598.369906 4124016.56405
302598.508196 4124017.53779
302598.620134 4124018.52325
302598.739898 4124019.46412
302598.878971 4124020.47115
302598.990908 4124021.45661
302599.130242 4124022.47473
302599.251311 4124023.47108
302599.390123 4124024.46701
302599.511714 4124025.48555
302599.633566 4124026.51519
302599.737154 4124027.52305
302599.832132 4124028.54222
302599.91876 4124029.58378
302600.013999 4124030.61404
302600.108716 4124031.62212
302600.202649 4124032.5969
302600.296322 4124033.56058
302600.371731 4124034.5025
302600.465404 4124035.46618
302600.549944 4124036.41898
302600.625614 4124037.37199
302600.727636 4124038.31327
302600.785563 4124039.2667
302600.860972 4124040.20861
302600.917594 4124041.10655
302600.984132 4124042.04867
302601.014402 4124042.95834
302600.999272 4124043.82467
302601.010495 4124044.67927
302601.012325 4124045.51189
302601.041029 4124046.35498
302601.061123 4124047.20937
302601.081218 4124048.06377
302601.102095 4124048.95145
302601.132626 4124049.87222
302601.110452 4124050.81642
302601.07158 4124051.80543
302601.0421 4124052.81642
302601.022536 4124053.87159
302600.977142 4124054.96067
302600.941923 4124056.10502
302600.90827 4124057.31595
302600.875922 4124058.58236
302600.844357 4124059.88206
302600.750433 4124061.17212
302600.584758 4124062.43056
302600.382554 4124063.64545
302600.152693 4124064.81659
302599.930921 4124065.95422
302599.672881 4124067.05941
302599.316476 4124068.1336
302599.049043 4124069.2168
302598.763608 4124070.28932
302598.478694 4124071.38404
302598.194041 4124072.48985
302597.98975 4124073.61597
302597.883825 4124074.77309
302597.839997 4124075.92875
302597.80504 4124077.0842
302597.778954 4124078.23943
302597.805573 4124079.37123
302597.867154 4124080.48
302597.91021 4124081.5559
302597.961355 4124082.5983
302598.02137 4124083.64049
302598.063122 4124084.66091
302598.113222 4124085.65893
302598.164106 4124086.69024
302598.206379 4124087.73285
302598.285441 4124088.8301
302598.311799 4124089.9508
302598.320415 4124091.07192
302598.311289 4124092.19345
302598.285203 4124093.34869
302598.259118 4124094.50393
302598.234337 4124095.71465
302598.182682 4124096.9149
302598.149291 4124098.13693
302598.12425 4124099.33655
302598.11695 4124100.53576
302598.110173 4124101.75716
302598.09348 4124102.93438
302598.049914 4124104.10113
302598.005042 4124105.21241
302597.960171 4124106.32368
302597.915038 4124107.42386
302597.833117 4124108.46939
302597.751457 4124109.52602
302597.668752 4124110.53826
302597.595441 4124111.57249
302597.512737 4124112.58473
302597.421162 4124113.59718
302597.338458 4124114.60942
302597.255753 4124115.62167
302597.155307 4124116.63433
302597.046251 4124117.65829
302596.892057 4124118.65001
302596.738123 4124119.65283
302596.520788 4124120.60163
302596.276839 4124121.55105
302596.014887 4124122.48979
302595.708581 4124123.42958
302595.339916 4124124.35973
302594.917503 4124125.26894
302594.422816 4124126.12434
302593.883253 4124126.9586
302593.271677 4124127.75013
302592.578697 4124128.47697
302591.80405 4124129.12802
302590.939127 4124129.71457
302590.017063 4124130.13594
302589.060298 4124130.59142
302588.084747 4124131.00295
302587.089367 4124131.32612
302586.082505 4124131.53854
302585.124694 4124131.57217
302584.113917 4124131.61815
302583.106534 4124131.80837
302582.070971 4124131.93265
302581.068805 4124131.96733
302580.108906 4124131.91219
302579.165705 4124131.81225
302578.257988 4124131.71148
302577.358881 4124131.5994
302576.485343 4124131.44231
302575.655377 4124131.25089
302574.858808 4124130.96987
302574.130074 4124130.55403
302573.336114 4124130.38397
302572.58129 4124129.99094
302571.852556 4124129.5751
302571.098514 4124129.21536
302570.310032 4124128.90084
302569.479283 4124128.67614
302568.640707 4124128.49602
302567.786216 4124128.394
302566.933813 4124128.38074
302566.074105 4124128.43427
302565.223267 4124128.4876
302564.406871 4124128.4957
302563.607694 4124128.48119
302562.83513 4124128.46606
302562.089179 4124128.4503
302561.388106 4124128.45569
302560.731387 4124128.46003
302560.136506 4124128.45182
302559.577369 4124128.45388
302559.063109 4124128.47708
302558.602076 4124128.49902
302558.168439 4124128.55363
302557.769764 4124128.58522
302557.353608 4124128.62831
302556.875355 4124128.67287
302556.334743 4124128.70779
302555.758909 4124128.75464
302555.130109 4124128.81384
302554.438951 4124128.86341
302553.703437 4124128.91402
302552.932439 4124128.96546
302552.125436 4124128.99555
302551.29208 4124129.03736
302550.431849 4124129.0687
302549.553616 4124129.08936
302548.64016 4124129.12195
302547.717832 4124129.15475
302546.821596 4124129.16473
302545.92536 4124129.17472
302545.046865 4124129.18428
302544.132104 4124129.16139
302543.217603 4124129.1496
302542.275184 4124129.08295
302541.341114 4124128.99391
302540.398173 4124128.90507
302539.487845 4124128.69334
302538.559252 4124128.45984
302537.656489 4124128.19242
302536.727635 4124127.94782
302535.814957 4124127.63623
302534.918976 4124127.27983
302534.03004 4124126.84556
302533.193024 4124126.35455
302532.433759 4124125.7729
302531.794772 4124125.02188
302531.235103 4124124.24679
302530.832502 4124123.35699
302530.580186 4124122.44144
302530.451543 4124121.50078
302530.500583 4124120.56705
302530.549883 4124119.6444
302530.590051 4124118.71088
302530.630219 4124117.77735
302530.678998 4124116.83251
302530.727776 4124115.88768
302530.784642 4124114.90935
302530.841508 4124113.93102
302530.897852 4124112.9305
302530.953152 4124111.88559
302531.008452 4124110.84069
302531.06323 4124109.77359
302531.118007 4124108.70649
302531.164175 4124107.6507
302531.201994 4124106.6173
302531.222854 4124105.61762
302531.225189 4124104.58506
302531.227001 4124103.53031
302531.228814 4124102.47556
302531.229321 4124101.36533
302531.220958 4124100.25531
302531.230336 4124099.14487
302531.222494 4124098.05704
302531.215175 4124096.9914
302531.21751 4124095.95884
302531.219844 4124094.92628
302531.213308 4124093.89394
302531.215382 4124092.85028
302531.208584 4124091.80684
302531.210136 4124090.74099
302531.211688 4124089.67514
302531.212978 4124088.5982
302531.22314 4124087.52105
302531.215821 4124086.45541
302531.217894 4124085.41176
302531.184484 4124084.36894
302531.159944 4124083.32591
302531.144276 4124082.28268
302531.111127 4124081.25095
302531.09598 4124080.22991
302531.072224 4124079.22017
302531.066993 4124078.2433
302531.072983 4124077.36609
302531.075318 4124076.33353
302531.07087 4124075.38995
302531.075816 4124074.46835
302531.073718 4124073.62463
302531.076053 4124072.59208
302531.073694 4124071.73726
302531.066635 4124070.68272
302531.072625 4124069.80551
302531.065306 4124068.73987
302531.071296 4124067.86266
302531.072587 4124066.78572
302531.069706 4124065.90871
302531.073085 4124064.92054
302531.067593 4124063.93257
302531.070972 4124062.9444
302531.082962 4124061.94492
302531.094951 4124060.94544
302531.106941 4124059.94596
302531.12754 4124058.93518
302531.148401 4124057.93549
302531.169261 4124056.93581
302531.190383 4124055.94722
302531.211766 4124054.96972
302531.224277 4124053.99243
302531.24566 4124053.01494
302531.275914 4124052.03724
302531.297819 4124051.08193
302531.320246 4124050.14882
302531.342412 4124049.20462
302531.355446 4124048.24952
302531.35987 4124047.30573
302531.364032 4124046.35085
302531.34132 4124045.38549
302531.32748 4124044.41993
302531.305029 4124043.46567
302531.29145 4124042.5112
302531.27787 4124041.55673
302531.291948 4124040.64602
302531.297155 4124039.73552
302531.311494 4124038.8359
302531.325573 4124037.92519
302531.348783 4124037.02537
302531.3626 4124036.10357
302531.376678 4124035.19286
302531.390495 4124034.27105
302531.412662 4124033.32684
302531.434045 4124032.34935
302531.446557 4124031.37206
302531.476289 4124030.37217
302531.496889 4124029.36138
302531.516967 4124028.32841
302531.536783 4124027.28434
302531.564688 4124026.20677
302531.619206 4124025.12857
302531.681813 4124024.01688
302531.752507 4124022.87169
302531.831812 4124021.7152
302531.902245 4124020.55892
302531.973984 4124019.45811
302532.064509 4124018.40128
302532.191563 4124017.38799
302532.400024 4124016.4394
302532.672671 4124015.57812
302532.97376 4124014.79388
302533.266499 4124014.03205
302533.542019 4124013.29282
302533.827453 4124012.59777
302534.166637 4124011.92366
302534.55957 4124011.27049
302535.050869 4124010.64831
302535.568521 4124010.01441
302536.121396 4124009.36858
302536.736108 4124008.71019
302537.423357 4124008.11671
302538.181835 4124007.53265
302539.02146 4124007.0022
302539.932576 4124006.49227
302540.872916 4124006.09267
302541.876921 4124005.75819
302542.898929 4124005.43439
302543.93007 4124005.12148
302544.981041 4124004.89691
302546.033056 4124004.71674
302547.102814 4124004.53614
302548.173877 4124004.41102
302549.254855 4124004.33008
302550.318613 4124004.27175
302551.3735 4124004.21363
302552.410383 4124004.14483
302553.412043 4124004.08796
302554.386828 4124004.02062
302555.352742 4124003.95349
302556.309785 4124003.88657
302557.259 4124003.86424
302558.200389 4124003.8865
302559.159259 4124003.89726
302560.109258 4124003.90822
302561.068128 4124003.91897
302562.04474 4124003.9293
302563.030484 4124003.95052
302564.016229 4124003.97174
302565.010844 4124003.99276
302566.00546 4124004.01377
302567.008163 4124004.00128
302568.001996 4124003.98901
302568.986696 4124003.96585
302569.980529 4124003.95357
302570.9741 4124003.9302
302571.967672 4124003.90683
302572.970115 4124003.88325
302573.980385 4124003.81508
302574.982827 4124003.7915
302576.003012 4124003.76751
302577.074075 4124003.64239
302578.109915 4124003.52921
302579.144449 4124003.36055
302580.160198 4124003.14792
302581.156638 4124002.86914
302582.124899 4124002.5244
302583.046455 4124002.08084
302583.887648 4124001.61697
302584.656568 4124001.09929
302585.404613 4124000.44887
302586.089777 4123999.76662
302586.666661 4123999.00921
302587.180402 4123998.20887
302587.586124 4123997.34446
302587.894784 4123996.50454
302588.123604 4123995.66649
302588.308329 4123994.84059
302588.485749 4123994.08147
302588.62664 4123993.2788
302588.737786 4123992.3436
302588.795183 4123991.38746
302588.783698 4123990.52176
302588.805872 4123989.57756
302588.756031 4123988.59063
302588.696537 4123987.57063
302588.628432 4123986.56194
302588.567633 4123985.48646
302588.525098 4123984.43275
302588.491696 4123983.38993
302588.441594 4123982.39191
302588.409236 4123981.39348
302588.377921 4123980.43943
302588.337474 4123979.47449
302588.297288 4123978.52065
302588.257101 4123977.56681
302588.199173 4123976.61338
302588.132373 4123975.66017
302588.057224 4123974.72935
302587.946851 4123973.81047
302587.827607 4123972.89179
302587.68175 4123971.97374
302587.509017 4123971.04522
302587.318543 4123970.11712
302587.118936 4123969.17813
302586.883844 4123968.23997
302586.62266 4123967.32463
302586.334863 4123966.40992
302586.047326 4123965.50631
302585.760051 4123964.61379
302585.481908 4123963.73215
302585.204025 4123962.86162
302584.926143 4123961.99108
302584.648782 4123961.14274
302584.380815 4123960.31638
302584.12198 4123959.5009
302583.854273 4123958.68564
302583.586567 4123957.87037
302583.328253 4123957.07709
302583.052197 4123956.28423
302582.776402 4123955.50246
302582.501129 4123954.74289
302582.225595 4123953.97221
302581.941451 4123953.21285
302581.665917 4123952.44218
302581.372379 4123951.66083
302581.060577 4123950.8577
302580.739642 4123950.04369
302580.401487 4123949.25228
302580.063071 4123948.44979
302579.715784 4123947.64749
302579.385717 4123946.8226
302579.055911 4123946.00879
302578.725583 4123945.1728
302578.394994 4123944.3257
302578.054751 4123943.44553
302577.705376 4123942.55447
302577.355478 4123941.64122
302576.978967 4123940.7286
302576.602455 4123939.81597
302576.181848 4123938.91549
302575.770113 4123938.01479
302575.340896 4123937.12561
302574.92055 4123936.23622
302574.474373 4123935.38075
302574.055593 4123934.55793
302573.65586 4123933.79018
302573.284046 4123933.07729
302572.940411 4123932.43034
302572.633305 4123931.82695
302572.345769 4123931.3008
302572.187389 4123930.98257
302572.178257 4123930.97168
