935582.279027336 1916221.13654937
935582.280717461 1916220.77768517
935582.292160514 1916220.2450284
935582.3118132 1916219.3206208
935582.340576037 1916217.82153221
935582.348151923 1916217.46975918
935582.379501147 1916215.9967037
935582.408263965 1916214.4976151
935582.440248216 1916213.0475627
935582.468011575 1916211.54845826
935582.48354358 1916210.82092553
935582.499346219 1916210.13938311
935582.521392568 1916209.12704018
935582.554153135 1916207.62801496
935582.567593762 1916207.03240899
935582.584155598 1916206.23991231
935582.617915595 1916204.74090294
935582.622955183 1916204.48606025
935582.647490264 1916203.37978531
935582.680250802 1916201.88076009
935582.703596306 1916200.78646265
935582.711267233 1916200.42869296
935582.729604836 1916199.58723931
935582.761365911 1916198.08819824
935582.773553576 1916197.50856755
935582.782888085 1916197.04585611
935582.800384672 1916196.19439217
935582.832145727 1916194.6953511
935582.844095731 1916194.13071209
935582.855030446 1916193.56705668
935582.887790936 1916192.06803146
935582.906760966 1916191.12361911
935582.918330715 1916190.58296678
935582.928790113 1916190.04929473
935582.947839357 1916189.09988515
935582.979600378 1916187.60084409
935582.99671669 1916186.77336683
935583.002738568 1916186.45655854
935583.03350013 1916184.95750163
935583.035355132 1916184.90354744
935583.051994832 1916184.04307264
935583.082756385 1916182.54401573
935583.10495978 1916181.45869745
935583.113611693 1916180.97598126
935583.132027164 1916180.06654949
935583.151708822 1916179.01418122
935583.180471457 1916177.51509262
935583.190978364 1916176.97842223
935583.219740992 1916175.47933363
935583.241499444 1916174.35901893
935583.252006343 1916173.82234854
935583.256507223 1916173.60148699
935583.281006609 1916172.30826826
935583.285269832 1916172.10239839
935583.298443649 1916171.64974478
935583.30372216 1916171.4428913
935583.324124549 1916170.72343334
935583.330402507 1916170.51659572
935583.325633028 1916168.48413739
935583.323188161 1916167.62935824
935583.323313608 1916167.55838179
935583.337683729 1916166.65188498
935583.356870287 1916165.44155683
935583.379967366 1916164.61517408
935583.398467211 1916163.95266865
935583.412449035 1916163.44904333
935583.419550853 1916163.19023455
935583.428697791 1916162.86547823
935583.472968128 1916161.77551128
935583.490711379 1916161.3499219
935583.508723971 1916160.90734195
935583.528068719 1916160.4437895
935583.554676322 1916159.83739559
935583.580982895 1916159.24999115
935583.595269645 1916158.91631904
935583.623557963 1916158.26696484
935583.640365137 1916157.83736183
935583.655396533 1916157.4567158
935583.675454237 1916156.94818831
935583.680307567 1916156.89428165
935583.783924095 1916155.71828189
935583.803178987 1916155.51264967
935583.839040294 1916155.1423308
935583.867780038 1916154.84287748
935583.907257576 1916154.43362778
935583.970764119 1916153.76983642
935583.999456333 1916153.47338144
935584.00189884 1916153.44542866
935584.054650441 1916152.82945224
935584.106133254 1916152.23045054
