935650.60435563 1916124.26740828
935650.852001126 1916126.80756424
935651.018130599 1916128.30974264
935651.184260066 1916129.81192104
935651.306152581 1916130.95150803
935651.615931227 1916133.92351819
935651.829268173 1916135.97927715
935652.147216612 1916138.94042017
935652.464118044 1916141.90454568
935652.510355172 1916142.3301497
935652.819324384 1916145.29015069
935653.132180443 1916148.25721119
935653.22690837 1916149.15544069
935653.340329749 1916151.08165462
935653.346675886 1916152.63628343
935653.353006174 1916154.19191168
935653.351602614 1916154.59576686
935653.323999275 1916156.14785809
935653.297395374 1916157.69996517
