935634.255770061 1915932.01753053
935634.952934625 1915933.3181902
935635.308354597 1915933.97862538
935635.66379041 1915934.63806112
935636.372615612 1915935.95989926
935637.083471389 1915937.2797702
935637.791297138 1915938.60159251
935638.154506707 1915939.27514725
935638.50792778 1915939.93555076
935638.862332449 1915940.59696956
935639.217768254 1915941.25640532
935639.573188212 1915941.91684053
935639.62368599 1915942.01061277
935639.975124008 1915942.66998516
935640.327482259 1915943.33437063
935640.683917501 1915943.99382223
935641.039337456 1915944.65425744
935641.347052013 1915945.23396073
935641.743133717 1915945.97801531
935642.055861341 1915946.55679836
935642.367573679 1915947.13656502
935642.801730707 1915947.93820587
935643.5055428 1915949.2609643
935643.804262343 1915949.840525
935644.048978801 1915950.35824818
935644.441317545 1915951.14922918
935644.675896963 1915951.67578895
935644.973998629 1915952.29432803
935645.166124706 1915952.78722485
935645.387156831 1915953.34855925
935645.706347285 1915954.21335797
935645.923019926 1915954.92357805
935646.154256494 1915955.6610208
935646.301601667 1915956.33015407
935646.450660562 1915957.01730903
935646.546733005 1915957.70462377
935646.603269886 1915958.30033942
935646.669438179 1915958.98218165
935646.714557432 1915959.79365077
935646.715011779 1915960.26951353
935646.70250502 1915960.74317144
935646.682706503 1915961.48763153
935646.661646991 1915961.87018148
935646.604244403 1915962.33812923
935646.511660636 1915963.07043889
935646.40425543 1915963.60257429
935646.253905758 1915964.13202956
935646.082096469 1915964.8800782
935645.873811989 1915965.46959659
935645.640129457 1915966.08470448
935645.393183461 1915966.65361609
935645.186291813 1915967.09220238
935644.913453948 1915967.59172449
935644.610743625 1915968.0837752
935644.332843822 1915968.52423497
935644.085909641 1915968.90320442
935643.767111791 1915969.3380174
935643.427278057 1915969.77549603
935643.071071626 1915970.17372694
935642.72029152 1915970.60803295
935642.345190683 1915970.99996618
935641.955685693 1915971.41766319
935641.580266658 1915971.76660442
935641.234053338 1915972.10201287
935640.850908068 1915972.43383678
935640.487306763 1915972.73098112
935640.101701816 1915973.02877637
935639.723599963 1915973.29470025
935639.331410817 1915973.56639901
935638.999711208 1915973.80606665
935638.433874732 1915974.18497942
935638.050140595 1915974.427821
935637.618163747 1915974.6868927
935637.007684932 1915975.04410417
935636.165590956 1915975.50761076
935635.436322068 1915975.91692282
935635.403055199 1915975.93439002
935634.078329529 1915976.6361714
935632.758442657 1915977.34802644
935632.632418822 1915977.4150078
935631.312531957 1915978.12686283
935629.985870781 1915978.82461472
935629.947559154 1915978.84500104
935628.628671742 1915979.5568719
935627.307817128 1915980.26671219
935626.873253873 1915980.49975075
935625.554366471 1915981.2116216
935624.891995727 1915981.56301199
935624.229624987 1915981.91440238
935622.909738146 1915982.62625737
935622.247383249 1915982.97664831
935622.146567354 1915983.03003351
935621.585012512 1915983.32803869
935621.377352363 1915983.43671291
