935648.864321348 1916205.65411486
935648.84986701 1916208.64697731
935648.836412085 1916211.6398556
935648.821957687 1916214.63271805
935648.808502705 1916217.62559634
935648.79586641 1916220.31457985
935648.634461761 1916223.30711215
935648.553474237 1916224.82136833
935648.345380799 1916227.79516596
935648.320750953 1916228.1506675
935647.510196571 1916231.03893763
935647.279230508 1916231.8610256
935646.04524138 1916234.59562778
935645.656728626 1916235.45520609
935643.777791006 1916237.94665484
935641.342766057 1916239.69751023
935640.666262708 1916240.18363509
935637.819693643 1916241.40912389
935634.833008689 1916241.69867489
935631.847323208 1916241.98824173
935629.423324765 1916242.22373188
