935597.732285302 1915935.45935406
935599.184065659 1915934.68860818
935600.513677408 1915933.99390203
935601.634883079 1915933.39186317
935601.690327851 1915933.36275116
935602.718649837 1915932.81822203
935603.016052725 1915932.66098552
935604.042407509 1915932.11442581
935604.338826796 1915931.95617401
935605.399400364 1915931.39516127
935605.664535834 1915931.2554078
935606.723158042 1915930.69136503
935606.987325755 1915930.54959683
935607.084096328 1915930.49914658
935608.406886253 1915929.79333561
935609.728692579 1915929.08650934
935610.613905142 1915928.61468889
935611.751212863 1915928.00590736
935612.504278203 1915927.60896879
