935494.678429921 1915766.51365723
935495.232134315 1915769.23360966
935495.908180835 1915772.56031745
935496.829854513 1915775.96889501
935498.101234691 1915779.20007144
935499.164657265 1915781.99108437
935500.409041345 1915784.71798614
935501.648570762 1915787.4358137
935501.905804887 1915787.98372581
935503.168606675 1915790.68392777
935504.431424291 1915793.38313031
935504.649550561 1915793.81245838
935506.005045838 1915796.46714397
935507.361556385 1915799.12084599
935508.327489225 1915800.99859093
935509.69396251 1915803.6544503
935509.802716026 1915803.85711309
935511.207564262 1915806.48858837
935512.61242832 1915809.11906423
935513.006604969 1915809.79410909
935513.021153056 1915809.82233118
935513.390676269 1915810.47599164
935514.00316928 1915811.56837126
935514.487363461 1915812.42978679
935514.885841635 1915813.21186732
935515.375525526 1915814.10536014
935516.081336774 1915815.42814939
935516.453652364 1915816.09485017
935516.658736927 1915816.46398979
935516.688816704 1915816.52144927
935517.130541698 1915817.35020135
935517.494513191 1915818.03876318
935517.675832869 1915818.39353035
935517.931336013 1915818.86143938
935518.546923765 1915820.01085077
935518.799650367 1915820.46472005
935519.043017585 1915820.94143398
935519.492674763 1915821.77431059
935519.921088742 1915822.55986476
935520.551636474 1915823.71151269
935520.641018938 1915823.87488028
935521.048888158 1915824.6321173
935521.137255333 1915824.7964685
935521.382874918 1915825.257223
935521.810099339 1915826.05475468
935522.010457362 1915826.46980541
935522.119845938 1915826.69547128
935522.380298771 1915827.16645788
935522.760896437 1915827.87827629
935523.018034082 1915828.36920426
935523.468437211 1915829.21808786
935524.170218951 1915830.5428127
935524.470175677 1915831.10739723
935524.679845551 1915831.50260164
935525.120539388 1915832.33333681
935525.475737646 1915833.00776387
935525.744805258 1915833.50287974
935526.009859246 1915833.99893168
935526.274929078 1915834.49398418
935526.451631738 1915834.82468548
935526.554483624 1915835.02125656
935526.729155707 1915835.35392506
935526.837814156 1915835.56258454
935527.182509629 1915836.20585454
935527.368921573 1915836.55470428
935527.713632889 1915837.19697484
935527.890335546 1915837.52767614
935528.192354521 1915838.08829458
935528.527324866 1915838.7144156
935528.919551475 1915839.44941139
935529.1350279 1915839.85670421
935529.66413642 1915840.84879228
935529.839839628 1915841.17947774
935530.02052422 1915841.51124186
935530.199257449 1915841.83997596
935530.495358961 1915842.39550214
935531.201170127 1915843.71829152
935531.489466187 1915844.26169762
935531.853611905 1915844.93926562
935532.559423062 1915846.26205502
935533.138902612 1915847.35591087
935533.843714316 1915848.67868443
935534.328179118 1915849.58609039
935534.636052166 1915850.15579892
935535.341863306 1915851.47858834
935535.915710554 1915852.54936192
935535.924483763 1915852.56349673
935536.46699831 1915853.59278611
935537.17280944 1915854.91557555
935537.455552409 1915855.43090215
935537.698824534 1915855.91361281
935538.404635659 1915857.23640225
935538.690345276 1915857.75377528
935538.995394247 1915858.3124424
935539.701205362 1915859.63523186
935539.944429958 1915860.12094086
935540.451707701 1915861.03970513
935541.157518811 1915862.36249461
935541.59597606 1915863.20818986
935541.842658421 1915863.66496249
935542.548469521 1915864.98775197
935542.772671605 1915865.41217798
935543.226294795 1915866.24711699
935543.932105888 1915867.56990648
935544.379510607 1915868.41874267
935544.676326364 1915868.99227475
935545.38213745 1915870.31506426
935545.830144182 1915871.12592154
935545.992013563 1915871.44639079
935546.149408523 1915871.73379914
935546.854220156 1915873.05657282
935547.134837471 1915873.57986333
935547.537772752 1915874.33302349
935548.243583819 1915875.65581302
935548.408815914 1915875.95334257
935548.806532168 1915876.72041575
935549.487070577 1915877.99781836
935549.748554487 1915878.46682199
935549.928239606 1915878.79857032
935550.173700707 1915879.26931936
935550.749182395 1915880.36311197
935551.031798593 1915880.88643418
935551.143391983 1915881.09913899
935551.406161862 1915881.61314935
935551.935777252 1915882.57325532
935552.210714738 1915883.07646189
935552.426555504 1915883.46076754
935553.01739324 1915884.53181057
935553.325218716 1915885.10451751
935553.526940509 1915885.49659692
935553.959572596 1915886.20524152
935554.275377787 1915886.77907465
935554.58599564 1915887.36482191
935554.812164909 1915887.79127853
935554.884952849 1915887.9293907
935555.011268585 1915888.15932374
