935571.913979526 1915930.48647887
935571.598491251 1915929.89265676
935571.044205351 1915928.84918478
935571.044221193 1915928.84818534
935570.795666758 1915928.38338536
935570.546176246 1915927.91457176
935569.839350061 1915926.59276561
935569.467494082 1915925.89708067
935569.299548859 1915925.58151353
935569.180134203 1915925.35768804
935569.012173135 1915925.04312035
935568.30534694 1915923.72131422
935568.103403387 1915923.34322699
935568.016035696 1915923.17889158
935567.815075745 1915922.80181964
935567.77915774 1915922.73427063
935567.542279783 1915922.28964968
935566.834454134 1915920.96782771
935566.816986934 1915920.93456085
935566.54515873 1915920.42440563
935566.445162634 1915920.23687703
935566.252928358 1915919.87693824
935566.152916419 1915919.69040909
935565.446090206 1915918.36860297
935565.07521782 1915917.67393334
935564.78108361 1915917.1204376
935564.073257947 1915915.79861566
935563.811123177 1915915.30760833
935563.549987852 1915914.81661685
935563.515021761 1915914.75208202
935563.254854194 1915914.26310527
935562.54702852 1915912.94128334
935562.134415717 1915912.16797576
935562.113061633 1915912.12764942
935562.112093875 1915912.12563468
935561.742713399 1915911.46297899
