935550.693309482 1915890.69908526
935550.577797531 1915890.48131984
935550.340015153 1915890.03068644
935550.103153008 1915889.58506609
935550.021576019 1915889.43381855
935549.318303901 1915888.14006041
935549.098750532 1915887.73770138
935549.087105729 1915887.71552347
935548.781120725 1915887.15284268
935548.576147122 1915886.77670686
935548.213826097 1915886.11016435
935547.866068992 1915885.47084449
935547.595065923 1915884.97169908
935547.312386367 1915884.45237465
935547.200745452 1915884.24266816
935546.492919689 1915882.92084638
935546.326925799 1915882.60830931
935546.215269041 1915882.39960227
935546.030840184 1915882.05178362
935545.9628752 1915881.92474456
935545.789075859 1915881.60008741
935545.081250089 1915880.27826563
935544.824921838 1915879.79934676
935544.685104987 1915879.53820915
935544.41421281 1915879.03206763
935543.706387033 1915877.71024586
935543.546183854 1915877.41079665
935543.274323915 1915876.9026404
935543.148087385 1915876.66771015
935542.864566798 1915876.13837545
935542.156741012 1915874.8165537
935542.000424715 1915874.52416397
935541.834399131 1915874.2136258
935541.52463813 1915873.63688943
935540.816812334 1915872.31506769
935540.690607489 1915872.07813856
935540.387668329 1915871.51250699
935540.368249761 1915871.47621011
935539.66042396 1915870.15438838
935539.223506188 1915869.33770872
935539.202136258 1915869.29838182
935538.800152893 1915868.54823587
935538.777831045 1915868.50589479
935538.070005236 1915867.18407308
935537.844740341 1915866.76362901
935537.824369858 1915866.72431796
935537.596169999 1915866.29982858
935537.57771919 1915866.26554644
935537.17681448 1915865.51041911
935536.746671016 1915864.70784259
935536.741816374 1915864.69876837
935536.038020019 1915863.37501115
935535.543798445 1915862.45245507
935535.421464634 1915862.22358488
935535.286486571 1915861.97252094
935535.24181119 1915861.88983769
935534.538014826 1915860.56608049
935534.281718239 1915860.08516276
935534.068113985 1915859.68589716
935534.006955001 1915859.57096235
935533.749658966 1915859.09002878
935533.045862594 1915857.76627159
935532.781792239 1915857.27123491
935532.772098797 1915857.25208702
935532.298311068 1915856.36484423
935531.594514686 1915855.04108705
935531.518760087 1915854.90092847
935531.107114944 1915854.12963578
935531.05760076 1915854.03687887
935530.899364771 1915853.73946025
935530.191538918 1915852.4176386
935529.884728693 1915851.84394814
935529.530355649 1915851.18053079
935529.399296149 1915850.93452746
935528.691470286 1915849.61270582
935528.23323007 1915848.75370099
935528.109928492 1915848.52281608
935527.402102624 1915847.20099446
935527.105969436 1915846.64746718
935527.040923564 1915846.52547288
935526.750644465 1915845.98103566
935526.581715584 1915845.66445332
935525.873889707 1915844.34263172
935525.746701242 1915844.10468732
935525.391360426 1915843.43925526
935525.258333716 1915843.19122136
935525.174852876 1915843.03394548
935524.467011147 1915841.71312333
935524.21555334 1915841.2422793
935524.075752311 1915840.98014228
935523.770861749 1915840.41148075
935523.750459575 1915840.37416859
935523.239738506 1915839.42036046
935523.219352176 1915839.38204886
935523.042633681 1915839.05234701
935522.896010801 1915838.7791052
935522.719308149 1915838.4484039
935522.609602732 1915838.24272692
935522.326097943 1915837.71239284
935521.794974696 1915836.72127256
935521.632820127 1915836.41879337
935521.618272044 1915836.39057127
935521.532808152 1915836.23226427
935521.456117473 1915836.08809207
935521.356105499 1915835.90156297
935521.049295253 1915835.32787254
935520.992023144 1915835.21999723
935520.455061645 1915834.21878745
935520.284181393 1915833.89917511
935520.251150811 1915833.83866977
935520.080286399 1915833.51805798
935519.945340007 1915833.26499518
935519.773476153 1915832.94436756
935519.772508393 1915832.94235283
935519.318107499 1915832.09340586
935519.230723931 1915831.93006995
935518.776323037 1915831.08112299
935518.775339434 1915831.08010771
935518.610265739 1915830.77258376
935518.609282136 1915830.77156848
935518.353937434 1915830.29366498
935518.097609128 1915829.8147462
935517.559743228 1915828.80752394
935517.132534663 1915828.00899282
935516.580088988 1915826.97554736
935516.425724022 1915826.6861877
935516.086882624 1915826.05200779
935515.932501815 1915825.76364757
935515.506261006 1915824.9671312
935514.901572121 1915823.82389075
935514.653985334 1915823.36110568
935514.406382705 1915822.89932006
935513.890997066 1915821.92444444
935513.705616243 1915821.57361168
935513.642490043 1915821.4566463
935513.456093934 1915821.10679715
935513.261908217 1915820.74382847
935512.893970641 1915820.05320438
935512.329150016 1915818.98057464
935512.139834784 1915818.62568074
935511.778687368 1915817.94816034
935511.219689141 1915816.88661955
935511.079919781 1915816.62248366
935510.893523669 1915816.27263451
935510.752754863 1915816.00848278
935510.604101394 1915815.7372082
935510.383469303 1915815.33983065
935510.383485143 1915815.33883121
935509.898640067 1915814.45541205
935509.170650931 1915813.14426764
935508.81797571 1915812.49987152
935508.80242818 1915812.47163358
935508.601897252 1915812.13055765
935508.156191689 1915811.36372366
935507.397918191 1915810.07109344
935507.092330526 1915809.54640755
935507.074768261 1915809.51913738
935506.768673638 1915809.02643373
935506.379717387 1915808.40045674
935505.563604186 1915807.161893
935505.41709356 1915806.94463597
935505.366294758 1915806.86985324
935504.922891835 1915806.21002325
935504.571266327 1915805.6886064
935504.293840131 1915805.27933196
935503.941215177 1915804.75789927
935503.890400534 1915804.68411598
935503.730198681 1915804.44764772
935503.679368197 1915804.37486388
935503.361693505 1915803.91896544
935503.014304786 1915803.44560116
935502.905790283 1915803.29092758
935500.990946859 1915800.98426715
935500.488688951 1915800.37948723
935498.519813504 1915798.13895
935498.222273041 1915797.80033516
935496.287447592 1915795.80826231
935494.018253059 1915793.84587871
935493.067588787 1915793.02305521
935490.354935533 1915791.47651374
935488.000502354 1915790.22456264
935485.327868256 1915789.11752211
935482.729918407 1915788.53350674
935480.270025599 1915788.25858641
935477.387090742 1915788.37283998
