935534.141653 1915849.39138 1
935534.141653 1915849.39138 1
935534.141653 1915849.39138 1
935534.141653 1915849.39138 1
935534.141653 1915849.39138 1
935534.141738 1915849.40247 1
935534.150778 1915849.42459 1
935534.159648 1915849.42452 1
935534.168688 1915849.44664 1
935534.186513 1915849.4576 1
935534.186683 1915849.47979 1
935534.204508 1915849.49075 1
935534.204593 1915849.50184 1
935534.213548 1915849.51287 1
935534.222503 1915849.52389 1
935534.222588 1915849.53499 1
935534.222503 1915849.52389 1
935534.222588 1915849.53499 1
935534.222503 1915849.52389 1
935534.222503 1915849.52389 1
935534.222503 1915849.52389 1
935534.222588 1915849.53499 1
935534.222588 1915849.53499 1
935534.222588 1915849.53499 1
935534.222673 1915849.54608 1
935534.231543 1915849.54601 1
935534.231628 1915849.55711 1
935534.240498 1915849.55704 1
935534.249453 1915849.56806 1
935534.258493 1915849.59018 1
935534.267534 1915849.6123 1
935534.285444 1915849.63436 1
935534.303439 1915849.6675 1
935534.330389 1915849.71167 1
935534.366209 1915849.75578 1
935534.402199 1915849.82207 1
935534.438105 1915849.87727 1
935534.47418 1915849.95465 1
935534.51904 1915850.02088 1
935534.555116 1915850.09826 1
935534.608931 1915850.17551 1
935534.653876 1915850.25283 1
935534.689952 1915850.33022 1
935534.734897 1915850.40753 1
935534.779843 1915850.48485 1
935534.824788 1915850.56217 1
935534.869648 1915850.62839 1
935534.914594 1915850.70571 1
935534.950669 1915850.7831 1
935534.995529 1915850.84932 1
935535.031605 1915850.9267 1
935535.085335 1915850.99286 1
935535.13028 1915851.07018 1
935535.17514 1915851.1364 1
935535.211216 1915851.21379 1
935535.256076 1915851.28001 1
935535.309891 1915851.35726 1
935535.354751 1915851.42348 1
935535.399697 1915851.5008 1
935535.444642 1915851.57812 1
935535.489502 1915851.64434 1
935535.543317 1915851.72159 1
935535.588263 1915851.79891 1
935535.633123 1915851.86513 1
935535.686853 1915851.93129 1
935535.731798 1915852.00861 1
935535.776659 1915852.07483 1
935535.830389 1915852.14099 1
935535.875249 1915852.20721 1
935535.928979 1915852.27337 1
935535.973754 1915852.3285 1
935536.027484 1915852.39465 1
935536.081214 1915852.46081 1
935536.143814 1915852.52689 1
935536.206499 1915852.60408 1
935536.286838 1915852.67003 1
935536.367348 1915852.75817 1
935536.456728 1915852.84624 1
935536.554892 1915852.92315 1
935536.653056 1915853.00006 1
935536.769046 1915853.08792 1
935536.88495 1915853.1647 1
935537.000854 1915853.24147 1
935537.116672 1915853.30715 1
935537.241361 1915853.37276 1
935537.357095 1915853.42734 1
935537.481784 1915853.49295 1
935537.588647 1915853.54761 1
935537.713336 1915853.61322 1
935537.8202 1915853.66787 1
935537.935848 1915853.71136 1
935538.042712 1915853.76601 1
935538.158361 1915853.80951 1
935538.274009 1915853.853 1
935538.389573 1915853.88539 1
935538.496181 1915853.90676 1
935538.602789 1915853.92814 1
935538.709568 1915853.97169 1
935538.825046 1915853.993 1
935538.92287 1915854.02553 1
935539.038348 1915854.04683 1
935539.136172 1915854.07937 1
935539.251735 1915854.11176 1
935539.358343 1915854.13313 1
935539.482691 1915854.15437 1
935539.58043 1915854.17581 1
935539.704948 1915854.21923 1
935539.811471 1915854.22951 1
935539.935905 1915854.26184 1
935540.042513 1915854.28321 1
935540.166946 1915854.31554 1
935540.273555 1915854.33691 1
935540.397903 1915854.35814 1
935540.513296 1915854.36835 1
935540.637644 1915854.38959 1
935540.770861 1915854.41075 1
935540.88634 1915854.43206 1
935541.019557 1915854.45322 1
935541.14382 1915854.46336 1
935541.277123 1915854.49562 1
935541.410256 1915854.5057 1
935541.534604 1915854.52693 1
935541.685562 1915854.54796 1
935541.809824 1915854.5581 1
935541.951912 1915854.5792 1
935542.085045 1915854.58927 1
935542.227132 1915854.61037 1
935542.36018 1915854.60935 1
935542.493398 1915854.63052 1
935542.599836 1915854.6297 1
935542.732968 1915854.63977 1
935542.812882 1915854.65026 1
935542.928275 1915854.66046 1
935542.999234 1915854.65992 1
935543.034713 1915854.65965 1
935543.070193 1915854.65938 1
935543.061323 1915854.65944 1
935543.070193 1915854.65938 1
935543.052453 1915854.65951 1
935543.070193 1915854.65938 1
935543.061323 1915854.65944 1
935543.061323 1915854.65944 1
935543.070193 1915854.65938 1
935543.070278 1915854.67047 1
935543.079148 1915854.6704 1
935543.079148 1915854.6704 1
935543.088017 1915854.67033 1
935543.088017 1915854.67033 1
935543.096887 1915854.67027 1
935543.114627 1915854.67013 1
935543.141236 1915854.66992 1
935543.167931 1915854.68081 1
935543.21228 1915854.68047 1
935543.265499 1915854.68007 1
935543.327588 1915854.67959 1
935543.389762 1915854.69021 1
935543.451851 1915854.68973 1
935543.51394 1915854.68925 1
935543.576029 1915854.68878 1
935543.620463 1915854.69953 1
935536.236515 1915853.04763 1
935536.290415 1915853.13598 1
935536.335531 1915853.23548 1
935536.389516 1915853.33492 1
935536.443587 1915853.44545 1
935536.497572 1915853.54489 1
935536.560428 1915853.64426 1
935536.614413 1915853.74369 1
935536.677354 1915853.85416 1
935536.731339 1915853.9536 1
935536.785325 1915854.05303 1
935536.848095 1915854.14131 1
935536.901995 1915854.22965 1
935536.955981 1915854.32909 1
935537.009881 1915854.41743 1
935537.054911 1915854.50585 1
935537.108726 1915854.5831 1
935537.162627 1915854.67144 1
935537.216527 1915854.75978 1
935537.270342 1915854.83703 1
935537.324243 1915854.92538 1
935537.378058 1915855.00262 1
935537.440828 1915855.0909 1
935537.503598 1915855.17918 1
935537.557498 1915855.26752 1
935537.629138 1915855.35573 1
935537.691823 1915855.43291 1
935537.754593 1915855.52118 1
935537.817364 1915855.60946 1
935537.888918 1915855.68657 1
935537.951518 1915855.75266 1
935538.014203 1915855.82984 1
935538.076803 1915855.89593 1
935538.139403 1915855.96202 1
935538.201917 1915856.01701 1
935538.264432 1915856.072 1
935538.326947 1915856.127 1
935538.389376 1915856.1709 1
935538.451891 1915856.22589 1
935538.51432 1915856.26979 1
935538.594575 1915856.32465 1
935538.674829 1915856.3795 1
935538.763953 1915856.43429 1
935538.861947 1915856.48901 1
935538.959941 1915856.54374 1
935539.075675 1915856.59832 1
935539.182453 1915856.64188 1
935539.289317 1915856.69653 1
935539.413835 1915856.73996 1
935539.520614 1915856.78351 1
935539.645132 1915856.82694 1
935539.751741 1915856.84831 1
935539.867389 1915856.8918 1
935539.974083 1915856.92426 1
935540.089561 1915856.94557 1
935540.196254 1915856.97803 1
935540.302948 1915857.0105 1
935540.409471 1915857.02077 1
935540.516164 1915857.05324 1
935540.622773 1915857.07461 1
935540.729381 1915857.09598 1
935540.827034 1915857.10633 1
935540.942427 1915857.11654 1
935541.049035 1915857.13791 1
935541.155559 1915857.14818 1
935541.270952 1915857.15839 1
935541.377475 1915857.16867 1
935541.492783 1915857.16778 1
935541.608176 1915857.17799 1
935541.723569 1915857.1882 1
935541.847746 1915857.18725 1
935541.963139 1915857.19746 1
935542.078532 1915857.20767 1
935542.21158 1915857.20665 1
935542.326973 1915857.21685 1
935542.46889 1915857.21576 1
935542.593153 1915857.22591 1
935542.726285 1915857.23598 1
935542.859333 1915857.23496 1
935542.992465 1915857.24503 1
935543.134298 1915857.23285 1
935543.2763 1915857.24285 1
935543.418303 1915857.25286 1
935543.55135 1915857.25183 1
935543.702308 1915857.27287 1
935543.835355 1915857.27184 1
935543.986227 1915857.28178 1
935544.11936 1915857.29185 1
935544.252493 1915857.30193 1
935544.332406 1915857.31241 1
935544.359016 1915857.3122 1
935544.350146 1915857.31227 1
935544.314581 1915857.30145 1
935544.341276 1915857.31234 1
935544.314581 1915857.30145 1
935544.341276 1915857.31234 1
935544.332321 1915857.30131 1
935544.341276 1915857.31234 1
935544.350061 1915857.30118 1
935544.350146 1915857.31227 1
935544.394495 1915857.31193 1
935544.412235 1915857.31179 1
935544.483279 1915857.32234 1
935544.536498 1915857.32194 1
935544.616326 1915857.32132 1
935544.669545 1915857.32091 1
935544.749459 1915857.3314 1
935544.811548 1915857.33092 1
935544.882591 1915857.34147 1
935544.94468 1915857.34099 1
935545.006854 1915857.35161 1
935535.429202 1915851.87779 1
935535.429202 1915851.87779 1
935535.429202 1915851.87779 1
935535.429117 1915851.8667 1
935535.429117 1915851.8667 1
935535.429117 1915851.8667 1
935535.429117 1915851.8667 1
935535.429117 1915851.8667 1
935535.429117 1915851.8667 1
935535.429117 1915851.8667 1
935535.429202 1915851.87779 1
935535.438157 1915851.88882 1
935535.438242 1915851.89991 1
935535.447197 1915851.91094 1
935535.465107 1915851.93299 1
935535.483102 1915851.96614 1
935535.501183 1915852.01038 1
935535.528218 1915852.06564 1
935535.564038 1915852.10975 1
935535.600028 1915852.17604 1
935535.636104 1915852.25342 1
935535.672094 1915852.31972 1
935535.70817 1915852.3971 1
935535.753115 1915852.47442 1
935535.79806 1915852.55174 1
935535.834136 1915852.62912 1
935535.879081 1915852.70644 1
935535.915157 1915852.78383 1
935535.960187 1915852.87224 1
935536.005132 1915852.94956 1
935536.050163 1915853.03797 1
935536.086324 1915853.12645 1
935536.140139 1915853.2037 1
935536.185169 1915853.29211 1
935536.22133 1915853.38059 1
935536.27523 1915853.46893 1
935536.320261 1915853.55734 1
935536.356421 1915853.64582 1
935536.401537 1915853.74533 1
935536.446568 1915853.83374 1
935536.491598 1915853.92215 1
935536.545584 1915854.02159 1
935536.590614 1915854.11 1
935536.63573 1915854.20951 1
935536.68076 1915854.29792 1
935536.734746 1915854.39736 1
935536.779776 1915854.48577 1
935536.833762 1915854.58521 1
935536.878792 1915854.67362 1
935536.923908 1915854.77312 1
935536.968938 1915854.86153 1
935537.022839 1915854.94988 1
935537.067869 1915855.03829 1
935537.112899 1915855.1267 1
935537.1668 1915855.21505 1
935537.211915 1915855.31455 1
935537.265901 1915855.41399 1
935537.319801 1915855.50233 1
935537.373787 1915855.60177 1
935537.427772 1915855.70121 1
935537.481758 1915855.80065 1
935537.535743 1915855.90008 1
935537.589643 1915855.98843 1
935537.643714 1915856.09896 1
935537.697614 1915856.1873 1
935537.751515 1915856.27565 1
935537.8055 1915856.37508 1
935537.868355 1915856.47445 1
935537.922341 1915856.57389 1
935537.976241 1915856.66223 1
935538.030227 1915856.76167 1
935538.093082 1915856.86104 1
935538.147067 1915856.96048 1
935538.209923 1915857.05985 1
935538.263908 1915857.15929 1
935538.326763 1915857.25865 1
935538.389619 1915857.35802 1
935538.443604 1915857.45746 1
935538.506374 1915857.54574 1
935538.569229 1915857.64511 1
935538.62313 1915857.73345 1
935538.6859 1915857.82173 1
935538.74867 1915857.91 1
935538.820395 1915858.0093 1
935538.88308 1915858.08648 1
935538.94585 1915858.17476 1
935539.01749 1915858.26297 1
935539.08913 1915858.35117 1
935539.160685 1915858.42829 1
935539.241109 1915858.50533 1
935539.312749 1915858.59354 1
935539.393089 1915858.65949 1
935539.473513 1915858.73654 1
935539.553938 1915858.81358 1
935539.643147 1915858.87947 1
935539.723487 1915858.94542 1
935539.812696 1915859.0113 1
935539.910775 1915859.07712 1
935539.999899 1915859.13191 1
935540.097893 1915859.18663 1
935540.195887 1915859.24135 1
935540.293881 1915859.29607 1
935540.39179 1915859.3397 1
935540.498568 1915859.38325 1
935540.596477 1915859.42688 1
935540.703256 1915859.47044 1
935540.818734 1915859.49174 1
935540.916557 1915859.52428 1
935541.032121 1915859.55667 1
935541.138729 1915859.57804 1
935541.245337 1915859.59942 1
935541.3609 1915859.63181 1
935541.467509 1915859.65318 1
935541.583072 1915859.68558 1
935541.698465 1915859.69579 1
935541.805073 1915859.71716 1
935541.911681 1915859.73853 1
935542.036029 1915859.75977 1
935542.142638 1915859.78114 1
935542.258116 1915859.80244 1
935542.382378 1915859.81258 1
935542.497857 1915859.83388 1
935542.622119 1915859.84403 1
935542.746382 1915859.85417 1
935542.879515 1915859.86424 1
935543.003863 1915859.88547 1
935543.12804 1915859.88452 1
935543.252388 1915859.90576 1
935543.376566 1915859.9048 1
935543.500829 1915859.91494 1
935543.625091 1915859.92508 1
935543.749354 1915859.93522 1
935543.882487 1915859.9453 1
935544.006749 1915859.95544 1
935544.139882 1915859.96551 1
935544.264145 1915859.97565 1
935544.388408 1915859.98579 1
935544.521625 1915860.00696 1
935544.645803 1915860.00601 1
935544.770151 1915860.02724 1
935544.894328 1915860.02629 1
935545.018676 1915860.04752 1
935545.133899 1915860.03554 1
935545.258162 1915860.04569 1
935545.373555 1915860.05589 1
935545.497817 1915860.06604 1
935545.61321 1915860.07624 1
935545.728518 1915860.07536 1
935545.852781 1915860.0855 1
935545.959304 1915860.09578 1
935546.083567 1915860.10592 1
935546.198875 1915860.10503 1
935546.305398 1915860.11531 1
935546.420791 1915860.12552 1
935546.527229 1915860.1247 1
935546.598187 1915860.12416 1
935546.678101 1915860.13464 1
935546.71358 1915860.13437 1
935546.73132 1915860.13423 1
935546.73132 1915860.13423 1
935546.71358 1915860.13437 1
935546.73132 1915860.13423 1
935546.72245 1915860.1343 1
935546.73132 1915860.13423 1
935546.72245 1915860.1343 1
935546.73132 1915860.13423 1
935546.72245 1915860.1343 1
935546.72245 1915860.1343 1
935546.72245 1915860.1343 1
935546.72245 1915860.1343 1
935546.72245 1915860.1343 1
935546.72245 1915860.1343 1
935546.72245 1915860.1343 1
935546.72245 1915860.1343 1
935546.72245 1915860.1343 1
935546.72245 1915860.1343 1
935546.72245 1915860.1343 1
935546.72245 1915860.1343 1
935546.72245 1915860.1343 1
935546.72245 1915860.1343 1
935546.72245 1915860.1343 1
935546.72245 1915860.1343 1
935546.72245 1915860.1343 1
935546.72245 1915860.1343 1
935546.72245 1915860.1343 1
935546.72245 1915860.1343 1
935546.72245 1915860.1343 1
935546.72245 1915860.1343 1
935546.72245 1915860.1343 1
935539.313771 1915858.72667 1
935539.358802 1915858.81508 1
935539.403747 1915858.8924 1
935539.448777 1915858.98081 1
935539.493723 1915859.05813 1
935539.538753 1915859.14654 1
935539.583698 1915859.22386 1
935539.628729 1915859.31227 1
935539.673759 1915859.40068 1
935539.727659 1915859.48902 1
935539.77269 1915859.57744 1
935539.82659 1915859.66578 1
935539.88049 1915859.75412 1
935539.925521 1915859.84253 1
935539.979336 1915859.91978 1
935540.033236 1915860.00813 1
935540.087136 1915860.09647 1
935540.132082 1915860.17379 1
935540.185897 1915860.25104 1
935540.239797 1915860.33938 1
935540.293527 1915860.40554 1
935540.347342 1915860.48279 1
935540.392202 1915860.54901 1
935540.446017 1915860.62626 1
935540.499747 1915860.69242 1
935540.553477 1915860.75857 1
935540.598337 1915860.8248 1
935540.660852 1915860.87979 1
935540.714582 1915860.94594 1
935540.786136 1915861.02306 1
935540.848821 1915861.10024 1
935540.920206 1915861.15517 1
935540.99176 1915861.23228 1
935541.063145 1915861.2872 1
935541.1347 1915861.36432 1
935541.215039 1915861.43027 1
935541.286338 1915861.4741 1
935541.366763 1915861.55115 1
935541.438062 1915861.59498 1
935541.509446 1915861.6499 1
935541.589701 1915861.70476 1
935541.687609 1915861.74839 1
935541.776648 1915861.79208 1
935541.865687 1915861.83578 1
935541.963681 1915861.8905 1
935542.06159 1915861.93413 1
935542.168368 1915861.97768 1
935542.257322 1915862.01029 1
935542.390625 1915862.04255 1
935542.479579 1915862.07515 1
935542.621751 1915862.10734 1
935542.728445 1915862.13981 1
935542.861663 1915862.16097 1
935542.968271 1915862.18234 1
935543.110273 1915862.19235 1
935543.225836 1915862.22475 1
935543.367839 1915862.23475 1
935543.483317 1915862.25605 1
935543.60758 1915862.26619 1
935543.740797 1915862.28736 1
935543.874015 1915862.30853 1
935544.007062 1915862.30751 1
935544.13141 1915862.32874 1
935544.273413 1915862.33875 1
935544.379936 1915862.34902 1
935544.521938 1915862.35903 1
935544.637331 1915862.36924 1
935544.761679 1915862.39047 1
935544.885942 1915862.40061 1
935545.018989 1915862.39959 1
935545.143337 1915862.42083 1
935545.276469 1915862.4309 1
935545.391862 1915862.44111 1
935545.53378 1915862.44002 1
935545.649173 1915862.45023 1
935545.782305 1915862.4603 1
935545.906653 1915862.48153 1
935546.030831 1915862.48058 1
935546.163963 1915862.49065 1
935546.279271 1915862.48977 1
935546.412489 1915862.51094 1
935546.527711 1915862.49896 1
935546.660844 1915862.50903 1
935546.785106 1915862.51917 1
935546.918239 1915862.52924 1
935547.042417 1915862.52829 1
935547.166764 1915862.54953 1
935547.273202 1915862.54871 1
935547.379725 1915862.55899 1
935547.477294 1915862.55824 1
935547.539467 1915862.56885 1
935547.574947 1915862.56858 1
935547.583817 1915862.56851 1
935547.574947 1915862.56858 1
935547.566077 1915862.56865 1
935547.574947 1915862.56858 1
935547.574947 1915862.56858 1
935547.574947 1915862.56858 1
935547.583817 1915862.56851 1
935547.574947 1915862.56858 1
935547.592686 1915862.56845 1
935547.583817 1915862.56851 1
935547.592686 1915862.56845 1
935547.583817 1915862.56851 1
935547.637036 1915862.56811 1
935547.663645 1915862.5679 1
935547.725819 1915862.57852 1
935547.787908 1915862.57804 1
935547.858866 1915862.5775 1
935547.93878 1915862.58798 1
935548.000869 1915862.5875 1
935540.56686 1915861.34649 1
935540.62963 1915861.43476 1
935540.68353 1915861.52311 1
935540.737431 1915861.61145 1
935540.791331 1915861.69979 1
935540.854101 1915861.78807 1
935540.899046 1915861.86539 1
935540.961731 1915861.94257 1
935541.006676 1915862.01989 1
935541.060662 1915862.11932 1
935541.114392 1915862.18548 1
935541.168377 1915862.28492 1
935541.231062 1915862.3621 1
935541.293917 1915862.46147 1
935541.356602 1915862.53865 1
935541.428242 1915862.62686 1
935541.499967 1915862.72616 1
935541.553867 1915862.8145 1
935541.625507 1915862.90271 1
935541.688277 1915862.99098 1
935541.759917 1915863.07919 1
935541.822772 1915863.17856 1
935541.894327 1915863.25568 1
935541.957012 1915863.33286 1
935542.028652 1915863.42106 1
935542.100206 1915863.49818 1
935542.162806 1915863.56426 1
935542.234276 1915863.63028 1
935542.30583 1915863.7074 1
935542.448684 1915863.82834 1
935542.520154 1915863.89436 1
935542.591623 1915863.96038 1
935542.680747 1915864.01517 1
935542.761087 1915864.08112 1
935542.850296 1915864.14701 1
935542.93942 1915864.20179 1
935543.037414 1915864.25652 1
935543.135493 1915864.32233 1
935543.242356 1915864.37698 1
935543.34922 1915864.43164 1
935543.473823 1915864.48615 1
935543.598512 1915864.55176 1
935543.71416 1915864.59526 1
935543.847633 1915864.6497 1
935543.980936 1915864.68197 1
935544.114239 1915864.71423 1
935544.256497 1915864.75751 1
935544.407539 1915864.78964 1
935544.540842 1915864.8219 1
935544.683015 1915864.85409 1
935544.825102 1915864.87519 1
935544.958405 1915864.90745 1
935545.100493 1915864.92855 1
935545.24258 1915864.94965 1
935545.375883 1915864.98191 1
935545.517885 1915864.99191 1
935545.659973 1915865.01301 1
935545.793105 1915865.02309 1
935545.935193 1915865.04418 1
935546.068325 1915865.05426 1
935546.210413 1915865.07536 1
935546.35233 1915865.07427 1
935546.485462 1915865.08434 1
935546.62755 1915865.10544 1
935546.769552 1915865.11544 1
935546.902685 1915865.12552 1
935547.053557 1915865.13545 1
935547.186689 1915865.14553 1
935547.328692 1915865.15553 1
935547.470779 1915865.17663 1
935547.612696 1915865.17554 1
935547.745914 1915865.19671 1
935547.887831 1915865.19562 1
935548.029834 1915865.20562 1
935548.162966 1915865.21569 1
935548.304968 1915865.2257 1
935548.447056 1915865.2468 1
935548.5181 1915865.25735 1
935548.5181 1915865.25735 1
935548.50036 1915865.25748 1
935548.473665 1915865.24659 1
935548.500275 1915865.24639 1
935548.482535 1915865.24653 1
935548.500275 1915865.24639 1
935548.500275 1915865.24639 1
935548.509145 1915865.24632 1
935548.553494 1915865.24598 1
935548.597928 1915865.25674 1
935548.677757 1915865.25612 1
935548.766455 1915865.25544 1
935548.881848 1915865.26565 1
935548.988371 1915865.27593 1
935549.094894 1915865.2862 1
935549.219156 1915865.29635 1
935549.299155 1915865.31792 1
935549.236981 1915865.3073 1
935549.183677 1915865.29662 1
935549.236981 1915865.3073 1
935549.254721 1915865.30717 1
935549.210372 1915865.30751 1
935549.236981 1915865.3073 1
935541.950697 1915863.66575 1
935541.995812 1915863.76525 1
935542.049627 1915863.8425 1
935542.103613 1915863.94194 1
935542.148558 1915864.01926 1
935542.193588 1915864.10767 1
935542.238533 1915864.18499 1
935542.283564 1915864.2734 1
935542.328509 1915864.35071 1
935542.373454 1915864.42803 1
935542.418399 1915864.50535 1
935542.463345 1915864.58267 1
935542.50829 1915864.65999 1
935542.553235 1915864.7373 1
935542.59818 1915864.81462 1
935542.643126 1915864.89194 1
935542.697026 1915864.98028 1
935542.750926 1915865.06863 1
935542.804911 1915865.16806 1
935542.867681 1915865.25634 1
935542.921667 1915865.35578 1
935542.993392 1915865.45508 1
935543.056332 1915865.56554 1
935543.136927 1915865.66477 1
935543.199697 1915865.75305 1
935543.271337 1915865.84126 1
935543.334021 1915865.91844 1
935543.405661 1915866.00665 1
935543.468346 1915866.08383 1
935543.539816 1915866.14985 1
935543.593631 1915866.2271 1
935543.6651 1915866.29312 1
935543.73657 1915866.35914 1
935543.816909 1915866.42509 1
935543.906203 1915866.50206 1
935543.986543 1915866.56802 1
935544.075837 1915866.64499 1
935544.156091 1915866.69985 1
935544.23643 1915866.7658 1
935544.316599 1915866.80957 1
935544.405723 1915866.86435 1
935544.477023 1915866.90819 1
935544.557192 1915866.95195 1
935544.628406 1915866.98469 1
935544.708575 1915867.02845 1
935544.788658 1915867.06112 1
935544.877697 1915867.10481 1
935544.975521 1915867.13735 1
935545.091084 1915867.16975 1
935545.206732 1915867.21324 1
935545.34899 1915867.25652 1
935545.508902 1915867.28858 1
935545.668729 1915867.30954 1
935545.828556 1915867.3305 1
935545.979429 1915867.34044 1
935546.139085 1915867.33922 1
935546.298912 1915867.36018 1
935546.467524 1915867.36998 1
935546.618396 1915867.37992 1
935546.795878 1915867.38965 1
935546.92901 1915867.39972 1
935547.115362 1915867.40939 1
935547.257449 1915867.43048 1
935547.426061 1915867.44028 1
935547.568148 1915867.46138 1
935547.745545 1915867.46002 1
935547.887547 1915867.47003 1
935548.065029 1915867.47976 1
935548.207116 1915867.50086 1
935548.375643 1915867.49956 1
935548.526515 1915867.5095 1
935548.695127 1915867.5193 1
935548.854783 1915867.51808 1
935549.023395 1915867.52788 1
935549.192007 1915867.53768 1
935549.351749 1915867.54755 1
935549.511491 1915867.55741 1
935549.671148 1915867.55619 1
935549.839759 1915867.56599 1
935549.990632 1915867.57593 1
935550.150373 1915867.5858 1
