935566.223775898 1915954.25803067
935565.405151872 1915952.79949329
935564.533063433 1915951.24513727
935553.223249965 1915889.07769338
935555.011268585 1915888.15932374
935557.007899203 1915887.135294
935610.831334834 1916004.3251463
935609.323205067 1916005.11899137
935607.743496814 1916005.95068994
935591.283143988 1915962.52087447
935589.54620753 1915963.43305567
935587.738723728 1915964.38110732
935563.521863875 1915910.53647131
935561.742713399 1915911.46297899
935559.974493455 1915912.39365872
935600.947050815 1916239.50699653
935600.964023805 1916237.86876314
935600.980599403 1916236.19253499
935643.680974303 1916205.52296079
935645.354633434 1916205.57548456
935647.031465189 1916205.61706196
935648.864321348 1916205.65411486
935650.694195025 1916205.69012078
935652.434007718 1916205.73169689
935654.162794832 1916205.77509761
935655.918614516 1916205.81592778
935657.679415593 1916205.85783661
935658.064154562 1916205.86693477
935630.115301687 1916111.98724067
935630.084057206 1916113.89516602
935630.034185028 1916115.6538413
935645.040615124 1916100.4564112
935646.789469009 1916100.43215006
935648.542320685 1916100.40795229
935650.306118741 1916100.38692713
935652.070932098 1916100.36491837
935653.82663955 1916100.34976314
935655.521349154 1916100.33564036
935361.414616448 1915759.34682363
935359.775004721 1915759.35382402
935359.524064949 1915759.35484484
935357.637352817 1915759.37292387
935378.511861086 1915740.20874192
935378.678985004 1915742.84658871
935378.686253207 1915742.95567074
935378.860756201 1915745.69560346
935531.339766854 1915955.36855533
935532.821752106 1915954.58429277
935534.414642731 1915953.74080677
935613.348016699 1915929.12288773
935612.504278203 1915927.60896879
935611.676071382 1915926.12428726
935620.54684454 1915981.90800806
935621.377352363 1915983.43671291
935622.211778744 1915984.97047838
935651.550475654 1916157.66527455
935653.297395374 1916157.69996517
935655.072426325 1916157.72710385
935656.797421639 1916157.75744813
935658.562442314 1916157.78542782
935659.868527408 1916157.81812868
