935543.771181058 1915965.95145801
935543.090594674 1915966.12761274
935542.223649378 1915966.20384283
935541.690913469 1915966.19739745
935540.841781234 1915966.15894485
935539.716736108 1915965.99415562
935538.798620961 1915965.70368578
935537.827817717 1915965.26842449
935537.136558075 1915964.85658867
935536.442281571 1915964.319743
935535.752059511 1915963.46405853
935553.343664088 1915889.30153468
935553.758532026 1915890.18484454
935554.19110616 1915891.14941046
935554.57235734 1915892.00919444
935554.920706043 1915892.86345838
935555.250576322 1915893.87438173
935555.520999986 1915894.72541106
935555.815222931 1915895.71477573
935556.011926648 1915896.61262191
935556.111226106 1915897.60089614
935556.12555417 1915898.46286143
935556.004183562 1915899.49762253
935555.723202742 1915900.51085934
935555.40755684 1915901.44057187
935554.99754712 1915902.2058381
935553.988388136 1915903.43346353
935552.938992446 1915904.42452284
935552.224591496 1915904.96802992
935601.248546151 1915981.91800022
935601.813341386 1915983.30753395
935602.377137172 1915984.69705185
935602.856308794 1915985.87529206
935603.966957299 1915988.6510602
935605.078605231 1915991.42684421
935606.189253698 1915994.2026124
935606.913366114 1915996.01054535
935607.815196341 1915998.1481962
935604.453672814 1915999.94834712
935603.897792107 1915998.50097227
935603.341895547 1915997.05459686
935602.26452983 1915994.26036205
935601.186164648 1915991.46611141
935600.108798886 1915988.67187664
935600.026221149 1915988.4576323
935598.982634559 1915985.86587168
935598.772041926 1915985.3396922
935598.542284218 1915984.76122471
935598.102854103 1915983.66159081
935648.542320685 1916100.40795229
935648.565941365 1916103.39542009
935648.571124691 1916103.95133355
935648.617605835 1916106.94716131
935648.664086949 1916109.94298907
935648.685883122 1916111.40589068
935648.743342248 1916114.40289217
935648.799801898 1916117.39987781
935648.828231066 1916118.94885848
935648.873855207 1916121.9356754
935648.893505913 1916123.21859761
935648.880898473 1916124.20309888
935647.019034997 1916216.80646876
935646.975406874 1916219.05409476
935646.922989318 1916222.04535568
935646.911738968 1916222.69198102
935646.85909737 1916224.81450206
935646.798712406 1916226.85792432
935646.440128286 1916228.91961238
935645.883752884 1916231.16110941
935645.175963617 1916233.1162923
935644.352910949 1916234.58579482
935642.721717179 1916236.71028351
935641.271535631 1916238.1368544
935639.756573828 1916239.23549757
935638.397609007 1916239.76378755
935637.147770005 1916240.09286845
935635.465389112 1916240.21215403
935552.330613763 1915889.57638796
935551.939657369 1915888.88739821
935551.312361632 1915887.71980643
935550.886105089 1915886.92428932
935550.264663432 1915885.76578761
935549.862648409 1915885.01764049
935549.331652005 1915884.01852448
935548.776382389 1915882.97403738
935548.553100555 1915882.55462441
935548.221112769 1915881.92955027
935547.998798696 1915881.51215204
935547.629925137 1915880.81751418
935547.492995723 1915880.56342021
935547.145412881 1915879.91310647
935546.632740529 1915878.95626817
935546.353106827 1915878.43399294
935545.811322466 1915877.4217099
935545.490900262 1915876.8238109
935544.946180933 1915875.80748255
935544.694723159 1915875.33663847
935544.127666136 1915874.2789685
935543.814049934 1915873.69317375
935543.481998765 1915873.07209741
935542.863492039 1915871.91764106
935542.610067054 1915871.44476641
935542.00418873 1915870.31350326
935541.965351595 1915870.24090951
935541.091500197 1915868.60854961
935541.048760337 1915868.52989582
935540.245793043 1915867.02961975
935540.199182142 1915866.94290703
935539.749651796 1915866.10203473
935539.707879694 1915866.02539568
935539.252495258 1915865.17543332
935539.216593087 1915865.10688488
935538.356321996 1915863.50073238
935538.346612711 1915863.48258395
935537.358153713 1915861.6384712
935537.113486087 1915861.18073082
935536.844529406 1915860.6786188
935536.755210327 1915860.5112534
935536.242585463 1915859.55141684
935535.815392793 1915858.75188619
935535.693074822 1915858.52201656
935535.179498036 1915857.55916583
935534.652325079 1915856.57110718
935534.630955151 1915856.53178029
935533.683379677 1915854.75729468
935533.533869369 1915854.47700921
935532.710594912 1915852.93342438
935532.393107641 1915852.33957074
935531.780502476 1915851.19120621
935531.07275582 1915849.86438734
935530.809637372 1915849.37236484
935529.893156931 1915847.65435517
935529.646537929 1915847.19358479
935529.055286839 1915846.08554661
935528.925195095 1915845.84155802
935528.343637444 1915844.75266772
935528.006763276 1915844.12051835
935527.752402191 1915843.64363011
935527.04172055 1915842.31276597
935526.776682414 1915841.81571458
935526.608689603 1915841.50314587
935526.105773982 1915840.56145781
935525.826156077 1915840.0381832
935525.217374391 1915838.90087598
935525.176585887 1915838.82525222
935524.529934817 1915837.617366
935524.31050814 1915837.20701148
935523.743498552 1915836.14634332
935523.419189411 1915835.54138492
935523.220164905 1915835.16834256
935522.605560803 1915834.01994641
935522.491000743 1915833.80519521
935522.083210754 1915833.04296095
935521.469574409 1915831.89657954
935521.467623045 1915831.89354953
935520.559820692 1915830.19567144
935520.557869329 1915830.19264142
935520.047164078 1915829.23783387
935519.535491062 1915828.2810116
935518.680090321 1915826.68293408
935517.693645903 1915824.83785382
935516.840180668 1915823.24380579
935516.345007091 1915822.31823565
935515.84983351 1915821.39266551
935515.350788887 1915820.45903645
935514.963416894 1915819.73311494
935514.228541178 1915818.3518826
935513.849910706 1915817.64209479
935513.128615309 1915816.28706983
935512.475269068 1915815.06008335
935512.177946288 1915814.51853362
935511.209271406 1915812.75071171
935510.502953199 1915811.45990473
935510.471842293 1915811.4044283
935509.579415874 1915809.87174392
935508.322626011 1915807.86442649
935507.42414229 1915806.46160661
935506.300841325 1915804.79930092
935505.173957225 1915803.23690805
935504.047088966 1915801.67351575
935502.8011917 1915800.11423489
935501.230308147 1915798.18191449
935499.656462073 1915796.4364903
935498.028980034 1915794.73220318
935497.180910046 1915793.93299921
935495.783469781 1915792.72620838
935494.038742731 1915791.354961
935492.358462317 1915790.26964855
935491.351152038 1915789.67785664
935489.451343667 1915788.63005198
935487.978048929 1915787.79394574
935629.47154092 1916240.12813261
935627.863686835 1916240.0866488
935626.255832754 1916240.04516498
935623.678263198 1916240.0043038
935622.67077476 1916239.99133158
935619.673850132 1916239.91783042
935617.689221054 1916239.86937404
935614.691249497 1916239.79885538
935612.650619827 1916239.75151064
935609.652268068 1916239.70497866
935607.675349429 1916239.67463906
935604.714214853 1916239.61370162
935586.079230138 1916150.04240274
935586.097529702 1916152.73487517
935586.105874917 1916153.53276517
935586.112852377 1916154.16468389
935586.133318984 1916155.01774934
935586.164331959 1916155.71003086
935586.185337242 1916156.52911517
935586.229338877 1916157.78943014
935586.240065819 1916158.68932692
935586.258689356 1916159.40640445
935586.28835149 1916160.75146629
935586.288658799 1916161.80415145
935586.278745941 1916162.68172772
935586.265543054 1916163.26234203
935586.240658255 1916164.32762388
935586.210865853 1916165.89167643
935586.180735283 1916167.98156391
935586.129213762 1916169.78120035
935586.089973356 1916171.68899868
935586.057746451 1916172.90211921
935586.050553462 1916173.35586734
935586.024479063 1916174.4331267
935585.993780662 1916176.68495599
935585.971767405 1916177.75828094
935585.902040489 1916179.88652889
935585.866224837 1916181.70440883
935585.823816927 1916183.8750771
935585.790537528 1916185.5960267
935585.787842814 1916185.7029515
935585.774783772 1916186.33755168
935585.719976031 1916188.02916881
935585.702452666 1916189.89132538
935585.664782253 1916191.00638937
935585.622003399 1916192.88514041
935585.604195127 1916194.00851684
935585.578042731 1916195.15375431
935585.534292212 1916196.84154794
935585.523301881 1916197.78708649
935585.501210626 1916198.92838956
935585.465328898 1916200.6243055
935585.409912223 1916202.79576724
935585.363378341 1916204.9113868
935585.349557468 1916205.53097946
935585.320352361 1916207.12103342
935585.298275622 1916208.19835615
935585.254072021 1916210.23003815
935585.217820659 1916211.69701776
935585.178157015 1916214.64049483
935585.166349569 1916215.19613884
935580.526523288 1916221.07577775
935580.54288048 1916220.35925476
935580.599406709 1916217.36106174
935580.656932353 1916214.36288457
935580.71345852 1916211.36469156
935580.744064354 1916210.00159089
935580.810584933 1916207.00355632
935580.877105481 1916204.00552174
935580.943625998 1916201.00748716
935580.957984253 1916200.29093248
935581.022505846 1916197.29286621
935581.086027965 1916194.2947841
935581.149550053 1916191.29670199
935581.172673708 1916190.21639679
935581.235196312 1916187.21829883
935581.297718883 1916184.22020087
935581.360241426 1916181.22210292
935581.37856054 1916180.25568693
935581.407323182 1916178.75659835
935581.436085818 1916177.25750976
935581.492611622 1916174.25931674
935581.541610395 1916171.6728793
935581.633006874 1916169.50198795
935581.725418629 1916167.33011301
935581.803923857 1916165.46792348
935581.882429071 1916163.60573395
935581.9899514 1916161.04821575
935582.071437779 1916159.1240923
935582.152924147 1916157.19996885
935582.257481077 1916154.70338512
935582.363021588 1916152.20781666
935588.345590923 1916229.4982096
935588.305480021 1916231.52395833
935590.439930632 1916231.58078789
935604.714214853 1916239.61370162
935602.79180498 1916239.55023644
935601.712530832 1916239.52512956
935600.947050815 1916239.50699653
935495.956664909 1915779.21406306
935496.776521831 1915781.16247022
935497.5963629 1915783.11187683
935498.58383244 1915785.39683933
935499.585007655 1915787.63703278
935500.585183412 1915789.8772104
935501.422296031 1915791.61995375
935502.258409199 1915793.36268127
935503.549796033 1915795.96236706
935504.841167008 1915798.56305232
935506.132553812 1915801.16273816
935507.288926694 1915803.3244164
935508.446314851 1915805.48511105
935509.602687711 1915807.64678933
935510.929877465 1915810.13207772
935511.892761642 1915811.88681178
935512.665061805 1915813.30362667
935513.437346123 1915814.72144102
935514.536240872 1915816.78823684
935514.942983918 1915817.55345355
935515.670911053 1915818.93157666
935516.034549847 1915819.64112683
935516.543541397 1915820.57791266
935517.048010993 1915821.48463592
935517.534745426 1915822.43806378
935518.392572822 1915824.00918795
935519.384046157 1915825.85234854
935520.229436613 1915827.45126707
935520.75032643 1915828.3942397
935521.265601165 1915829.37611148
935522.166391568 1915831.07487811
935522.765321409 1915832.20303187
935523.185660594 1915832.99345655
935523.897056546 1915834.3423265
935524.434208161 1915835.33154295
935524.988272495 1915836.38900682
935525.206557148 1915836.8083405
935525.895979771 1915838.09288162
935526.500985476 1915839.21613324
935527.284423399 1915840.68710842
935527.715392089 1915841.50069462
935528.432228829 1915842.82165937
935529.026446582 1915843.93174395
935529.603022853 1915845.01955559
935530.331314279 1915846.37469159
935531.490305057 1915848.56040439
935532.459234645 1915850.3752163
935533.074980734 1915851.51463335
935534.222691056 1915853.65518105
935535.30871958 1915855.71377564
935535.875220795 1915856.74344524
935536.361780883 1915857.70786711
935536.933184266 1915858.74361261
935537.544297487 1915859.85996325
935538.030746669 1915860.83138125
935539.045302144 1915862.66890978
935539.923200238 1915864.36131557
935540.416580795 1915865.27386138
935540.863985512 1915866.12269755
935541.771231879 1915867.79257555
935542.66704075 1915869.49026376
935543.260703943 1915870.63532903
935544.157701 1915872.25805887
935544.4814556 1915872.89799793
935544.795230231 1915873.47379823
935545.35546541 1915874.5203634
935546.161335963 1915876.02668372
935546.492831275 1915876.61975976
935547.287248488 1915878.15488973
935547.809216855 1915879.09288115
935548.168587088 1915879.75637779
935548.660508732 1915880.69789172
935549.226740564 1915881.74455197
935549.482307011 1915882.20846333
935550.57521926 1915884.21118426
935551.308476107 1915885.56839855
935551.886368575 1915886.63623729
935552.587578443 1915887.93396153
935553.223249965 1915889.07769338
935559.974493455 1915912.39365872
935559.353735818 1915911.31814255
935558.808415908 1915910.40277389
935557.996547865 1915909.59014754
935557.487790491 1915909.20619717
935556.893780625 1915908.90287051
935590.175678187 1916239.23227383
935588.151548088 1916239.21618124
935588.106331562 1916241.37480865
935596.862466608 1916746.17238302
935597.237874197 1916746.01338491
935599.389550063 1916745.04680195
935601.835423757 1916743.87294761
935603.608755917 1916742.99833652
935603.803296786 1916742.89745239
935605.133846542 1916742.20676334
935606.465395746 1916741.51609013
935607.751589625 1916740.84869056
935610.24251409 1916739.48160927
935610.470575402 1916739.34726689
935613.04808363 1916737.81560867
935613.163240496 1916737.74045775
935613.266277256 1916737.67311226
935615.671515275 1916736.09873494
935617.645061031 1916734.76543819
935619.388466174 1916733.50846845
935621.027215963 1916732.2948258
935622.366533021 1916731.303367
935624.181530245 1916729.88158262
935626.083714532 1916728.32022329
935627.207547534 1916727.30035571
935629.103240393 1916725.58094137
935629.31622962 1916725.38837761
935629.428815979 1916725.28619413
935629.449121793 1916725.26652213
935514.566403221 1915808.26330664
935515.937905382 1915810.91724642
935516.196899359 1915811.41720105
935516.931472734 1915812.75444195
935517.667045548 1915814.09169871
935519.085996859 1915816.71639979
935519.31811534 1915817.1459497
935520.71174782 1915819.79124308
935521.575462381 1915821.43243931
935522.282273059 1915822.75524444
935522.989083732 1915824.07804959
935523.694879115 1915825.40183834
935524.401689783 1915826.7246435
935525.107485158 1915828.04843226
935525.814295816 1915829.37123743
935526.52110647 1915830.6940426
935527.226901831 1915832.01783138
935527.933712478 1915833.34063657
935528.639507835 1915834.66442537
935529.346318473 1915835.98723057
935530.05211382 1915837.31101937
935530.75892445 1915838.63382459
935531.465735078 1915839.9566298
935532.17153041 1915841.28041863
935532.878341031 1915842.60322386
935533.584136358 1915843.9270127
935534.290946968 1915845.24981794
935534.996742288 1915846.57360679
935535.70355289 1915847.89641205
935536.410363491 1915849.21921731
935537.116158796 1915850.54300618
935537.822969387 1915851.86581145
935538.528764689 1915853.18960033
935539.235575271 1915854.51240562
935539.941386404 1915855.83519507
935540.648181138 1915857.15899981
935541.354991709 1915858.48180512
935542.060786988 1915859.80559403
935542.767597552 1915861.12839935
935543.473392824 1915862.45218828
935544.180203379 1915863.77499361
935544.886014484 1915865.0977831
935545.592809191 1915866.42158789
935546.299619735 1915867.74439324
935547.005414987 1915869.06818219
935547.712225522 1915870.39098756
935548.418020766 1915871.71477652
935549.124831294 1915873.0375819
935549.830642372 1915874.36037144
935550.559758896 1915875.72651734
935585.083457168 1916218.9746768
935585.058986692 1916220.13993486
935585.035116985 1916221.20423311
935585.166349569 1916215.19613884
935585.114459128 1916217.58658999
935585.098323754 1916218.28912076
935585.083457168 1916218.9746768
935604.756250162 1916236.26838398
935604.017707628 1916236.25367708
935602.625575418 1916236.22560999
935601.303388539 1916236.19965142
935600.980599403 1916236.19253499
935550.559758896 1915875.72651734
935551.698855698 1915877.90591687
935552.987066717 1915880.39058806
935553.930231055 1915882.12801517
935555.096675866 1915884.22187438
935555.934573451 1915885.59974164
935556.682468011 1915886.72725786
935557.007899203 1915887.135294
935532.95684473 1915813.05444948
935532.246778586 1915813.7659744
935531.566571799 1915814.6119319
935530.687930019 1915815.93059933
935530.126112307 1915817.2542888
935529.773116607 1915818.64826799
935529.570011455 1915820.29854596
935529.525110626 1915822.2482414
935529.876881307 1915824.33718418
935530.410682585 1915825.91616824
935530.790077607 1915826.76692538
935531.64075322 1915828.47389494
935533.077916283 1915831.08488914
935533.181894362 1915831.2734805
935534.585537076 1915833.91793306
935534.905848453 1915834.52282811
935536.307666528 1915837.15625511
935537.709468742 1915839.79068159
935539.111270942 1915842.42510809
935540.513088969 1915845.05853517
935540.665470885 1915845.34686373
935542.077362557 1915847.97545204
935543.488238927 1915850.60502398
935544.899115281 1915853.23459594
935546.30999162 1915855.86416792
935546.447857126 1915856.1222755
935547.845550553 1915858.7636349
935549.243259803 1915861.40399488
935550.640969039 1915864.04435488
935551.347589494 1915865.37915359
935551.835134547 1915866.4075717
935552.09186706 1915867.23938974
935552.178498848 1915868.5853544
935552.284028737 1915871.57711861
935552.341746772 1915873.23353048
935552.49637617 1915876.21807542
935552.596521266 1915878.16207264
935552.659092075 1915879.00780779
935552.987066717 1915880.39058806
935544.145427794 1915882.80765835
935543.430160964 1915881.45072925
935542.715893574 1915880.09381601
935541.305175885 1915877.45424949
935539.893458737 1915874.81466715
935538.48275686 1915872.17410123
935537.072039123 1915869.53453479
935535.660321926 1915866.89495252
935534.24960416 1915864.25538612
935533.503004577 1915862.85697291
935532.100123921 1915860.22752774
935530.698258536 1915857.597099
935529.295377847 1915854.96765388
935527.893512432 1915852.33722518
935526.491631155 1915849.70779595
935525.088766265 1915847.07735146
935523.686884959 1915844.44792228
935522.284020036 1915841.81747784
935521.231641274 1915839.84339126
935519.816846354 1915837.20875897
935518.401067814 1915834.57311142
935516.98528926 1915831.93746389
935515.569510688 1915829.30181639
935514.153732103 1915826.66616891
935512.737953501 1915824.03052146
935512.229104552 1915823.08474064
935548.904831442 1915891.64643878
935547.9938092 1915889.96250506
935546.568036523 1915887.32669859
935545.143247433 1915884.69190743
935545.120878059 1915884.65256469
935544.145427794 1915882.80765835
935573.617536672 1915929.53577997
935573.11571439 1915928.5251299
935572.619620802 1915927.59454635
935572.119624486 1915926.65790275
935571.377911414 1915925.26656454
935571.04102152 1915924.63541442
935570.802192201 1915924.18776345
935570.466270066 1915923.55862806
935570.063382402 1915922.80246945
935569.888647017 1915922.47379862
935569.485727664 1915921.7196389
935569.413875812 1915921.58554033
935569.413891654 1915921.58454088
935568.940119893 1915920.69629843
935568.904186044 1915920.62974887
935568.360529629 1915919.60943842
935568.160537435 1915919.23438122
935567.777068327 1915918.51451949
935567.577060289 1915918.14046173
935566.836299107 1915916.75213773
935566.247015396 1915915.64612986
935565.72274585 1915914.6641152
935565.199491589 1915913.68111695
935565.130543013 1915913.55306258
935564.609208425 1915912.57509324
935563.783982808 1915911.02847807
935563.782063132 1915911.02344916
935563.521863875 1915910.53647131
935570.186372331 1915931.44079531
935568.97271217 1915929.17224021
935567.558076206 1915926.52761263
935566.143424384 1915923.88398452
935564.72878839 1915921.23935699
935563.314136538 1915918.59572893
935561.900484116 1915915.95211674
935561.192674294 1915914.62929536
935560.485848073 1915913.30748928
935560.442140464 1915913.22682075
935559.974493455 1915912.39365872
935548.545254758 1915959.80102713
935549.943351428 1915959.07441684
935552.320559515 1915957.81749297
935554.44519586 1915956.66453258
935557.081081952 1915955.23376321
935559.306979134 1915954.06241402
935560.785030106 1915953.27409023
935562.853889023 1915952.17123012
935563.044495185 1915952.06628435
935564.533063433 1915951.24513727
935550.33216726 1915962.79945022
935552.074005663 1915961.89334503
935553.182060001 1915961.30109486
935554.502945936 1915960.58925578
935555.82281659 1915959.87840031
935556.603247083 1915959.45790297
935559.231931133 1915958.04001551
935561.861630488 1915956.62114441
935564.489394341 1915955.19824382
935566.223775898 1915954.25803067
935568.184076904 1915953.19243788
935566.223775898 1915954.25803067
935564.489394341 1915955.19824382
935561.861630488 1915956.62114441
935559.231931133 1915958.04001551
935556.603247083 1915959.45790297
935555.82281659 1915959.87840031
935554.502945936 1915960.58925578
935553.182060001 1915961.30109486
935552.074005663 1915961.89334503
935552.074005663 1915961.89334503
935550.33216726 1915962.79945022
935532.877290636 1915958.20707239
935531.887547605 1915956.38093353
935531.339766854 1915955.36855533
935530.464631323 1915953.7541694
935529.742067708 1915952.41611875
935528.324196156 1915949.78643554
935526.905309302 1915947.15773596
935525.486438275 1915944.52803695
935524.892506063 1915943.39996217
935524.193754827 1915942.07328569
935523.495019429 1915940.74560977
935522.599637417 1915938.95795556
935521.591115873 1915936.61367656
935520.94747769 1915934.58508736
935520.641270668 1915933.27962882
935520.535781861 1915932.17729121
935520.474192113 1915931.20660967
935520.542872008 1915929.90109551
935520.641522104 1915928.72301783
935520.836055542 1915927.55045884
935521.043904018 1915926.61004043
935521.313209759 1915925.63960562
935521.755701957 1915924.52795984
935522.34942855 1915923.4616983
935523.267541611 1915922.17564715
935524.435500079 1915920.89455614
935525.758486126 1915919.73488639
935527.345531616 1915918.56640633
935528.73407453 1915917.68569126
935530.57950236 1915916.61427868
935532.531553958 1915915.56455016
935535.164172003 1915914.15072359
935537.795806459 1915912.7358817
935540.427425088 1915911.32203923
935543.059059575 1915909.9071973
935545.691677681 1915908.49337063
935548.3233122 1915907.07852864
935549.587769618 1915906.39478607
935551.891843711 1915905.14769917
935552.224591496 1915904.96802992
935552.224591496 1915904.96802992
935551.891843711 1915905.14769917
935549.587769618 1915906.39478607
935548.3233122 1915907.07852864
935545.691677681 1915908.49337063
935543.059059575 1915909.9071973
935540.427425088 1915911.32203923
935537.795806459 1915912.7358817
935535.164172003 1915914.15072359
935532.531553958 1915915.56455016
935530.57950236 1915916.61427868
935528.73407453 1915917.68569126
935527.345531616 1915918.56640633
935525.758486126 1915919.73488639
935524.435500079 1915920.89455614
935523.267541611 1915922.17564715
935522.34942855 1915923.4616983
935521.755701957 1915924.52795984
935521.313209759 1915925.63960562
935521.043904018 1915926.61004043
935520.836055542 1915927.55045884
935520.641522104 1915928.72301783
935520.542872008 1915929.90109551
935520.474192113 1915931.20660967
935520.535781861 1915932.17729121
935520.641270668 1915933.27962882
935520.94747769 1915934.58508736
935521.591115873 1915936.61367656
935522.599637417 1915938.95795556
935523.495019429 1915940.74560977
935524.892506063 1915943.39996217
935525.486438275 1915944.52803695
935526.905309302 1915947.15773596
935528.324196156 1915949.78643554
935529.742067708 1915952.41611875
935530.464631323 1915953.7541694
935531.339766854 1915955.36855533
935554.239550002 1915908.58987924
935553.769051703 1915908.69338741
935552.736298979 1915909.01291465
935552.030157497 1915909.28763435
935551.312119084 1915909.61914816
935550.04978593 1915910.23194596
935549.537663543 1915910.5017436
935546.885294134 1915911.90026174
935544.232924743 1915913.29877986
935541.579555921 1915914.69728211
935540.15212695 1915915.44542092
935537.495854875 1915916.83787894
935534.840582261 1915918.23035277
935532.184310219 1915919.62281073
935530.632810214 1915920.50394177
935529.487049155 1915921.2045612
935528.428035214 1915921.98253262
935527.619451517 1915922.66550383
935526.821864416 1915923.47461106
935526.200938741 1915924.17555237
935525.744777559 1915924.82512187
935525.233475331 1915925.61077566
935524.773193673 1915926.45721998
935524.363331912 1915927.46541461
935524.059239746 1915928.61224422
935523.915042935 1915929.76260813
935523.882542273 1915930.74079546
935523.950871957 1915931.60161728
935524.03695131 1915932.35175419
935524.30560449 1915933.50366394
935524.730555358 1915934.82300113
935525.09808617 1915935.79153448
935525.480132023 1915936.72730794
935525.888669065 1915937.5685302
935526.368804459 1915938.55984213
935526.839278098 1915939.5300073
935527.024627109 1915939.88283903
935528.423129053 1915942.53620785
935529.820631539 1915945.18956085
935531.21814985 1915947.84191443
935531.823996183 1915948.97517659
935533.238631781 1915951.61980397
935534.414642731 1915953.74080677
935534.414642731 1915953.74080677
935535.599730579 1915955.9829167
935599.734720833 1915978.21512069
935598.87606881 1915976.63298591
935598.017400938 1915975.05185059
935597.882438785 1915974.79978711
935596.467803071 1915972.15515906
935596.442546271 1915972.10877266
935595.027910542 1915969.46414464
935594.179316314 1915967.87817056
935593.224412469 1915966.12456171
935592.28213702 1915964.39414606
935591.283143988 1915962.52087447
935596.219206412 1915980.14379098
935594.958808878 1915977.79651829
935593.698427172 1915975.44824618
935592.438029616 1915973.10097354
935591.177647886 1915970.75270147
935590.436649238 1915969.37936891
935589.69465114 1915968.00602052
935588.531203754 1915965.84922738
935587.738723728 1915964.38110732
935600.572100291 1915935.98422395
935598.602281319 1915937.08265608
935616.182267267 1915927.60229045
935614.878609359 1915928.29940746
935613.348016699 1915929.12288773
935612.237884106 1915929.72010368
935610.46745897 1915930.66374456
935607.820911344 1915932.07335177
935605.174347889 1915933.48395841
935602.52778445 1915934.89456502
935600.572100291 1915935.98422395
935596.968472161 1915934.01168239
935598.058695017 1915933.40915241
935599.412038611 1915932.66783672
935600.765366363 1915931.92752047
935602.101117366 1915931.22391436
935603.436852533 1915930.52130769
935604.811136963 1915929.78332301
935606.184421953 1915929.04532248
935607.620353794 1915928.26532805
935609.055286197 1915927.48531777
935611.676071382 1915926.12428726
935634.242285152 1915935.70619688
935633.618923826 1915934.54266584
935632.712057762 1915932.84880044
935635.925631582 1915931.04830277
935636.918420979 1915932.87149135
935638.047712027 1915934.97575905
935639.463458604 1915937.613407
935640.878205719 1915940.25103913
935642.292952821 1915942.88867129
935643.373586504 1915944.90919294
935644.081396394 1915946.23201474
935644.788206835 1915947.55482071
935645.496016715 1915948.87764252
935646.203826593 1915950.20046434
935647.191614949 1915952.59140141
935647.010369475 1915952.73648346
935647.416627963 1915953.84758802
935647.869263728 1915955.24933974
935648.154660749 1915956.73241496
935648.345806188 1915958.10702861
935648.477143326 1915959.47069723
935648.47706842 1915960.42140746
935648.453038507 1915961.36973858
935648.411918932 1915962.13485433
935648.29711375 1915963.07074984
935648.081303894 1915964.13500481
935647.780604543 1915965.19391534
935647.362036687 1915966.37292044
935646.868144689 1915967.51074366
935646.323468407 1915968.50980373
935645.767668795 1915969.39072329
935645.273800428 1915970.14866218
935644.593133509 1915971.02360358
935643.89257274 1915971.89223144
935643.112531623 1915972.72960851
935642.42010498 1915973.40042539
935641.654829723 1915974.06308962
935640.884635113 1915974.6576965
935640.100256813 1915975.20109402
935638.967584409 1915975.9589037
935637.746595084 1915976.67532554
935636.288073142 1915977.49295021
935633.638621789 1915978.89651295
935633.38657412 1915979.03047567
935630.733251747 1915980.42597945
935630.656628496 1915980.46675209
935628.015918696 1915981.88644849
935627.147775782 1915982.35354091
935624.498308642 1915983.75810301
935622.211778744 1915984.97047838
935618.617207704 1915982.9311
935620.54684454 1915981.90800806
935621.120535308 1915981.60119798
935621.321183497 1915981.4934123
935623.960957163 1915980.06970231
935626.599715555 1915978.64697589
935629.239489254 1915977.22326585
935631.87826352 1915975.79953994
935634.518021406 1915974.37682929
935634.584586833 1915974.339896
935636.267759486 1915973.41386641
935637.13169733 1915972.89672247
935637.899181444 1915972.41003985
935638.563580098 1915971.93072042
935639.319783802 1915971.39887264
935640.046986406 1915970.80458395
935640.797824475 1915970.10670149
935641.549025588 1915969.32285087
935642.261422604 1915968.52738848
935642.898034696 1915967.65674722
935643.503455341 1915966.67264581
935643.918222237 1915965.79648853
935644.384603696 1915964.56525745
935644.726223374 1915963.0691285
935644.911390903 1915961.60450919
935644.95297099 1915960.11662015
935644.860733594 1915958.49365024
935644.747659833 1915957.30221895
935644.451970038 1915955.96393658
935644.018593072 1915954.54549532
935643.575529384 1915953.42281069
935642.980341345 1915952.18474893
935642.193696661 1915950.60075636
935640.785088883 1915947.95422421
935639.376496935 1915945.30669265
935637.966889682 1915942.66014471
935637.867893021 1915942.4726319
935636.451242103 1915939.82897143
935635.034575327 1915937.18631042
935634.242285152 1915935.70619688
935610.831334834 1916004.3251463
935609.440433844 1916001.75987025
935610.394095361 1916010.78125272
935608.955124663 1916008.15823195
935607.743496814 1916005.95068994
935607.743496814 1916005.95068994
935606.496699585 1916003.81756768
935632.07515304 1916056.77807814
935630.989633761 1916053.99371055
935630.253812135 1916052.10461627
935629.096746003 1916049.35610333
935627.94069514 1916046.6066068
935627.605420106 1916045.81053211
935626.387975286 1916043.0870542
935625.170514603 1916040.36457576
935624.808476337 1916039.55408108
935624.167184796 1916038.1973242
935623.526892697 1916036.84058316
935622.886600592 1916035.48384213
935622.245309038 1916034.12708527
935621.49377216 1916032.53565153
935620.163755647 1916029.85037712
935618.833754961 1916027.16410328
935617.514415447 1916024.4989921
935616.833828626 1916023.16160631
935616.154241251 1916021.82423637
935615.474638024 1916020.48786587
935614.794051192 1916019.1504801
935613.596745671 1916016.79620966
935612.195896517 1916014.16479586
935610.794063745 1916011.5323668
935610.394095361 1916010.78125272
935644.504419926 1916100.41592107
935644.463862685 1916098.49686045
935644.385947087 1916095.90741093
935644.296410469 1916092.91589917
935644.27216239 1916092.55362464
935644.069387385 1916089.57931206
935643.808661678 1916086.66606203
935643.528908174 1916084.19637564
935643.269268961 1916082.41279995
935642.759034341 1916079.66254403
935642.123820176 1916076.85032514
935641.429625504 1916074.16413277
935640.773242058 1916071.80444086
935640.125553905 1916069.52686192
935639.667269231 1916068.04004629
935639.32924411 1916066.97600927
935638.875053586 1916065.54624126
935638.420878901 1916064.1154738
935637.948747202 1916062.74540318
935636.973990793 1916059.91080711
935636.515758899 1916058.67291679
935635.99420942 1916057.26707344
935635.472675782 1916055.86023065
935635.034118564 1916054.76860791
935634.474352498 1916053.37715422
935633.914586426 1916051.98570053
935633.458435262 1916050.86880649
935632.890626088 1916049.4802244
935632.323816356 1916048.09165816
935632.035581276 1916047.4182921
935630.85863709 1916044.66246618
935629.735062221 1916042.00845563
935629.484761179 1916041.46465176
935628.235191471 1916038.74966188
935628.001183898 1916038.25010294
935626.731435145 1916035.54678958
935625.799483152 1916033.6066009
935625.15111625 1916032.25473035
935624.501765743 1916030.90184452
935623.852399385 1916029.54995814
935623.203033026 1916028.19807176
935622.13570695 1916026.03180518
935621.472253285 1916024.68569369
935620.808783775 1916023.34058165
935620.145330099 1916021.99447017
935619.481876422 1916020.6483587
935618.270420228 1916018.30386087
935617.581758601 1916016.97134557
935616.893096971 1916015.63883027
935616.204435336 1916014.30631499
935615.514758408 1916012.97478331
935615.191369742 1916012.37483761
935613.774386831 1916009.75216534
935612.357403903 1916007.1294931
935612.295229667 1916007.01554182
935611.562782528 1916005.67033614
935610.831334834 1916004.3251463
935641.028891425 1916100.51577946
935641.008016813 1916098.36410158
935640.932728577 1916095.48278235
935640.829453161 1916093.23182798
935640.774178747 1916092.30423307
935640.686957761 1916090.8063047
935640.598721477 1916089.30935993
935640.560083759 1916088.90886883
935640.270214383 1916085.94217293
935640.00729697 1916083.67169307
935639.691540953 1916081.64430158
935639.396767982 1916080.12208946
935638.993855548 1916078.1692933
935638.613907897 1916076.65972675
935638.233960237 1916075.15016021
935637.598206044 1916073.06571189
935636.726788691 1916070.2077615
935636.252435003 1916068.78867053
935635.304790429 1916065.94650666
935634.356146388 1916063.10432696
935634.097608199 1916062.38644529
935633.086380632 1916059.58226171
935632.07515304 1916056.77807814
935630.115301687 1916111.98724067
935630.939716055 1916111.94532613
935631.450987157 1916111.91844151
935632.824792832 1916111.77826849
935633.949736615 1916111.63415046
935635.316715215 1916111.23094903
935636.148929791 1916110.94923096
935636.760441214 1916110.65301761
935637.383372996 1916110.2670126
935637.973527735 1916109.80451107
935638.571498509 1916109.10120658
935639.147703292 1916108.38356129
935639.614902526 1916107.54222504
935640.030972921 1916106.77305614
935640.471259779 1916105.61139037
935640.761600762 1916104.5753088
935640.949542794 1916103.75553782
935640.982543042 1916103.12425273
935641.033583614 1916101.10267571
935641.028891425 1916100.51577946
935622.211778744 1915984.97047838
935621.848841516 1915985.16266508
935621.254019806 1915985.47813746
935618.601617733 1915986.87865419
935617.626757329 1915987.39304005
935616.539486439 1915988.06159665
935615.973127166 1915988.47349105
935615.184563681 1915989.15478025
935615.175426086 1915989.16363268
935614.796612651 1915989.53751246
935614.505463889 1915989.86779554
935614.2065282 1915990.31092089
935613.977157609 1915990.78014137
935613.800884359 1915991.24220597
935613.736580671 1915991.7040461
935613.655908298 1915992.31558122
935613.715349717 1915992.98032191
935613.886096628 1915993.74979573
935614.125484394 1915994.35140893
935614.508354025 1915995.23521158
935614.952508011 1915996.16297265
935615.891010046 1915998.00529472
935616.041693985 1915998.27460228
935626.475088659 1916017.66315425
935627.106164039 1916019.0337449
935627.737239413 1916020.40433556
935628.74529725 1916022.58865687
935629.958723317 1916025.06114718
935631.262738495 1916027.74700918
935632.566737811 1916030.43387065
935632.579286995 1916030.46206108
935633.852842153 1916033.11445029
935635.111486159 1916035.82458556
935636.035681578 1916037.81263678
935637.228997209 1916040.54472952
935637.304276453 1916040.71487155
935638.48831188 1916043.46481175
935639.139204455 1916044.97267508
935639.950268404 1916046.78198671
935641.03675554 1916049.56836909
935642.057037637 1916052.17975481
935643.088238372 1916054.98525476
935643.295230544 1916055.54936576
935643.826837867 1916056.95136979
935644.358429346 1916058.35437327
935644.808490093 1916059.54014987
935645.299422487 1916060.98549579
935645.790370715 1916062.42984226
935646.666880456 1916065.28187525
935647.54239073 1916068.13389241
935647.59750678 1916068.31471149
935648.390682263 1916071.18941622
935649.183873567 1916074.06312151
935649.391884953 1916074.81519165
935649.751699812 1916076.27045548
935650.11251411 1916077.72573517
935650.307041558 1916078.50858216
935650.531471812 1916079.99069108
935650.756901503 1916081.47281585
935650.96338662 1916082.82567945
935651.145713399 1916084.31511852
935651.329039617 1916085.80457344
935651.470794459 1916086.95247283
935651.642269823 1916089.94628325
935651.685960195 1916090.72174068
935651.773356779 1916092.27165611
935651.861768645 1916093.82058794
935651.956476763 1916096.80118508
935652.052184297 1916099.78179807
935652.070932098 1916100.36491837
935618.053257424 1916001.9213916
935619.15632337 1916003.9772583
935620.259389305 1916006.03312501
935621.361471629 1916008.08797644
935622.464537547 1916010.14384318
935623.872129412 1916012.79135907
935624.028445622 1916013.08374895
935624.824972159 1916014.61191525
935625.621514533 1916016.13908211
935626.475088659 1916017.66315425
935626.475088659 1916017.66315425
935626.899076753 1916018.47563062
935628.271559907 1916021.06760674
935629.656321565 1916023.64178299
935630.977386708 1916026.13497383
935630.99099871 1916026.15918232
935631.701854086 1916027.47905346
935632.413708905 1916028.79894045
935633.690447217 1916031.18746023
935635.016699662 1916033.66873701
935636.309159739 1916036.07450089
935637.713085047 1916038.6379844
935637.732519446 1916038.67328185
935639.152199544 1916041.31499146
935640.536374887 1916043.92614737
935641.710166265 1916046.12409272
935641.710166265 1916046.12409272
935641.93735067 1916046.54956598
935643.295698834 1916049.15031557
935644.554433823 1916051.6655116
935645.294053886 1916053.12579635
935646.033673943 1916054.58608111
935646.617232627 1916055.80096573
935647.076460024 1916056.84992922
935647.076460024 1916056.84992922
935647.914181538 1916058.93258067
935648.971431184 1916061.73449484
935649.980164794 1916064.38068699
935650.246668189 1916065.16367524
935651.209352033 1916068.00307856
935651.788626397 1916069.92967927
935652.473011518 1916072.35179633
935652.961831424 1916074.43491524
935653.495541857 1916077.02859102
935654.000204977 1916079.62580513
935654.063019519 1916080.01468315
935654.537928966 1916082.97531518
935654.832864293 1916085.43324595
935655.129822238 1916088.26809441
935655.29734607 1916090.43909193
935655.46800418 1916093.04300776
935655.473944061 1916093.36200513
935655.524375561 1916096.36089467
935655.524754424 1916097.03069739
935655.527212508 1916100.02882645
935655.521349154 1916100.33564036
935613.030495038 1915999.85837393
935613.799764586 1916001.27714115
935614.568034683 1916002.69589253
935615.585288233 1916004.6154399
935616.991071341 1916007.25093067
935618.377404188 1916009.85212347
935619.062052223 1916011.18557483
935619.747683856 1916012.52004148
935620.433315485 1916013.85450814
935621.117947664 1916015.18895896
935621.995623365 1916016.89535789
935623.232971434 1916019.30924524
935623.232971434 1916019.30924524
935623.363888254 1916019.56424373
935624.048520416 1916020.89869458
935624.733152574 1916022.23314543
935625.98124102 1916024.66319822
935627.29331512 1916027.34518915
935628.6053892 1916030.0271801
935629.064360511 1916030.96617281
935630.292831036 1916033.68782607
935631.521285697 1916036.4104788
935631.968455094 1916037.40026897
935632.584570402 1916038.76862315
935633.201700996 1916040.13599374
935633.818831583 1916041.50336433
935634.435962167 1916042.87073493
935635.353432079 1916044.90466559
935636.476025996 1916047.68362271
935637.59861989 1916050.46257985
935638.709648185 1916053.21436187
935639.746734668 1916056.02695297
935640.783821127 1916058.83954409
935641.322457561 1916060.30264103
935642.262312607 1916063.13168541
935643.201168183 1916065.96071395
935643.392946847 1916066.53857955
935644.25133978 1916069.39832291
935644.395682407 1916069.87846599
935645.180735559 1916072.76103951
935645.714543698 1916074.71791006
935646.468598155 1916077.6009919
935646.543007322 1916077.88908435
935646.822565508 1916079.36207018
935647.101108397 1916080.83603962
935647.256943959 1916081.6632596
935647.634365865 1916084.5303741
935647.91005291 1916087.50884161
935648.143912435 1916090.03578292
935648.297667085 1916093.01231755
935648.316743659 1916093.38550678
935648.423318379 1916096.37428957
935648.489685623 1916098.24177513
935648.542320685 1916100.40795229
935647.740054175 1916176.99898413
935647.627701995 1916179.98729555
935647.522183577 1916182.79676962
935647.457709658 1916185.7918382
935647.393235712 1916188.78690679
935647.328761736 1916191.78197537
935647.326702062 1916191.91190327
935647.261434576 1916194.89396322
935647.197166508 1916197.87603901
935647.132898411 1916200.85811481
935647.067630839 1916203.84017475
935647.031465189 1916205.61706196
935652.326813351 1916124.33170183
935652.673603228 1916127.30229931
935652.748352919 1916127.94728886
935652.903662764 1916129.43829909
935653.057957314 1916130.93029293
935653.212251858 1916132.42228676
935653.36754584 1916133.91429644
935653.568744238 1916135.8528985
935653.725053492 1916137.34392458
935653.882346342 1916138.83596596
935654.039655028 1916140.32700789
935654.195948415 1916141.81903342
935654.370552603 1916143.48029795
935654.695338653 1916146.45154636
935655.008700395 1916149.32364371
935655.146165123 1916151.68810592
935655.10385359 1916154.67252923
935655.088639683 1916156.19982446
935655.072426325 1916157.72710385
935651.401574862 1916168.44564155
935651.364133644 1916171.43813962
935651.34452838 1916173.1163194
935651.288208557 1916176.10152032
935651.276133138 1916176.73713593
935651.276133138 1916176.73713593
935651.232872309 1916179.08773653
935651.21252522 1916180.18208175
935651.156189484 1916183.1682821
935651.099837877 1916186.15548191
935651.044485683 1916189.14269756
935651.021158656 1916190.36195761
935650.990397068 1916191.86101486
935650.958636024 1916193.36005626
935650.926859132 1916194.8600971
935650.89609752 1916196.35915434
935650.864336455 1916197.85819574
935650.832559539 1916199.35823659
935650.800798461 1916200.85727799
935650.77003682 1916202.35633523
935650.738259882 1916203.85637607
935650.706498781 1916205.35541747
935650.694195025 1916205.69012078
935648.880898473 1916124.20309888
935649.112320425 1916127.00991664
935649.277624728 1916128.50108529
935649.44392847 1916129.99226978
935649.571817658 1916131.13195182
935649.881612142 1916134.10296252
935650.096947977 1916136.15875316
935650.419846107 1916139.12297371
935650.742760053 1916142.08619482
935650.790012469 1916142.51081524
935651.090859366 1916145.47868503
935651.392705679 1916148.44657067
935651.483419978 1916149.34573624
935651.576231943 1916151.18464986
935651.594934118 1916154.16704125
935651.597544185 1916154.56996036
935651.574002001 1916156.11811718
935651.550475654 1916157.66527455
935651.550475654 1916157.66527455
935651.516777744 1916159.85407589
935651.521423305 1916165.86732453
935651.461183929 1916168.02771363
935651.401574862 1916168.44564155
935651.401574862 1916168.44564155
935651.282840081 1916168.87262917
935651.05456759 1916169.52481147
935649.821895332 1916172.23944086
935649.733868816 1916172.43198657
935649.147159559 1916173.81226408
935648.560450298 1916175.19254159
935648.183534966 1916176.07729624
935647.740054175 1916176.99898413
935629.550460647 1916236.78939759
935627.432905269 1916236.73883401
935625.421417866 1916236.68195431
935623.299722143 1916236.64032237
935621.628760439 1916236.60683542
935619.786909437 1916236.56963974
935617.858106699 1916236.53106565
935615.738425763 1916236.48846595
935613.84460364 1916236.45044639
935611.99075934 1916236.41306058
935610.100919176 1916236.37610384
935608.16913401 1916236.33648278
935606.443202898 1916236.30212442
935604.822213551 1916236.26942967
935604.756250162 1916236.26838398
935629.249786967 1916244.59426041
935628.419053891 1916244.40414483
935627.372996439 1916244.23860731
935625.666148457 1916244.13557237
935623.427278687 1916244.04409742
935620.755427285 1916243.95975434
935619.700282357 1916243.92603269
935616.703738011 1916243.82854481
935615.076878686 1916243.78775938
935612.07895469 1916243.71424234
935609.20619904 1916243.6277141
935608.812354216 1916243.62546942
935605.813638089 1916243.60192464
935604.664118857 1916243.65667959
935631.105574618 1916115.67182487
935630.034185028 1916115.6538413
935628.196220855 1916115.62370584
935625.197916485 1916115.57417675
935622.199612144 1916115.52464766
935619.201291989 1916115.47611801
935616.202987708 1916115.42658892
935613.204683456 1916115.37705983
935610.206379235 1916115.32753074
935607.208059195 1916115.27900109
935607.154089151 1916115.27814555
935605.810945591 1916115.2498559
935604.439611605 1916115.23411543
935603.574679509 1916115.24639646
935602.689568394 1916115.27035398
935601.788133441 1916115.31504634
935600.712891388 1916115.41396618
935599.620961106 1916115.55660812
935597.406882162 1916115.98237015
935596.64562699 1916116.20223215
935595.76128293 1916116.49312075
935594.84995516 1916116.84656248
935593.746563561 1916117.39689885
935592.538265833 1916118.13251544
935591.545563097 1916118.88954423
935590.789394862 1916119.60833535
935590.037322087 1916120.44715496
935589.490291398 1916121.15326622
935588.820208747 1916122.18032877
935588.391430771 1916122.93130155
935587.981087733 1916123.71755593
935587.612436212 1916124.52246574
935587.243900827 1916125.57230301
935586.965634997 1916126.72953906
935586.769689378 1916127.92806793
935586.603032615 1916129.29700947
935586.511401535 1916130.85208417
935586.442814368 1916132.84539117
935586.351866995 1916135.24022166
935586.294342127 1916138.23839888
935586.235817788 1916141.23656026
935586.177293418 1916144.23472164
935586.146295706 1916145.81175113
935586.098765188 1916148.81008679
935586.079230138 1916150.04240274
935582.363021588 1916152.20781666
935582.46140713 1916151.23567204
935582.549926463 1916149.56158417
935582.587059545 1916147.78671208
935582.618820365 1916146.28767101
935582.650581176 1916144.78862995
935582.677623229 1916143.71338534
935582.754137608 1916140.71550919
935582.830651957 1916137.71763302
935582.876890879 1916135.9359074
935582.915647758 1916134.43697724
935582.954404627 1916132.93804708
935583.035741699 1916130.70801417
935583.184487815 1916128.5770201
935583.418572237 1916126.67530959
935583.70509642 1916125.18630527
935584.120090878 1916123.79130955
935584.647691239 1916122.48207338
935585.345655429 1916121.08356578
935585.824609002 1916120.19443061
935586.573534288 1916119.04965403
935587.346022417 1916118.12118539
935588.333974853 1916117.03318181
935589.406184332 1916116.0534814
935590.455044798 1916115.2223656
935591.432980273 1916114.57706872
935592.476991351 1916113.98880226
935593.887415969 1916113.30437523
935595.789028982 1916112.66172428
935597.686965026 1916112.18796373
935599.731299327 1916111.87547563
935601.609443169 1916111.70430933
935604.369273346 1916111.59910389
935606.325235293 1916111.62711106
935609.323650382 1916111.669644
935610.225023291 1916111.6919303
935613.222947274 1916111.76544604
935616.095242197 1916111.81797606
935617.594346804 1916111.84573892
935619.093467262 1916111.87250234
935622.091692353 1916111.92702862
935622.430472638 1916111.93439842
935625.428539329 1916111.99891916
935628.42660605 1916112.0634399
935629.106894316 1916112.0322367
935630.115301687 1916111.98724067
