955532.85904 1956948.17767 1
955532.85904 1956948.17767 1
955532.85904 1956948.17767 1
955532.85904 1956948.17767 1
955532.85904 1956948.17767 1
955532.848133 1956948.17968 1
955532.827919 1956948.19242 1
955532.829528 1956948.20115 1
955532.809314 1956948.21389 1
955532.801616 1956948.23335 1
955532.779792 1956948.23737 1
955532.772094 1956948.25682 1
955532.761187 1956948.25883 1
955532.75188 1956948.26957 1
955532.742582 1956948.2803 1
955532.731666 1956948.28231 1
955532.742582 1956948.2803 1
955532.731666 1956948.28231 1
955532.742582 1956948.2803 1
955532.742582 1956948.2803 1
955532.742582 1956948.2803 1
955532.731666 1956948.28231 1
955532.731666 1956948.28231 1
955532.731666 1956948.28231 1
955532.720759 1956948.28432 1
955532.722368 1956948.29304 1
955532.711452 1956948.29506 1
955532.713061 1956948.30378 1
955532.703763 1956948.31451 1
955532.683549 1956948.32725 1
955532.663335 1956948.34 1
955532.64472 1956948.36147 1
955532.615209 1956948.38494 1
955532.576389 1956948.41916 1
955532.53917 1956948.46209 1
955532.480136 1956948.50905 1
955532.43201 1956948.55399 1
955532.36207 1956948.60295 1
955532.304636 1956948.65863 1
955532.234696 1956948.7076 1
955532.167965 1956948.77401 1
955532.099624 1956948.8317 1
955532.029674 1956948.88067 1
955531.961343 1956948.93835 1
955531.893003 1956948.99604 1
955531.824662 1956949.05373 1
955531.767238 1956949.10941 1
955531.698897 1956949.1671 1
955531.628947 1956949.21606 1
955531.571523 1956949.27174 1
955531.501583 1956949.32071 1
955531.445759 1956949.38511 1
955531.377418 1956949.4428 1
955531.319994 1956949.49847 1
955531.250044 1956949.54744 1
955531.19262 1956949.60312 1
955531.125888 1956949.66953 1
955531.068464 1956949.72521 1
955531.000124 1956949.7829 1
955530.931783 1956949.84059 1
955530.874359 1956949.89626 1
955530.807627 1956949.96268 1
955530.739287 1956950.02036 1
955530.681863 1956950.07604 1
955530.626038 1956950.14044 1
955530.557697 1956950.19813 1
955530.500273 1956950.25381 1
955530.444449 1956950.31821 1
955530.387024 1956950.37389 1
955530.3312 1956950.43829 1
955530.284682 1956950.49196 1
955530.228867 1956950.55636 1
955530.173043 1956950.62076 1
955530.118837 1956950.69389 1
955530.053705 1956950.76902 1
955530.002707 1956950.8596 1
955529.929887 1956950.95419 1
955529.858676 1956951.0575 1
955529.79998 1956951.16753 1
955529.741284 1956951.27756 1
955529.674901 1956951.40704 1
955529.619414 1956951.53452 1
955529.563936 1956951.66199 1
955529.519366 1956951.78746 1
955529.476405 1956951.92164 1
955529.442751 1956952.0451 1
955529.39979 1956952.17929 1
955529.364517 1956952.29402 1
955529.321555 1956952.4282 1
955529.286292 1956952.54294 1
955529.263545 1956952.66438 1
955529.228282 1956952.77911 1
955529.205525 1956952.90055 1
955529.182778 1956953.022 1
955529.170948 1956953.14143 1
955529.168415 1956953.25013 1
955529.165872 1956953.35883 1
955529.141525 1956953.47155 1
955529.140592 1956953.58897 1
955529.125543 1956953.69096 1
955529.124619 1956953.80838 1
955529.10956 1956953.91037 1
955529.09773 1956954.0298 1
955529.095196 1956954.1385 1
955529.095872 1956954.26465 1
955529.09173 1956954.36463 1
955529.070592 1956954.49479 1
955529.078966 1956954.60148 1
955529.068734 1956954.72964 1
955529.066201 1956954.83834 1
955529.05597 1956954.9665 1
955529.053437 1956955.0752 1
955529.054123 1956955.20134 1
955529.064105 1956955.31675 1
955529.064781 1956955.4429 1
955529.067075 1956955.57777 1
955529.066142 1956955.69519 1
955529.068436 1956955.83006 1
955529.080028 1956955.9542 1
955529.071406 1956956.09108 1
955529.084598 1956956.22394 1
955529.085283 1956956.35008 1
955529.090786 1956956.5024 1
955529.102378 1956956.62653 1
955529.106272 1956956.77013 1
955529.119473 1956956.90299 1
955529.123367 1956957.04658 1
955529.147475 1956957.17743 1
955529.14976 1956957.3123 1
955529.16905 1956957.41698 1
955529.182251 1956957.54984 1
955529.185797 1956957.63036 1
955529.19579 1956957.74577 1
955529.208644 1956957.81556 1
955529.21507 1956957.85045 1
955529.221497 1956957.88534 1
955529.219898 1956957.87662 1
955529.221497 1956957.88534 1
955529.218289 1956957.86789 1
955529.221497 1956957.88534 1
955529.219898 1956957.87662 1
955529.219898 1956957.87662 1
955529.221497 1956957.88534 1
955529.210591 1956957.88735 1
955529.2122 1956957.89608 1
955529.2122 1956957.89608 1
955529.213809 1956957.9048 1
955529.213809 1956957.9048 1
955529.215408 1956957.91352 1
955529.218627 1956957.93097 1
955529.223454 1956957.95714 1
955529.217365 1956957.98532 1
955529.225401 1956958.02893 1
955529.235036 1956958.08127 1
955529.246291 1956958.14234 1
955529.246628 1956958.20541 1
955529.257883 1956958.26647 1
955529.269137 1956958.32754 1
955529.280382 1956958.3886 1
955529.277511 1956958.43422 1
