955529.622106 1956950.87561 1
955529.544457 1956950.94403 1
955529.454303 1956951.00574 1
955529.365748 1956951.07617 1
955529.266287 1956951.14861 1
955529.177732 1956951.21905 1
955529.090787 1956951.2982 1
955529.002242 1956951.36863 1
955528.904379 1956951.4498 1
955528.815825 1956951.52023 1
955528.72728 1956951.59066 1
955528.651241 1956951.66781 1
955528.573602 1956951.73623 1
955528.485048 1956951.80667 1
955528.407409 1956951.87509 1
955528.328152 1956951.93479 1
955528.261421 1956952.0012 1
955528.183783 1956952.06962 1
955528.106144 1956952.13804 1
955528.039413 1956952.20445 1
955527.961765 1956952.27288 1
955527.895043 1956952.33929 1
955527.819004 1956952.41643 1
955527.742965 1956952.49358 1
955527.665327 1956952.562 1
955527.590897 1956952.64787 1
955527.525775 1956952.723 1
955527.449746 1956952.80015 1
955527.373707 1956952.8773 1
955527.310194 1956952.96115 1
955527.255978 1956953.03428 1
955527.190856 1956953.10941 1
955527.13664 1956953.18254 1
955527.082425 1956953.25566 1
955527.039126 1956953.32678 1
955526.995827 1956953.39789 1
955526.952518 1956953.46901 1
955526.920125 1956953.53811 1
955526.876826 1956953.60922 1
955526.844434 1956953.67833 1
955526.804344 1956953.76689 1
955526.764263 1956953.85545 1
955526.725782 1956953.95273 1
955526.688909 1956954.05874 1
955526.652027 1956954.16475 1
955526.618373 1956954.2882 1
955526.594017 1956954.40092 1
955526.558754 1956954.51565 1
955526.537606 1956954.64582 1
955526.51326 1956954.75854 1
955526.492112 1956954.88871 1
955526.489579 1956954.99741 1
955526.466832 1956955.11885 1
955526.453392 1956955.22956 1
955526.452458 1956955.34699 1
955526.439019 1956955.45769 1
955526.425569 1956955.56841 1
955526.433953 1956955.67509 1
955526.420503 1956955.7858 1
955526.41797 1956955.8945 1
955526.415437 1956956.0032 1
955526.422202 1956956.10117 1
955526.432184 1956956.21658 1
955526.429651 1956956.32528 1
955526.438035 1956956.43197 1
955526.448018 1956956.54738 1
955526.456392 1956956.65407 1
955526.477291 1956956.76748 1
955526.487274 1956956.88289 1
955526.497257 1956956.9983 1
955526.519756 1956957.12043 1
955526.529739 1956957.23584 1
955526.539721 1956957.35125 1
955526.56383 1956957.4821 1
955526.573822 1956957.59751 1
955526.599539 1956957.73709 1
955526.611122 1956957.86122 1
955526.624323 1956957.99408 1
955526.648431 1956958.12493 1
955526.661632 1956958.25779 1
955526.698256 1956958.39535 1
955526.713066 1956958.53693 1
955526.727867 1956958.67852 1
955526.751985 1956958.80936 1
955526.757478 1956958.96168 1
955526.781595 1956959.09253 1
955526.798005 1956959.24284 1
955526.811206 1956959.37569 1
955526.824398 1956959.50855 1
955526.827954 1956959.58907 1
955526.832781 1956959.61524 1
955526.831172 1956959.60652 1
955526.835652 1956959.56962 1
955526.829563 1956959.5978 1
955526.835652 1956959.56962 1
955526.829563 1956959.5978 1
955526.83887 1956959.58706 1
955526.829563 1956959.5978 1
955526.842079 1956959.60451 1
955526.831172 1956959.60652 1
955526.839208 1956959.65014 1
955526.842427 1956959.66758 1
955526.844374 1956959.73938 1
955526.854009 1956959.79172 1
955526.868481 1956959.87023 1
955526.878127 1956959.92257 1
955526.881673 1956960.00309 1
955526.892927 1956960.06415 1
955526.894874 1956960.13595 1
955526.906128 1956960.19701 1
955526.906466 1956960.26008 1
