955530.633985 1956949.87742 1
955530.633985 1956949.87742 1
955530.633985 1956949.87742 1
955530.644891 1956949.87541 1
955530.644891 1956949.87541 1
955530.644891 1956949.87541 1
955530.644891 1956949.87541 1
955530.644891 1956949.87541 1
955530.644891 1956949.87541 1
955530.644891 1956949.87541 1
955530.633985 1956949.87742 1
955530.624677 1956949.88815 1
955530.61377 1956949.89016 1
955530.604463 1956949.9009 1
955530.585858 1956949.92236 1
955530.556336 1956949.94584 1
955530.515908 1956949.97133 1
955530.466182 1956950.00755 1
955530.428963 1956950.05048 1
955530.369929 1956950.09744 1
955530.299989 1956950.1464 1
955530.240946 1956950.19336 1
955530.171006 1956950.24232 1
955530.102666 1956950.30001 1
955530.034325 1956950.3577 1
955529.964385 1956950.40667 1
955529.896044 1956950.46436 1
955529.826095 1956950.51332 1
955529.746847 1956950.57302 1
955529.678506 1956950.63071 1
955529.599259 1956950.69041 1
955529.518403 1956950.74138 1
955529.451671 1956950.8078 1
955529.372424 1956950.86749 1
955529.291567 1956950.91847 1
955529.213929 1956950.98689 1
955529.134682 1956951.04659 1
955529.053825 1956951.09757 1
955528.963661 1956951.15928 1
955528.884414 1956951.21897 1
955528.805166 1956951.27867 1
955528.716611 1956951.34911 1
955528.637364 1956951.4088 1
955528.5472 1956951.47051 1
955528.467953 1956951.53021 1
955528.379398 1956951.60065 1
955528.30015 1956951.66034 1
955528.211596 1956951.73078 1
955528.132348 1956951.79048 1
955528.042194 1956951.85218 1
955527.962947 1956951.91188 1
955527.885299 1956951.98031 1
955527.806051 1956952.04 1
955527.726804 1956952.0997 1
955527.649156 1956952.16813 1
955527.559002 1956952.22983 1
955527.470447 1956952.30027 1
955527.392809 1956952.36869 1
955527.304254 1956952.43912 1
955527.215699 1956952.50955 1
955527.127144 1956952.57999 1
955527.038599 1956952.65042 1
955526.960951 1956952.71884 1
955526.86149 1956952.79128 1
955526.783851 1956952.85971 1
955526.706203 1956952.92813 1
955526.617658 1956952.99856 1
955526.530713 1956953.07772 1
955526.442158 1956953.14815 1
955526.36452 1956953.21657 1
955526.275965 1956953.287 1
955526.189019 1956953.36616 1
955526.100464 1956953.43659 1
955526.013519 1956953.51575 1
955525.924964 1956953.58618 1
955525.838028 1956953.66533 1
955525.751083 1956953.74449 1
955525.662528 1956953.81492 1
955525.586489 1956953.89207 1
955525.499543 1956953.97123 1
955525.421905 1956954.03965 1
955525.345866 1956954.11679 1
955525.269837 1956954.19394 1
955525.1845 1956954.28182 1
955525.119378 1956954.35695 1
955525.043339 1956954.4341 1
955524.968909 1956954.51997 1
955524.89449 1956954.60583 1
955524.830967 1956954.68969 1
955524.769063 1956954.78227 1
955524.694633 1956954.86814 1
955524.643636 1956954.95871 1
955524.581722 1956955.0513 1
955524.519818 1956955.14388 1
955524.47042 1956955.24317 1
955524.419423 1956955.33374 1
955524.370034 1956955.43304 1
955524.322246 1956955.54106 1
955524.283764 1956955.63834 1
955524.246892 1956955.74435 1
955524.21002 1956955.85035 1
955524.173148 1956955.95636 1
955524.147182 1956956.06036 1
955524.122836 1956956.17308 1
955524.09687 1956956.27708 1
955524.072514 1956956.3898 1
955524.07159 1956956.50722 1
955524.056531 1956956.60921 1
955524.044701 1956956.72864 1
955524.042168 1956956.83734 1
955524.039625 1956956.94604 1
955524.027794 1956957.06547 1
955524.025261 1956957.17417 1
955524.013421 1956957.2936 1
955524.023404 1956957.40902 1
955524.020871 1956957.51772 1
955524.018338 1956957.62642 1
955524.019013 1956957.75256 1
955524.01648 1956957.86126 1
955524.015556 1956957.97869 1
955524.027148 1956958.10282 1
955524.026225 1956958.22024 1
955524.037807 1956958.34438 1
955524.049399 1956958.46852 1
955524.0626 1956958.60138 1
955524.063285 1956958.72752 1
955524.085784 1956958.84965 1
955524.086459 1956958.97579 1
955524.108968 1956959.09792 1
955524.12056 1956959.22205 1
955524.132152 1956959.34619 1
955524.143744 1956959.47033 1
955524.156936 1956959.60319 1
955524.168528 1956959.72732 1
955524.181729 1956959.86018 1
955524.193321 1956959.98432 1
955524.204913 1956960.10845 1
955524.207198 1956960.24332 1
955524.229696 1956960.36545 1
955524.230382 1956960.49159 1
955524.25288 1956960.61372 1
955524.253566 1956960.73986 1
955524.285372 1956960.85126 1
955524.296954 1956960.97539 1
955524.306947 1956961.09081 1
955524.318529 1956961.21494 1
955524.328522 1956961.33035 1
955524.349412 1956961.44376 1
955524.361004 1956961.56789 1
955524.369377 1956961.67458 1
955524.380969 1956961.79872 1
955524.401869 1956961.91212 1
955524.410243 1956962.01881 1
955524.420226 1956962.13422 1
955524.439516 1956962.2389 1
955524.452369 1956962.30869 1
955524.455926 1956962.38921 1
955524.462352 1956962.4241 1
955524.465571 1956962.44155 1
955524.465571 1956962.44155 1
955524.462352 1956962.4241 1
955524.465571 1956962.44155 1
955524.463961 1956962.43282 1
955524.465571 1956962.44155 1
955524.463961 1956962.43282 1
955524.465571 1956962.44155 1
955524.463961 1956962.43282 1
955524.463961 1956962.43282 1
955524.463961 1956962.43282 1
955524.463961 1956962.43282 1
955524.463961 1956962.43282 1
955524.463961 1956962.43282 1
955524.463961 1956962.43282 1
955524.463961 1956962.43282 1
955524.463961 1956962.43282 1
955524.463961 1956962.43282 1
955524.463961 1956962.43282 1
955524.463961 1956962.43282 1
955524.463961 1956962.43282 1
955524.463961 1956962.43282 1
955524.463961 1956962.43282 1
955524.463961 1956962.43282 1
955524.463961 1956962.43282 1
955524.463961 1956962.43282 1
955524.463961 1956962.43282 1
955524.463961 1956962.43282 1
955524.463961 1956962.43282 1
955524.463961 1956962.43282 1
955524.463961 1956962.43282 1
