955524.563703 1956954.89227 1
955524.484455 1956954.95197 1
955524.416115 1956955.00965 1
955524.336867 1956955.06935 1
955524.268527 1956955.12704 1
955524.189279 1956955.18674 1
955524.120939 1956955.24443 1
955524.041691 1956955.30413 1
955523.962444 1956955.36383 1
955523.884806 1956955.43225 1
955523.805548 1956955.49195 1
955523.72791 1956955.56037 1
955523.650272 1956955.62879 1
955523.571024 1956955.68849 1
955523.504293 1956955.7549 1
955523.426645 1956955.82332 1
955523.349007 1956955.89175 1
955523.280666 1956955.94944 1
955523.213934 1956956.01585 1
955523.136296 1956956.08427 1
955523.080471 1956956.14867 1
955523.01374 1956956.21508 1
955522.956316 1956956.27076 1
955522.889584 1956956.33717 1
955522.83376 1956956.40157 1
955522.777945 1956956.46597 1
955522.720511 1956956.52165 1
955522.677212 1956956.59277 1
955522.621397 1956956.65717 1
955522.557874 1956956.74103 1
955522.492751 1956956.81616 1
955522.451052 1956956.896 1
955522.387538 1956956.97986 1
955522.345849 1956957.0597 1
955522.282326 1956957.14355 1
955522.231328 1956957.23413 1
955522.200545 1956957.31195 1
955522.138631 1956957.40454 1
955522.107848 1956957.48236 1
955522.066158 1956957.5622 1
955522.026068 1956957.65076 1
955522.000102 1956957.75476 1
955521.972537 1956957.85003 1
955521.944963 1956957.9453 1
955521.908091 1956958.05131 1
955521.882125 1956958.15531 1
955521.857779 1956958.26803 1
955521.841111 1956958.36129 1
955521.832489 1956958.49817 1
955521.815831 1956958.59144 1
955521.808817 1956958.73704 1
955521.795368 1956958.84775 1
955521.797663 1956958.98262 1
955521.795129 1956959.09132 1
955521.80993 1956959.2329 1
955521.798089 1956959.35233 1
955521.8129 1956959.49392 1
955521.811976 1956959.61134 1
955521.823568 1956959.73547 1
955521.825853 1956959.87034 1
955521.828137 1956960.00521 1
955521.852245 1956960.13606 1
955521.852931 1956960.26221 1
955521.867731 1956960.40379 1
955521.876115 1956960.51048 1
955521.890915 1956960.65206 1
955521.900898 1956960.76748 1
955521.901583 1956960.89362 1
955521.913176 1956961.01776 1
955521.937283 1956961.14861 1
955521.937959 1956961.27475 1
955521.95116 1956961.40761 1
955521.961143 1956961.52302 1
955521.98686 1956961.6626 1
955521.996843 1956961.77801 1
955522.010044 1956961.91087 1
955522.01073 1956962.03701 1
955522.033228 1956962.15914 1
955522.046429 1956962.292 1
955522.067319 1956962.4054 1
955522.069604 1956962.54027 1
955522.10141 1956962.65166 1
955522.114611 1956962.78452 1
955522.126203 1956962.90866 1
955522.139404 1956963.04152 1
955522.161903 1956963.16364 1
955522.162579 1956963.28979 1
955522.181869 1956963.39447 1
955522.190243 1956963.50116 1
955522.207924 1956963.59711 1
955522.208271 1956963.66018 1
955522.214698 1956963.69508 1
955522.216307 1956963.7038 1
955522.214698 1956963.69508 1
955522.213089 1956963.68635 1
955522.214698 1956963.69508 1
955522.214698 1956963.69508 1
955522.214698 1956963.69508 1
955522.216307 1956963.7038 1
955522.214698 1956963.69508 1
955522.217907 1956963.71252 1
955522.216307 1956963.7038 1
955522.217907 1956963.71252 1
955522.216307 1956963.7038 1
955522.225943 1956963.75614 1
955522.23077 1956963.78231 1
955522.231108 1956963.84538 1
955522.242362 1956963.90645 1
955522.255216 1956963.97623 1
955522.258772 1956964.05675 1
955522.270026 1956964.11781 1
