955575.366679 1956917.36798 0
955572.991217 1956919.17949 0
955572.543837 1956919.52137 0
955571.35447 1956920.47699 0
955570.165257 1956921.4336 0
955567.82683 1956923.28677 0
955567.444113 1956923.58995 0
955565.081012 1956925.42176 0
955563.614728 1956926.55735 0
955562.434761 1956927.48312 0
955561.254784 1956928.4089 0
955560.073665 1956929.33384 0
955558.893698 1956930.25962 0
955557.712579 1956931.18456 0
955556.532602 1956932.11034 0
955555.352635 1956933.03611 0
955554.171516 1956933.96106 0
955552.991539 1956934.88684 0
955551.810421 1956935.81178 0
955550.630453 1956936.73756 0
955549.449335 1956937.66251 0
955548.269367 1956938.58828 0
955547.08939 1956939.51406 0
955545.908272 1956940.439 0
955544.728304 1956941.36478 0
955543.547186 1956942.28972 0
955542.367209 1956943.2155 0
955541.18609 1956944.14045 0
955540.006123 1956945.06622 0
955538.826145 1956945.992 0
955537.645027 1956946.91694 0
955536.46506 1956947.84272 0
955535.283941 1956948.76766 0
955534.103964 1956949.69344 0
955532.923833 1956950.61823 0
955531.742878 1956951.54416 0
955530.562901 1956952.46994 0
955529.381792 1956953.39488 0
955528.201815 1956954.32066 0
955527.020696 1956955.2456 0
955525.840729 1956956.17138 0
955524.660598 1956957.09617 0
955523.479633 1956958.0221 0
955522.299666 1956958.94787 0
955521.118547 1956959.87282 0
955519.93857 1956960.7986 0
955518.757451 1956961.72354 0
955517.577484 1956962.64932 0
955516.397353 1956963.57411 0
955515.178568 1956964.52937 0
