935597.732285302 1915935.45935406
935597.7846541326 1915935.4315516034
935597.837022963 1915935.4037491467
935597.8893917935 1915935.3759466903
935597.9417606241 1915935.3481442337
935597.9941294546 1915935.320341777
935598.046498285 1915935.2925393204
935598.0988671156 1915935.2647368638
935598.1512359461 1915935.2369344074
935598.2036047766 1915935.2091319507
935598.2559736071 1915935.181329494
935598.3083424376 1915935.1535270375
935598.3607112681 1915935.1257245808
935598.4130800987 1915935.0979221242
935598.4654489291 1915935.0701196678
935598.5178177597 1915935.0423172112
935598.5701865902 1915935.0145147545
935598.6225554207 1915934.986712298
935598.6749242512 1915934.9589098413
935598.7272930817 1915934.9311073849
935598.7796619122 1915934.9033049282
935598.8320307428 1915934.8755024716
935598.8843995732 1915934.847700015
935598.9367684037 1915934.8198975583
935598.9891372343 1915934.792095102
935599.0415060648 1915934.7642926453
935599.0938748952 1915934.7364901886
935599.1462437258 1915934.708687732
935599.197388422 1915934.6816471966
935599.2453503688 1915934.6565876561
935599.2933123157 1915934.6315281156
935599.3412742625 1915934.606468575
935599.3892362094 1915934.5814090346
935599.4371981563 1915934.556349494
935599.4851601031 1915934.5312899537
935599.53312205 1915934.5062304132
935599.5810839968 1915934.4811708727
935599.6290459437 1915934.4561113322
935599.6770078905 1915934.4310517916
935599.7249698375 1915934.4059922511
935599.7729317843 1915934.3809327108
935599.8208937311 1915934.3558731703
935599.868855678 1915934.3308136298
935599.9168176248 1915934.3057540893
935599.9647795717 1915934.2806945487
935600.0127415186 1915934.2556350082
935600.0607034655 1915934.230575468
935600.1086654123 1915934.2055159274
935600.1566273591 1915934.1804563869
935600.204589306 1915934.1553968464
935600.2525512528 1915934.1303373058
935600.3005131998 1915934.1052777653
935600.3484751466 1915934.080218225
935600.3964370935 1915934.0551586845
935600.4443990403 1915934.030099144
935600.4923609871 1915934.0050396034
935600.5361464595 1915933.981837123
935600.5765907522 1915933.9601202903
935600.6170350449 1915933.9384034576
935600.6574793378 1915933.916686625
935600.6979236305 1915933.8949697923
935600.7383679232 1915933.87325296
935600.778812216 1915933.8515361273
935600.8192565087 1915933.8298192946
935600.8597008014 1915933.808102462
935600.9001450941 1915933.7863856293
935600.940589387 1915933.7646687967
935600.9810336797 1915933.742951964
935601.0214779724 1915933.7212351314
935601.0619222651 1915933.699518299
935601.1023665579 1915933.6778014663
935601.1428108506 1915933.6560846337
935601.1832551433 1915933.634367801
935601.223699436 1915933.6126509684
935601.2641437289 1915933.5909341357
935601.3045880216 1915933.569217303
935601.3450323143 1915933.5475004704
935601.3854766071 1915933.525783638
935601.4259208998 1915933.5040668054
935601.4663651926 1915933.4823499727
935601.5068094853 1915933.46063314
935601.5472537781 1915933.4389163074
935601.5876980708 1915933.4171994748
935601.6281423635 1915933.395482642
935601.6365497555 1915933.3909880596
935601.6385497673 1915933.389937927
935601.6405497792 1915933.3888877942
935601.6425497909 1915933.3878376617
935601.6445498028 1915933.386787529
935601.6465498146 1915933.3857373963
935601.6485498264 1915933.3846872638
935601.6505498382 1915933.3836371312
935601.65254985 1915933.3825869986
935601.6545498618 1915933.3815368658
935601.6565498736 1915933.3804867333
935601.6585498855 1915933.3794366007
935601.6605498972 1915933.378386468
935601.6625499091 1915933.3773363354
935601.6645499209 1915933.3762862028
935601.6665499327 1915933.3752360702
935601.6685499445 1915933.3741859375
935601.6705499564 1915933.373135805
935601.6725499681 1915933.3720856723
935601.67454998 1915933.3710355395
935601.6765499918 1915933.369985407
935601.6785500037 1915933.3689352744
935601.6805500154 1915933.3678851419
935601.6825500273 1915933.366835009
935601.6845500391 1915933.3657848765
935601.6865500509 1915933.364734744
935601.6885500627 1915933.3636846112
935601.694449382 1915933.3605686785
935601.7315431611 1915933.3409263452
935601.76863694 1915933.321284012
935601.8057307191 1915933.3016416784
935601.8428244982 1915933.2819993452
935601.8799182773 1915933.262357012
935601.9170120563 1915933.2427146784
935601.9541058354 1915933.2230723451
935601.9911996144 1915933.2034300119
935602.0282933934 1915933.1837876784
935602.0653871725 1915933.164145345
935602.1024809516 1915933.1445030118
935602.1395747307 1915933.1248606783
935602.1766685097 1915933.105218345
935602.2137622887 1915933.0855760118
935602.2508560678 1915933.0659336783
935602.2879498468 1915933.046291345
935602.3250436259 1915933.0266490118
935602.362137405 1915933.0070066783
935602.399231184 1915932.987364345
935602.436324963 1915932.9677220117
935602.4734187421 1915932.9480796782
935602.5105125211 1915932.928437345
935602.5476063002 1915932.9087950117
935602.5847000793 1915932.8891526782
935602.6217938584 1915932.869510345
935602.6588876373 1915932.8498680117
935602.6959814164 1915932.8302256782
935602.7228218213 1915932.8160163076
935602.7335497813 1915932.8103444495
935602.7442777412 1915932.8046725914
935602.755005701 1915932.7990007333
935602.7657336609 1915932.7933288752
935602.7764616208 1915932.7876570171
935602.7871895807 1915932.781985159
935602.7979175405 1915932.776313301
935602.8086455005 1915932.7706414429
935602.8193734604 1915932.7649695848
935602.8301014203 1915932.7592977267
935602.8408293802 1915932.7536258686
935602.85155734 1915932.7479540105
935602.8622852999 1915932.7422821524
935602.8730132598 1915932.7366102946
935602.8837412198 1915932.7309384365
935602.8944691796 1915932.7252665784
935602.9051971395 1915932.7195947203
935602.9159250994 1915932.7139228622
935602.9266530593 1915932.708251004
935602.9373810191 1915932.702579146
935602.948108979 1915932.696907288
935602.958836939 1915932.6912354298
935602.9695648989 1915932.6855635718
935602.9802928587 1915932.6798917137
935602.9910208186 1915932.6742198556
935603.0017487785 1915932.6685479975
935603.0124767384 1915932.6628761394
935603.0407346037 1915932.6478417995
935603.0777574214 1915932.628126219
935603.1147802393 1915932.6084106383
935603.1518030572 1915932.5886950574
935603.188825875 1915932.5689794768
935603.2258486929 1915932.549263896
935603.2628715108 1915932.5295483153
935603.2998943286 1915932.5098327345
935603.3369171465 1915932.4901171539
935603.3739399643 1915932.4704015732
935603.4109627822 1915932.4506859924
935603.4479856001 1915932.4309704117
935603.485008418 1915932.411254831
935603.5220312357 1915932.3915392503
935603.5590540536 1915932.3718236694
935603.5960768715 1915932.3521080888
935603.6330996894 1915932.3323925082
935603.6701225073 1915932.3126769273
935603.7071453251 1915932.2929613467
935603.7441681429 1915932.2732457658
935603.7811909608 1915932.2535301852
935603.8182137787 1915932.2338146043
935603.8552365965 1915932.2140990237
935603.8922594144 1915932.194383443
935603.9292822323 1915932.1746678622
935603.9663050501 1915932.1549522816
935604.003327868 1915932.1352367008
935604.0403506858 1915932.1155211201
935604.0525059617 1915932.109034466
935604.063198441 1915932.1033259844
935604.0738909203 1915932.0976175026
935604.0845833996 1915932.091909021
935604.0952758789 1915932.086200539
935604.1059683581 1915932.0804920574
935604.1166608374 1915932.0747835755
935604.1273533168 1915932.0690750938
935604.1380457961 1915932.063366612
935604.1487382753 1915932.0576581303
935604.1594307546 1915932.0519496484
935604.1701232339 1915932.0462411668
935604.1808157132 1915932.040532685
935604.1915081925 1915932.0348242032
935604.2022006718 1915932.0291157214
935604.2128931511 1915932.0234072397
935604.2235856303 1915932.0176987578
935604.2342781096 1915932.0119902762
935604.244970589 1915932.0062817943
935604.2556630683 1915932.0005733126
935604.2663555475 1915931.9948648307
935604.2770480268 1915931.989156349
935604.2877405061 1915931.9834478672
935604.2984329854 1915931.9777393856
935604.3091254646 1915931.9720309037
935604.319817944 1915931.966322422
935604.3305104233 1915931.9606139401
935604.3473283878 1915931.9516769138
935604.3855855506 1915931.9314399813
935604.4238427134 1915931.911203049
935604.4620998761 1915931.8909661162
935604.5003570388 1915931.8707291838
935604.5386142016 1915931.8504922513
935604.5768713644 1915931.830255319
935604.6151285272 1915931.8100183862
935604.65338569 1915931.7897814538
935604.6916428527 1915931.7695445213
935604.7299000155 1915931.7493075887
935604.7681571783 1915931.7290706562
935604.8064143411 1915931.7088337238
935604.8446715039 1915931.6885967914
935604.8829286665 1915931.6683598587
935604.9211858293 1915931.6481229262
935604.9594429921 1915931.6278859938
935604.9977001549 1915931.6076490611
935605.0359573177 1915931.5874121287
935605.0742144805 1915931.5671751963
935605.1124716433 1915931.5469382638
935605.150728806 1915931.5267013311
935605.1889859688 1915931.5064643987
935605.2272431315 1915931.4862274663
935605.2655002943 1915931.4659905336
935605.3037574571 1915931.4457536011
935605.3420146198 1915931.4255166687
935605.3802717826 1915931.4052797363
935605.4041823664 1915931.3926406663
935605.4137463714 1915931.387599459
935605.4233103764 1915931.3825582515
935605.4328743813 1915931.3775170443
935605.4424383861 1915931.372475837
935605.4520023911 1915931.3674346297
935605.461566396 1915931.3623934223
935605.471130401 1915931.3573522149
935605.480694406 1915931.3523110077
935605.4902584108 1915931.3472698003
935605.4998224158 1915931.3422285928
935605.5093864207 1915931.3371873857
935605.5189504257 1915931.3321461782
935605.5285144305 1915931.327104971
935605.5380784355 1915931.3220637636
935605.5476424404 1915931.3170225562
935605.5572064454 1915931.311981349
935605.5667704503 1915931.3069401416
935605.5763344552 1915931.3018989342
935605.5858984601 1915931.296857727
935605.5954624651 1915931.2918165196
935605.60502647 1915931.2867753122
935605.6145904749 1915931.281734105
935605.6241544798 1915931.2766928975
935605.6337184848 1915931.2716516904
935605.6432824897 1915931.266610483
935605.6528464946 1915931.2615692755
935605.6624104995 1915931.2565280683
935605.6942366575 1915931.2395829528
935605.7324234305 1915931.2192367206
935605.7706102035 1915931.1988904884
935605.8087969766 1915931.1785442561
935605.8469837495 1915931.158198024
935605.8851705226 1915931.1378517917
935605.9233572957 1915931.1175055597
935605.9615440686 1915931.0971593275
935605.9997308417 1915931.0768130952
935606.0379176148 1915931.056466863
935606.0761043878 1915931.0361206308
935606.1142911608 1915931.0157743986
935606.1524779338 1915930.9954281664
935606.1906647069 1915930.9750819344
935606.22885148 1915930.9547357021
935606.2670382529 1915930.93438947
935606.305225026 1915930.9140432377
935606.343411799 1915930.8936970055
935606.381598572 1915930.8733507732
935606.4197853451 1915930.8530045412
935606.4579721182 1915930.832658309
935606.4961588911 1915930.8123120768
935606.5343456642 1915930.7919658446
935606.5725324372 1915930.7716196124
935606.6107192102 1915930.7512733801
935606.6489059833 1915930.7309271481
935606.6870927563 1915930.710580916
935606.7236874362 1915930.6910809253
935606.733216532 1915930.6859670423
935606.7427456279 1915930.6808531594
935606.7522747237 1915930.6757392765
935606.7618038196 1915930.6706253935
935606.7713329154 1915930.6655115106
935606.7808620114 1915930.6603976276
935606.7903911072 1915930.6552837444
935606.799920203 1915930.6501698615
935606.8094492989 1915930.6450559786
935606.8189783947 1915930.6399420956
935606.8285074906 1915930.6348282127
935606.8380365865 1915930.6297143297
935606.8475656824 1915930.6246004468
935606.8570947782 1915930.6194865638
935606.866623874 1915930.614372681
935606.8761529699 1915930.609258798
935606.8856820657 1915930.604144915
935606.8952111616 1915930.599031032
935606.9047402575 1915930.5939171491
935606.9142693534 1915930.5888032662
935606.9237984492 1915930.583689383
935606.9333275451 1915930.5785755
935606.9428566409 1915930.573461617
935606.9523857367 1915930.5683477342
935606.9619148327 1915930.5632338512
935606.9714439285 1915930.5581199683
935606.9809730244 1915930.5530060853
935606.988489329 1915930.5489902138
935606.991980051 1915930.547170365
935606.9954707731 1915930.5453505164
935606.9989614952 1915930.5435306677
935607.0024522173 1915930.5417108191
935607.0059429393 1915930.5398909703
935607.0094336615 1915930.5380711216
935607.0129243835 1915930.536251273
935607.0164151056 1915930.5344314242
935607.0199058276 1915930.5326115754
935607.0233965497 1915930.530791727
935607.0268872718 1915930.528971878
935607.0303779938 1915930.5271520293
935607.033868716 1915930.5253321808
935607.037359438 1915930.523512332
935607.0408501601 1915930.5216924832
935607.0443408822 1915930.5198726347
935607.0478316043 1915930.518052786
935607.0513223263 1915930.5162329373
935607.0548130483 1915930.5144130886
935607.0583037705 1915930.5125932398
935607.0617944925 1915930.5107733912
935607.0652852146 1915930.5089535424
935607.0687759367 1915930.5071336937
935607.0722666588 1915930.5053138451
935607.0757573808 1915930.5034939963
935607.0792481028 1915930.5016741476
935607.082738825 1915930.499854299
935607.1132560257 1915930.4835876208
935607.1609718947 1915930.4581275056
935607.2086877638 1915930.4326673904
935607.2564036329 1915930.4072072753
935607.304119502 1915930.38174716
935607.351835371 1915930.356287045
935607.39955124 1915930.3308269298
935607.4472671091 1915930.3053668146
935607.4949829781 1915930.2799066997
935607.5426988471 1915930.2544465845
935607.5904147162 1915930.2289864693
935607.6381305852 1915930.2035263542
935607.6858464542 1915930.178066239
935607.7335623233 1915930.1526061238
935607.7812781923 1915930.1271460087
935607.8289940613 1915930.1016858935
935607.8767099304 1915930.0762257783
935607.9244257994 1915930.0507656632
935607.9721416684 1915930.025305548
935608.0198575375 1915929.999845433
935608.0675734065 1915929.9743853179
935608.1152892755 1915929.9489252027
935608.1630051446 1915929.9234650875
935608.2107210136 1915929.8980049724
935608.2584368828 1915929.8725448572
935608.3061527518 1915929.847084742
935608.3538686208 1915929.8216246269
935608.4015844899 1915929.7961645117
935608.4492688206 1915929.770671842
935608.4969492091 1915929.7451751027
935608.5446295976 1915929.7196783635
935608.5923099861 1915929.6941816243
935608.6399903747 1915929.6686848851
935608.6876707631 1915929.643188146
935608.7353511517 1915929.6176914067
935608.7830315402 1915929.5921946676
935608.8307119287 1915929.5666979284
935608.8783923172 1915929.5412011892
935608.9260727057 1915929.51570445
935608.9737530942 1915929.4902077108
935609.0214334828 1915929.4647109716
935609.0691138712 1915929.4392142324
935609.1167942598 1915929.4137174932
935609.1644746483 1915929.3882207538
935609.2121550367 1915929.3627240146
935609.2598354253 1915929.3372272754
935609.3075158137 1915929.3117305362
935609.3551962023 1915929.286233797
935609.4028765908 1915929.2607370578
935609.4505569793 1915929.2352403186
935609.4982373678 1915929.2097435794
935609.5459177564 1915929.1842468402
935609.5935981448 1915929.158750101
935609.6412785334 1915929.1332533618
935609.6889589218 1915929.1077566226
935609.7340144982 1915929.083672744
935609.7659460135 1915929.0666531688
935609.7978775288 1915929.0496335933
935609.829809044 1915929.032614018
935609.8617405593 1915929.0155944426
935609.8936720747 1915928.9985748674
935609.92560359 1915928.981555292
935609.9575351053 1915928.9645357167
935609.9894666206 1915928.9475161412
935610.0213981358 1915928.930496566
935610.0533296511 1915928.9134769905
935610.0852611664 1915928.8964574153
935610.1171926818 1915928.8794378398
935610.1491241971 1915928.8624182646
935610.1810557124 1915928.8453986892
935610.2129872276 1915928.828379114
935610.2449187429 1915928.8113595385
935610.2768502582 1915928.7943399632
935610.3087817736 1915928.7773203878
935610.3407132889 1915928.7603008125
935610.3726448042 1915928.743281237
935610.4045763194 1915928.7262616619
935610.4365078347 1915928.7092420864
935610.46843935 1915928.6922225112
935610.5003708653 1915928.6752029357
935610.5323023807 1915928.6581833605
935610.564233896 1915928.641163785
935610.5961654112 1915928.6241442098
935610.6321385322 1915928.6049288656
935610.6731636605 1915928.5829688103
935610.7141887887 1915928.5610087551
935610.7552139169 1915928.5390487
935610.7962390451 1915928.5170886447
935610.8372641733 1915928.4951285894
935610.8782893015 1915928.4731685345
935610.9193144297 1915928.4512084792
935610.960339558 1915928.429248424
935611.0013646862 1915928.4072883688
935611.0423898144 1915928.3853283136
935611.0834149426 1915928.3633682583
935611.1244400708 1915928.3414082031
935611.165465199 1915928.3194481481
935611.2064903273 1915928.297488093
935611.2475154555 1915928.2755280377
935611.2885405837 1915928.2535679825
935611.3295657119 1915928.2316079272
935611.3705908401 1915928.209647872
935611.4116159683 1915928.1876878168
935611.4526410965 1915928.1657277616
935611.4936662248 1915928.1437677066
935611.534691353 1915928.1218076514
935611.5757164812 1915928.0998475961
935611.6167416094 1915928.077887541
935611.6577667376 1915928.0559274857
935611.6987918658 1915928.0339674305
935611.739816994 1915928.0120073752
935611.7708317997 1915927.995566275
935611.7979964813 1915927.9812478495
935611.8251611629 1915927.9669294243
935611.8523258446 1915927.9526109989
935611.8794905262 1915927.9382925734
935611.9066552077 1915927.9239741482
935611.9338198893 1915927.9096557228
935611.9609845709 1915927.8953372973
935611.9881492526 1915927.881018872
935612.0153139342 1915927.8667004467
935612.0424786158 1915927.8523820213
935612.0696432973 1915927.8380635958
935612.0968079789 1915927.8237451706
935612.1239726605 1915927.8094267452
935612.1511373422 1915927.7951083197
935612.1783020238 1915927.7807898945
935612.2054667054 1915927.766471469
935612.232631387 1915927.7521530436
935612.2597960685 1915927.7378346182
935612.2869607502 1915927.723516193
935612.3141254318 1915927.7091977675
935612.3412901134 1915927.694879342
935612.368454795 1915927.680560917
935612.3956194766 1915927.6662424915
935612.4227841581 1915927.651924066
935612.4499488398 1915927.6376056406
935612.4771135214 1915927.6232872154
935612.504278203 1915927.60896879