935634.255770061 1915932.01753053
935634.4243833685 1915932.332276861
935634.5732525208 1915932.6101120939
935634.7041811049 1915932.8543972906
935634.8189727085 1915933.0684935157
935634.9194309186 1915933.255761832
935635.0073593223 1915933.4195633018
935635.0845615075 1915933.5632589897
935635.1528410609 1915933.6902099587
935635.2140015701 1915933.8037772719
935635.2698466225 1915933.907321993
935635.3221877468 1915934.0042202787
935635.3736398281 1915934.0993751357
935635.428299673 1915934.2005060972
935635.4904239082 1915934.3156364462
935635.5642691606 1915934.4527894678
935635.6540920571 1915934.619988446
935635.7629995786 1915934.8230817022
935635.8879414108 1915935.0562688462
935636.0238145092 1915935.3098660202
935636.1655144161 1915935.5741866939
935636.3079366738 1915935.8395443335
935636.4461741426 1915936.0966306645
935636.5791464022 1915936.343473166
935636.7092417709 1915936.5847488306
935636.8389740725 1915936.8253752433
935636.9708571308 1915937.0702699884
935637.1073982675 1915937.324338133
935637.2490750283 1915937.5885770721
935637.3914647338 1915937.8545504163
935637.5294199837 1915938.112426563
935637.6577933789 1915938.3523739094
935637.7714375195 1915938.564560854
935637.866075251 1915938.7408153422
935637.9437294912 1915938.884979491
935638.0091961921 1915939.0061835619
935638.0672833343 1915939.1135807568
935638.1227988997 1915939.216324278
935638.1804667949 1915939.3234064488
935638.242412111 1915939.4388466717
935638.3077271276 1915939.5608609645
935638.3753326028 1915939.6873371312
935638.4441492943 1915939.8161629778
935638.5130980319 1915939.9452264474
935638.5813079381 1915940.07282064
935638.6485737385 1915940.1985333306
935638.7148228274 1915940.3222103498
935638.7799825984 1915940.4436975284
935638.8439804453 1915940.5628406978
935638.906829789 1915940.6796504946
935638.9694027454 1915940.7957826075
935639.0330649372 1915940.9138381633
935639.0991878778 1915941.036429575
935639.1691430804 1915941.1661692536
935639.2442557139 1915941.3055827576
935639.3232740131 1915941.4523661588
935639.401064885 1915941.596941454
935639.4721742166 1915941.729129011
935639.5311478954 1915941.8387491968
935639.5725318079 1915941.915622377
935639.5930665904 1915941.9536656234
935639.5988570905 1915941.9642751787
935639.5985051362 1915941.9635081342
935639.60061258 1915941.9674216253
935639.6137812729 1915941.9920727857
935639.6460749871 1915942.052516183
935639.6979037162 1915942.149545622
935639.7639824641 1915942.2733438239
935639.838890676 1915942.413840931
935639.917207796 1915942.5609670847
935639.9935305325 1915942.7046839856
935640.0646012364 1915942.838875734
935640.1313603148 1915942.9651007906
935640.1952348441 1915943.0858072876
935640.2576519006 1915943.2034433556
935640.320038561 1915943.3204571255
935640.3836399979 1915943.4390045851
935640.4486608652 1915943.5595706082
935640.5149364659 1915943.682046877
935640.5823016635 1915943.8063243686
935640.6505913209 1915943.9322940588
935640.7196219886 1915944.059808584
935640.7888192699 1915944.1879020978
935640.8572339321 1915944.3148240012
935640.923901652 1915944.4387921002
935640.9878581072 1915944.558024203
935641.0481407788 1915944.670741441
935641.1045854072 1915944.7766355723
935641.1590767185 1915944.8791731892
935641.213823617 1915944.982418113
935641.2710350062 1915945.090434165
935641.3329197895 1915945.2072851663
935641.4013003717 1915945.336308075
935641.4750004659 1915945.4752004067
935641.5514420198 1915945.6190234693
935641.6280390329 1915945.762823623
935641.7022055055 1915945.9016472283
935641.7714052302 1915946.030637761
935641.8348334609 1915946.1483156949
935641.8938231692 1915946.2573708515
935641.9498395037 1915946.3607508505
935642.0043476144 1915946.4614033115
935642.0588126107 1915946.562275768
935642.1143991258 1915946.6656673022
935642.1712484191 1915946.7716684733
935642.2292840737 1915946.8799000792
935642.2884296726 1915946.9899829167
935642.3486087994 1915947.101537784
935642.4099466816 1915947.2145943893
935642.4747387416 1915947.333583334
935642.546602135 1915947.4656155356
935642.629172777 1915947.617839954
935642.7260865837 1915947.7974055512
935642.840910181 1915948.0113284593
935642.9727118376 1915948.258001484
935643.1133839044 1915948.5220612336
935643.2541770394 1915948.7869141968
935643.386341901 1915949.0359668604
935643.5011291472 1915949.2526257122
935643.5918202072 1915949.4241989113
935643.6609396328 1915949.555753211
935643.7136403333 1915949.6574051653
935643.755075401 1915949.739271678
935643.7903979289 1915949.8114696566
935643.824644516 1915949.8838565648
935643.8610478743 1915949.9622724329
935643.9014203142 1915950.0493939177
935643.9475357254 1915950.1478121106
935644.0011679968 1915950.2601181015
935644.0640791383 1915950.3888836843
935644.1361781274 1915950.5336706105
935644.2135265997 1915950.687791065
935644.2917073804 1915950.8437794584
935644.3663032954 1915950.9941702017
935644.4328971698 1915951.1314977068
935644.4879683269 1915951.2497659775
935644.5334761334 1915951.351962245
935644.5734500032 1915951.4444670875
935644.6119231975 1915951.5336673905
935644.6529289774 1915951.6259500387
935644.7003563147 1915951.7274876146
935644.7546902308 1915951.839397035
935644.8129637188 1915951.9576681433
935644.8720558658 1915952.0780621988
935644.92884576 1915952.1963404606
935644.9802142747 1915952.3082664623
935645.0242315204 1915952.41111875
935645.0622150649 1915952.5063129182
935645.096031709 1915952.5959642506
935645.1275482536 1915952.68218803
935645.1586314994 1915952.7670995393
935645.19107601 1915952.852903108
935645.2260750394 1915952.9425443015
935645.2645234811 1915953.0393364746
935645.30731408 1915953.1465956315
935645.3553395796 1915953.2676377767
935645.4094545144 1915953.4056785088
935645.4690089328 1915953.5599801173
935645.5313874123 1915953.724640254
935645.5938420519 1915953.8934084617
935645.6536249521 1915954.0600342848
935645.7079882402 1915954.2182673225
935645.7551100992 1915954.363716764
935645.7965316406 1915954.4987448142
935645.8345571154 1915954.62724612
935645.8714907737 1915954.7531153276
935645.9096368664 1915954.880247083
935645.9510909675 1915955.0122317718
935645.9955227881 1915955.1491227346
935646.0410369681 1915955.288691353
935646.0857120611 1915955.4286709728
935646.1276266222 1915955.5667949417
935646.1648750287 1915955.700813562
935646.1967653496 1915955.8297777653
935646.2246569864 1915955.9549367481
935646.2501072972 1915956.077751844
935646.2746736394 1915956.1996843857
935646.2999133712 1915956.322195706
935646.3270372397 1915956.4465169876
935646.3555726961 1915956.572761702
935646.3845369181 1915956.7007044952
935646.4129469704 1915956.83011994
935646.4398199174 1915956.960782609
935646.4642108488 1915957.0924353627
935646.4858176403 1915957.2242850135
935646.5048736811 1915957.355091785
935646.5216287071 1915957.4836022675
935646.536332454 1915957.6085630523
935646.5492350226 1915957.7287248923
935646.560659785 1915957.8436743726
935646.5710916352 1915957.954840605
935646.5810370203 1915958.0638985797
935646.5910023887 1915958.1725232892
935646.6014941885 1915958.2823897246
935646.6129331003 1915958.3951514056
935646.625179168 1915958.5123214868
935646.637867204 1915958.635356735
935646.6506314097 1915958.765713762
935646.6631059877 1915958.9048491823
935646.6749274492 1915959.0540913166
935646.6857927891 1915959.2114090573
935646.6954638802 1915959.371167772
935646.703705785 1915959.527555644
935646.7102835667 1915959.6747608567
935646.7149624166 1915959.806973567
935646.7176481151 1915959.9205342554
935646.7186550932 1915960.0180337934
935646.7183716169 1915960.103192376
935646.7171859527 1915960.1797301986
935646.7154863671 1915960.251367458
935646.7136287958 1915960.3218352895
935646.7116800824 1915960.3949626575
935646.7095548897 1915960.4746300254
935646.7071665192 1915960.5647183156
935646.7044282738 1915960.6691084506
935646.7012558135 1915960.7915701203
935646.697670706 1915960.9308771812
935646.6938409532 1915961.0788959994
935646.6899452868 1915961.226986751
935646.6861624393 1915961.3665096113
935646.6826711429 1915961.4888247605
935646.6795515649 1915961.587829575
935646.6765021259 1915961.6672481105
935646.6731288402 1915961.7331831069
935646.669037722 1915961.7917373015
935646.663834785 1915961.849013433
935646.6571452242 1915961.910912853
935646.6488355468 1915961.9808031754
935646.6389371257 1915962.060320987
935646.6274845232 1915962.1510693678
935646.6145123028 1915962.2546513982
935646.6000559971 1915962.3726440582
935646.5842402447 1915962.5042262527
935646.567349314 1915962.6442808316
935646.5496840684 1915962.7872440086
935646.5315453724 1915962.9275519997
935646.5132340898 1915963.0596410176
935646.4949558919 1915963.1789872204
935646.4764230308 1915963.286457203
935646.4571883752 1915963.3846587767
935646.4368047132 1915963.4762006197
935646.4148248339 1915963.5636914112
935646.3908246919 1915963.6497450902
935646.3648090546 1915963.737072977
935646.3371606176 1915963.828472216
935646.3082750153 1915963.9267428908
935646.2785478825 1915964.0346850846
935646.2483741442 1915964.1550907218
935646.2179594884 1915964.2885740586
935646.1870664437 1915964.430649706
935646.1553941922 1915964.5761032954
935646.1226419152 1915964.7197204586
935646.0885087943 1915964.856286828
935646.0527417848 1915964.9813724225
935646.0154220468 1915965.0960345308
935645.9767734542 1915965.203673632
935645.9370204154 1915965.3076989858
935645.8963873389 1915965.41151985
935645.8550926307 1915965.518473633
935645.8131793891 1915965.6297990717
935645.7704917998 1915965.7443536718
935645.7268633033 1915965.8608662942
935645.6821273395 1915965.9780658009
935645.6361174623 1915966.0946810686
935645.5888972712 1915966.2094746716
935645.5412425314 1915966.3213134988
935645.494066403 1915966.4290845639
935645.4482820458 1915966.5316748794
935645.40480262 1915966.6279714596
935645.3643961876 1915966.7170836956
935645.326435161 1915966.8002599692
935645.2895128957 1915966.8799426523
935645.2522142677 1915966.9585871138
935645.2131241529 1915967.0386487218
935645.1708426569 1915967.1225550333
935645.1247566842 1915967.2112967637
935645.07540479 1915967.3037615
935645.023417066 1915967.3986696666
935644.969423604 1915967.4947416885
935644.9140544953 1915967.5906979912
935644.8578859142 1915967.685466404
935644.8012712958 1915967.778831578
935644.7445065645 1915967.8707993918
935644.687887645 1915967.9613757224
935644.6317104618 1915968.0505664486
935644.5762715163 1915968.1383587099
935644.5218751804 1915968.2244839445
935644.4688315187 1915968.3084886537
935644.4174507218 1915968.3899152218
935644.3680429816 1915968.4683060327
935644.3209138832 1915968.5432089062
935644.2758538648 1915968.614779691
935644.2316747529 1915968.6843292906
935644.1870789335 1915968.753297782
935644.1407687921 1915968.823125242
935644.0914467141 1915968.895251747
935644.0380738175 1915968.9708584647
935643.9810432035 1915969.049693589
935643.9212406196 1915969.1310123312
935643.8595522649 1915969.2140694477
935643.7968643396 1915969.298119696
935643.734034786 1915969.3824232118
935643.6713468684 1915969.4663495058
935643.6085481016 1915969.5493700597
935643.5453655397 1915969.630960246
935643.4815262374 1915969.710595439
935643.4167577102 1915969.7877522295
935643.3509578106 1915969.8623566132
935643.2844483841 1915969.9354532184
935643.2176161389 1915970.0082578058
935643.1508477838 1915970.0819861342
935643.0845300274 1915970.1578539654
935643.0189812407 1915970.2368563572
935642.954007705 1915970.3183345357
935642.8891833995 1915970.4008794911
935642.8240811471 1915970.4830784763
935642.7582737701 1915970.5635187463
935642.6913419655 1915970.6408246977
935642.6231243747 1915970.7148375406
935642.5537692555 1915970.7868590467
935642.4834431822 1915970.858277388
935642.4123127286 1915970.9304807386
935642.3405444678 1915971.004857143
935642.2683008517 1915971.0822158179
935642.195730738 1915971.161456534
935642.1229801857 1915971.241085885
935642.0501952525 1915971.319610464
935641.977521997 1915971.3955368644
935641.9051184129 1915971.4675086788
935641.8332661693 1915971.5355891536
935641.762320109 1915971.6006814882
935641.6926360286 1915971.663699833
935641.6245697258 1915971.7255583392
935641.5584687395 1915971.7871654006
935641.4941851398 1915971.8490840832
935641.4308030204 1915971.9113421917
935641.3673404122 1915971.9739214885
935641.3028153467 1915972.0368037347
935641.2362458545 1915972.0999706918
935641.1669498276 1915972.1633381785
935641.0955665576 1915972.2265314288
935641.0230992115 1915972.2890956544
935640.950550967 1915972.3505760664
935640.8789250032 1915972.4105178763
935640.8091575319 1915972.4685057537
935640.7411912447 1915972.524709804
935640.6742083338 1915972.5797482561
935640.6073716775 1915972.634250722
935640.5398441536 1915972.6888468128
935640.4707921004 1915972.744163225
935640.399862347 1915972.8004220321
935640.3276700902 1915972.8570298401
935640.2549468606 1915972.9132952902
935640.1824241879 1915972.968527023
935640.1108336016 1915973.0220336798
935640.0407222484 1915973.0732961213
935639.9715470632 1915973.1228134898
935639.9023657404 1915973.171457827
935639.8322353741 1915973.220101737
935639.76021306 1915973.2696178227
935639.6854235358 1915973.3208311556
935639.60850877 1915973.3735007262
935639.5316068284 1915973.426334286
935639.4569191949 1915973.477995028
935639.3866473531 1915973.527146145
935639.3229895233 1915973.5724528055
935639.266388073 1915973.6136440523
935639.2126370912 1915973.653265319
935639.1567702414 1915973.6943227847
935639.0938211868 1915973.7398226256
935639.0188235907 1915973.7927710197
935638.9276762591 1915973.8556295696
935638.8232296197 1915973.9264840968
935638.7116822739 1915974.001312876
935638.5992542882 1915974.0760806687
935638.4921657302 1915974.146752237
935638.3965233496 1915974.209365977
935638.3142445919 1915974.262682488
935638.241926557 1915974.3089195238
935638.1758227609 1915974.3505181002
935638.1121867192 1915974.3899192316
935638.0472719948 1915974.4295639026
935637.9780062074 1915974.471466927
935637.9036874266 1915974.5161444054
935637.8241345239 1915974.563783161
935637.7391663715 1915974.6145700186
935637.6486018413 1915974.6686918018
935637.5522386989 1915974.7263253022
935637.4496386838 1915974.7875351289
935637.3402155782 1915974.8523155672
935637.2233808853 1915974.9206598178
935637.0985461079 1915974.9925610828
935636.965128109 1915975.0680133917
935636.8229213675 1915975.1470691424
935636.6723403821 1915975.229876568
935636.5138572607 1915975.316592807
935636.3479441111 1915975.4073749965
935636.1750730411 1915975.5023802747
935635.997355062 1915975.6007755725
935635.8246062774 1915975.6970724894
935635.6689051032 1915975.7844157584
935635.5423302567 1915975.855949933
935635.4569604549 1915975.904819566
935635.4236275919 1915975.9248545514
935635.4329986799 1915975.9209688348
935635.4594080355 1915975.9070539684
935635.476720277 1915975.8972596847
935635.458800024 1915975.9057357153
935635.3795805252 1915975.9465951694
935635.2250986218 1915976.0274922843
935635.0072834813 1915976.1422643096
935634.741401512 1915976.2829676336
935634.4427191222 1915976.4416586459
935634.12650272 1915976.6103937342
935633.8080344228 1915976.7811659141
935633.5026956378 1915976.945567642
935633.2259064543 1915977.095035322
935632.9930870485 1915977.2210050048
935632.8196575971 1915977.3149127422
935632.7201662605 1915977.3686727427
935632.6875000504 1915977.3860767905
935632.6919539042 1915977.3833047033
935632.7027644549 1915977.377116607
935632.6891683346 1915977.3842726254
935632.6204147668 1915977.4215259505
935632.4763433518 1915977.4997977882
935632.2666282854 1915977.6135798197
935632.0061594717 1915977.7544914994
935631.7098268151 1915977.914152284
935631.3925202203 1915978.0841816287
935631.0693017557 1915978.2561667804
935630.7567185907 1915978.4214171458
935630.4720769359 1915978.5711001256
935630.2326891093 1915978.69638198
935630.055867428 1915978.7884289664
935629.9584297576 1915978.838666304
935629.9364215183 1915978.8493983457
935629.9579710193 1915978.8375504524
935629.989243924 1915978.8210758788
935629.9964058964 1915978.8179278802
935629.9456226862 1915978.8460596642
935629.8123114515 1915978.91849228
935629.6065841139 1915979.029750119
935629.3466842206 1915979.170022397
935629.0508553192 1915979.3294983294
935628.7373409565 1915979.4983671315
935628.4240215943 1915979.6670138265
935628.1243877651 1915979.8281908892
935627.8490153893 1915979.9762226134
935627.6084279706 1915980.1054615625
935627.4131490136 1915980.210260301
935627.2735537328 1915980.2850513563
935627.1875919546 1915980.3309676962
935627.1315935671 1915980.3608009198
935627.0797224978 1915980.3885106305
935627.0061426738 1915980.4280564291
935626.8850180225 1915980.49339792
935626.6970867598 1915980.594932038
935626.4560705341 1915980.7251816995
935626.1860128336 1915980.8710763222
935625.9109606928 1915981.0195434028
935625.6549611449 1915981.1575104378
935625.4410546168 1915981.2724527298
935625.2744829612 1915981.3615317447
935625.1452364264 1915981.430209029
935625.0428118573 1915981.4842146435
935624.9567060992 1915981.5292786479
935624.8764195837 1915981.571129198
935624.7922796087 1915981.615055428
935624.6964920334 1915981.6653490576
935624.581522208 1915981.7261640292
935624.4398354829 1915981.8016542862
935624.2638972076 1915981.8959737718
935624.0483141311 1915982.0120941023
935623.8021721682 1915982.144992545
935623.540554804 1915982.28633494
935623.2785647371 1915982.4277765187
935623.0313046651 1915982.5609725143
935622.8135988705 1915982.6777351396
935622.6325767139 1915982.7742153085
935622.4868785044 1915982.851350391
935622.3747068277 1915982.9103245651
935622.2942642693 1915982.9523220072
935622.2437519283 1915982.9785276393
935622.2192122446 1915982.9912069126
935622.2102126181 1915982.995866399
935622.2051114766 1915982.99861783
935622.192267248 1915983.0055729374
935622.1600383599 1915983.0228434512
935622.0981057078 1915983.0558436424
935622.0084126936 1915983.1035206171
935621.8995502688 1915983.1613156071
935621.7801751025 1915983.2246351854
935621.6589438636 1915983.2888859273
935621.5445132211 1915983.3494744047
935621.4455398436 1915983.4018071925
935621.3706804002 1915983.4412908629
935621.3285915595 1915983.4633319902
935621.3279299911 1915983.4633371483
935621.377352363 1915983.43671291
