935565.405151872 1915952.79949329 3
935565.4739202126 1915952.7626109507 3
935565.5426885532 1915952.7257286112 3
935565.6114568939 1915952.688846272 3
935565.6802252345 1915952.6519639327 3
935565.7489935751 1915952.6150815934 3
935565.8177619159 1915952.5781992539 3
935565.8865302565 1915952.5413169146 3
935565.9552985971 1915952.5044345753 3
935566.0240669377 1915952.467552236 3
935566.0928352784 1915952.4306698965 3
935566.161603619 1915952.3937875573 3
935566.2303719596 1915952.356905218 3
935566.2991403003 1915952.3200228785 3
935566.3679086409 1915952.2831405392 3
935566.4366769815 1915952.2462582 3
935566.5054453221 1915952.2093758606 3
935566.5742136628 1915952.1724935211 3
935566.6429820035 1915952.1356111818 3
935566.7117503441 1915952.0987288426 3
935566.7805186848 1915952.0618465033 3
935566.8492870254 1915952.0249641638 3
935566.918055366 1915951.9880818245 3
935566.9868237067 1915951.9511994852 3
935567.0555920473 1915951.9143171457 3
935567.1243603879 1915951.8774348064 3
935567.1931287285 1915951.8405524672 3
935567.2618970692 1915951.8036701279 3
935567.3306654098 1915951.7667877884 3
935567.3994337504 1915951.729905449 3
935567.4682020912 1915951.6930231098 3
935567.5369704318 1915951.6561407703 3
935567.6057387724 1915951.619258431 3
935567.674507113 1915951.5823760917 3
935567.7432754537 1915951.5454937525 3
935567.8120437943 1915951.508611413 3
935567.880812135 1915951.4717290737 3
935567.9495804756 1915951.4348467344 3
935568.0183488162 1915951.3979643951 3
935568.0871171571 1915951.3610820554 3
935568.1558854982 1915951.3241997154 3
935568.2246538391 1915951.2873173757 3
935568.2934221802 1915951.2504350357 3
935568.3621905212 1915951.213552696 3
935568.4309588623 1915951.176670356 3
935568.4997272033 1915951.1397880162 3
935568.5684955443 1915951.1029056765 3
935568.6372638853 1915951.0660233365 3
935568.7060322263 1915951.0291409967 3
935568.7748005674 1915950.9922586568 3
935568.8435689084 1915950.955376317 3
935568.9123372494 1915950.918493977 3
935568.9811055905 1915950.8816116373 3
935569.0498739314 1915950.8447292973 3
935569.1186422725 1915950.8078469576 3
935569.1874106135 1915950.7709646176 3
935569.2561789546 1915950.7340822779 3
935569.3249472956 1915950.697199938 3
935569.3937156366 1915950.6603175981 3
935569.4624839777 1915950.6234352582 3
935569.5312523186 1915950.5865529184 3
935569.6000206597 1915950.5496705784 3
935569.6687890007 1915950.5127882387 3
935569.7375573418 1915950.4759058987 3
935569.8063256828 1915950.439023559 3
935569.8750940238 1915950.402141219 3
935569.9438623649 1915950.3652588793 3
935570.0126307058 1915950.3283765393 3
935570.0813990469 1915950.2914941995 3
935570.1501673879 1915950.2546118596 3
935570.2189357289 1915950.2177295198 3
935570.28770407 1915950.1808471798 3
935570.356472411 1915950.14396484 3
935570.425240752 1915950.1070825001 3
935570.494009093 1915950.0702001604 3
935570.5627774341 1915950.0333178204 3
935570.6315457751 1915949.9964354807 3
935570.7003081075 1915949.9595530455 3
935570.7690504113 1915949.9226702924 3
935570.837792715 1915949.8857875394 3
935570.9065350188 1915949.8489047864 3
935570.9752773226 1915949.8120220331 3
935571.0440196265 1915949.7751392801 3
935571.1127619302 1915949.738256527 3
935571.181504234 1915949.701373774 3
935571.2502465377 1915949.664491021 3
935571.3189888415 1915949.627608268 3
935571.3877311453 1915949.590725515 3
935571.456473449 1915949.553842762 3
935571.5252157528 1915949.516960009 3
935571.5939580565 1915949.4800772558 3
935571.6627003604 1915949.4431945027 3
935571.7314426642 1915949.4063117497 3
935571.8001849679 1915949.3694289967 3
935571.8689272717 1915949.3325462437 3
935571.9376695754 1915949.2956634907 3
935572.0064118792 1915949.2587807376 3
935572.075154183 1915949.2218979846 3
935572.1438964867 1915949.1850152316 3
935572.2126387906 1915949.1481324784 3
935572.2813810944 1915949.1112497253 3
935572.3501233981 1915949.0743669723 3
935572.4188657019 1915949.0374842193 3
935572.4876080056 1915949.0006014663 3
935572.5563503094 1915948.9637187133 3
935572.6250926132 1915948.9268359602 3
935572.6938349169 1915948.8899532072 3
935572.7625772207 1915948.8530704542 3
935572.8313195246 1915948.8161877012 3
935572.9000618283 1915948.779304948 3
935572.9688041321 1915948.742422195 3
935573.0375464358 1915948.705539442 3
935573.1062887396 1915948.6686566889 3
935573.1750310434 1915948.6317739359 3
935573.2437733471 1915948.5948911828 3
935573.3125156509 1915948.5580084298 3
935573.3812799869 1915948.5211260254 3
935573.4500483287 1915948.484243684 3
935573.5188166705 1915948.4473613428 3
935573.5875850124 1915948.4104790017 3
935573.6563533542 1915948.3735966606 3
935573.7251216961 1915948.3367143194 3
935573.7938900379 1915948.2998319783 3
935573.8626583797 1915948.2629496371 3
935573.9314267216 1915948.226067296 3
935574.0001950634 1915948.1891849549 3
935574.0689634052 1915948.1523026137 3
935574.1377317471 1915948.1154202726 3
935574.2065000889 1915948.0785379312 3
935574.2752684308 1915948.04165559 3
935574.3440367726 1915948.004773249 3
935574.4128051144 1915947.9678909078 3
935574.4815734563 1915947.9310085666 3
935574.5503417981 1915947.8941262255 3
935574.6191101399 1915947.8572438844 3
935574.6878784818 1915947.8203615432 3
935574.7566468236 1915947.783479202 3
935574.8254151655 1915947.746596861 3
935574.8941835073 1915947.7097145198 3
935574.9629518491 1915947.6728321784 3
935575.031720191 1915947.6359498373 3
935575.1004885328 1915947.5990674961 3
935575.1692568746 1915947.562185155 3
935575.2380252165 1915947.5253028139 3
935575.3067935583 1915947.4884204727 3
935575.3755619002 1915947.4515381316 3
935575.444330242 1915947.4146557904 3
935575.5130985838 1915947.3777734493 3
935575.5818669257 1915947.3408911081 3
935575.6506352675 1915947.304008767 3
935575.7194036094 1915947.2671264256 3
935575.7881719512 1915947.2302440845 3
935575.856940293 1915947.1933617434 3
935575.9257086349 1915947.1564794022 3
935575.9944769769 1915947.1195970608 3
935576.0632453192 1915947.0827147188 3
935576.1320136614 1915947.045832377 3
935576.2007820037 1915947.0089500349 3
935576.269550346 1915946.972067693 3
935576.3383186883 1915946.935185351 3
935576.4070870306 1915946.898303009 3
935576.4758553728 1915946.861420667 3
935576.5446237151 1915946.8245383252 3
935576.6133920574 1915946.7876559834 3
935576.6821603997 1915946.7507736413 3
935576.750928742 1915946.7138912994 3
935576.8196970843 1915946.6770089574 3
935576.8884654265 1915946.6401266155 3
935576.9572337688 1915946.6032442735 3
935577.026002111 1915946.5663619316 3
935577.0947704534 1915946.5294795895 3
935577.1635387957 1915946.4925972477 3
935577.2323071379 1915946.4557149056 3
935577.3010754802 1915946.4188325638 3
935577.3698438224 1915946.381950222 3
935577.4386121648 1915946.3450678799 3
935577.5073805071 1915946.308185538 3
935577.5761488493 1915946.271303196 3
935577.6449171916 1915946.2344208541 3
935577.7136855338 1915946.197538512 3
935577.7824538761 1915946.1606561702 3
935577.8512222185 1915946.1237738281 3
935577.9199905607 1915946.0868914863 3
935577.988758903 1915946.0500091442 3
935578.0575272453 1915946.0131268024 3
935578.1262955875 1915945.9762444606 3
935578.1950639299 1915945.9393621185 3
935578.2638322721 1915945.9024797766 3
935578.3326006144 1915945.8655974346 3
935578.4013689567 1915945.8287150927 3
935578.4701372989 1915945.7918327507 3
935578.5389056412 1915945.7549504088 3
935578.6076739836 1915945.7180680668 3
935578.6764423262 1915945.6811857244 3
935578.7452106689 1915945.644303382 3
935578.8139790115 1915945.6074210394 3
935578.8827473542 1915945.5705386968 3
935578.9515156968 1915945.5336563545 3
935579.0202840396 1915945.496774012 3
935579.0890523822 1915945.4598916695 3
935579.1578207249 1915945.4230093271 3
935579.2265890676 1915945.3861269846 3
935579.2953574102 1915945.349244642 3
935579.3641257529 1915945.3123622998 3
935579.4328940955 1915945.2754799572 3
935579.5016624383 1915945.2385976147 3
935579.5704307809 1915945.2017152724 3
935579.6391991236 1915945.1648329298 3
935579.7079674662 1915945.1279505873 3
935579.7767358089 1915945.091068245 3
935579.8455041515 1915945.0541859025 3
935579.9142724943 1915945.01730356 3
935579.9830408369 1915944.9804212174 3
935580.0518091796 1915944.943538875 3
935580.1205775222 1915944.9066565325 3
935580.1893458649 1915944.86977419 3
935580.2581142075 1915944.8328918477 3
935580.3268825503 1915944.7960095052 3
935580.3956508929 1915944.7591271626 3
935580.4644192356 1915944.7222448203 3
935580.5331875782 1915944.6853624778 3
935580.6019559209 1915944.6484801352 3
935580.6707242635 1915944.611597793 3
935580.7394926063 1915944.5747154504 3
935580.8082609489 1915944.5378331079 3
935580.8770292916 1915944.5009507653 3
935580.9457976342 1915944.464068423 3
935581.0145659769 1915944.4271860805 3
935581.0833343195 1915944.390303738 3
935581.1521026623 1915944.3534213956 3
935581.2208710049 1915944.316539053 3
935581.2896213218 1915944.2796564244 3
935581.3583636272 1915944.2427736686 3
935581.4271059326 1915944.2058909126 3
935581.495848238 1915944.1690081568 3
935581.5645905435 1915944.1321254007 3
935581.6333328489 1915944.095242645 3
935581.7020751543 1915944.0583598888 3
935581.7708174597 1915944.021477133 3
935581.8395597652 1915943.9845943772 3
935581.9083020706 1915943.9477116212 3
935581.977044376 1915943.9108288654 3
935582.0457866814 1915943.8739461093 3
935582.1145289867 1915943.8370633535 3
935582.1832712922 1915943.8001805975 3
935582.2520135976 1915943.7632978417 3
935582.320755903 1915943.7264150858 3
935582.3894982084 1915943.6895323298 3
935582.4582405139 1915943.652649574 3
935582.5269828193 1915943.615766818 3
935582.5957251247 1915943.5788840621 3
935582.6644674301 1915943.542001306 3
935582.7332097356 1915943.5051185503 3
935582.801952041 1915943.4682357942 3
935582.8706943464 1915943.4313530384 3
935582.9394366518 1915943.3944702826 3
935583.0081789573 1915943.3575875266 3
935583.0769212627 1915943.3207047707 3
935583.145663568 1915943.2838220147 3
935583.2144058734 1915943.2469392589 3
935583.2831481788 1915943.2100565028 3
935583.3518904843 1915943.173173747 3
935583.4206327897 1915943.1362909912 3
935583.4893750951 1915943.0994082352 3
935583.5581174005 1915943.0625254794 3
935583.626859706 1915943.0256427233 3
935583.6956020114 1915942.9887599675 3
935583.7643443168 1915942.9518772115 3
935583.8330866222 1915942.9149944556 3
935583.9018369394 1915942.8781118265 3
935583.9706052828 1915942.8412294828 3
935584.0393736262 1915942.804347139 3
935584.1081419697 1915942.7674647951 3
935584.1769103131 1915942.7305824514 3
935584.2456786565 1915942.6937001077 3
935584.3144469999 1915942.656817764 3
935584.3832153433 1915942.61993542 3
935584.4519836868 1915942.5830530764 3
935584.5207520302 1915942.5461707327 3
935584.5895203736 1915942.5092883888 3
935584.658288717 1915942.472406045 3
935584.7270570605 1915942.4355237014 3
935584.7958254039 1915942.3986413574 3
935584.8645937473 1915942.3617590137 3
935584.9333620907 1915942.32487667 3
935585.0021304341 1915942.2879943263 3
935585.0708987776 1915942.2511119824 3
935585.139667121 1915942.2142296387 3
935585.2084354644 1915942.177347295 3
935585.2772038078 1915942.140464951 3
935585.3459721513 1915942.1035826073 3
935585.4147404947 1915942.0667002636 3
935585.4835088381 1915942.02981792 3
935585.5522771815 1915941.992935576 3
935585.621045525 1915941.9560532323 3
935585.6898138684 1915941.9191708886 3
935585.7585822118 1915941.8822885447 3
935585.8273505552 1915941.845406201 3
935585.8961188986 1915941.8085238573 3
935585.9648872421 1915941.7716415136 3
935586.0336555855 1915941.7347591696 3
935586.1024239289 1915941.697876826 3
935586.1711922723 1915941.6609944822 3
935586.2399606158 1915941.6241121383 3
935586.3087289592 1915941.5872297946 3
935586.3774973026 1915941.550347451 3
935586.446265646 1915941.513465107 3
935586.5150339894 1915941.4765827633 3
935586.5838023333 1915941.439700419 3
935586.6525706772 1915941.4028180747 3
935586.7213390212 1915941.3659357305 3
935586.7901073651 1915941.329053386 3
935586.8588757091 1915941.292171042 3
935586.927644053 1915941.2552886975 3
935586.996412397 1915941.2184063534 3
935587.0651807409 1915941.181524009 3
935587.1339490849 1915941.1446416648 3
935587.2027174288 1915941.1077593204 3
935587.2714857728 1915941.0708769762 3
935587.3402541167 1915941.0339946318 3
935587.4090224607 1915940.9971122877 3
935587.4777908046 1915940.9602299433 3
935587.5465591486 1915940.923347599 3
935587.6153274925 1915940.8864652547 3
935587.6840958365 1915940.8495829105 3
935587.7528641804 1915940.8127005661 3
935587.8216325244 1915940.775818222 3
935587.8904008683 1915940.7389358776 3
935587.9591692123 1915940.7020535334 3
935588.0279375562 1915940.665171189 3
935588.0967059002 1915940.6282888448 3
935588.165474244 1915940.5914065004 3
935588.234242588 1915940.5545241563 3
935588.303010932 1915940.5176418119 3
935588.3717792759 1915940.4807594677 3
935588.44054762 1915940.4438771233 3
935588.5093159638 1915940.4069947791 3
935588.5780843078 1915940.3701124347 3
935588.6468526517 1915940.3332300906 3
935588.7156209957 1915940.2963477462 3
935588.7843893396 1915940.259465402 3
935588.8531576836 1915940.2225830576 3
935588.9219260275 1915940.1857007134 3
935588.9906943715 1915940.148818369 3
935589.0594627154 1915940.1119360249 3
935589.1282310594 1915940.0750536805 3
935589.1969994035 1915940.0381713358 3
935589.2657677478 1915940.0012889907 3
935589.3345360921 1915939.9644066456 3
935589.4033044365 1915939.9275243005 3
935589.4720727807 1915939.8906419554 3
935589.5408411251 1915939.8537596103 3
935589.6096094693 1915939.8168772655 3
935589.6783778137 1915939.7799949204 3
935589.747146158 1915939.7431125753 3
935589.8159145023 1915939.7062302302 3
935589.8846828466 1915939.669347885 3
935589.9534511908 1915939.63246554 3
935590.0222195352 1915939.5955831949 3
935590.0909878796 1915939.5587008498 3
935590.1597562238 1915939.521818505 3
935590.2285245681 1915939.4849361598 3
935590.2972929125 1915939.4480538147 3
935590.3660612567 1915939.4111714696 3
935590.4348296011 1915939.3742891245 3
935590.5035979453 1915939.3374067794 3
935590.5723662897 1915939.3005244343 3
935590.641134634 1915939.2636420894 3
935590.7099029783 1915939.2267597443 3
935590.7786713226 1915939.1898773992 3
935590.8474396669 1915939.1529950541 3
935590.9162080112 1915939.116112709 3
935590.9849763556 1915939.079230364 3
935591.0537446998 1915939.0423480188 3
935591.1225130442 1915939.0054656737 3
935591.1912813884 1915938.9685833289 3
935591.2600497328 1915938.9317009838 3
935591.3288180771 1915938.8948186387 3
935591.3975864213 1915938.8579362936 3
935591.4663547657 1915938.8210539485 3
935591.53512311 1915938.7841716034 3
935591.6038914543 1915938.7472892583 3
935591.6726597986 1915938.7104069134 3
935591.7414281429 1915938.6735245683 3
935591.810192545 1915938.6366381538 3
935591.8789352647 1915938.5997293578 3
935591.9476779844 1915938.5628205617 3
935592.0164207042 1915938.5259117656 3
935592.0851634239 1915938.4890029696 3
935592.1539061436 1915938.4520941735 3
935592.2226488633 1915938.4151853777 3
935592.291391583 1915938.3782765816 3
935592.3601343028 1915938.3413677856 3
935592.4288770225 1915938.3044589895 3
935592.4976197422 1915938.2675501935 3
935592.5663624619 1915938.2306413974 3
935592.6351051816 1915938.1937326014 3
935592.7038479013 1915938.1568238053 3
935592.772590621 1915938.1199150092 3
935592.8413333409 1915938.0830062132 3
935592.9100760606 1915938.0460974171 3
935592.9788187803 1915938.0091886213 3
935593.0475615 1915937.9722798252 3
935593.1163042197 1915937.9353710292 3
935593.1850469394 1915937.8984622331 3
935593.2537896591 1915937.861553437 3
935593.3225323788 1915937.824644641 3
935593.3912750985 1915937.787735845 3
935593.4600178183 1915937.750827049 3
935593.528760538 1915937.7139182528 3
935593.5975032578 1915937.6770094568 3
935593.6662459775 1915937.640100661 3
935593.7349886972 1915937.603191865 3
935593.8037314169 1915937.5662830689 3
935593.8724741366 1915937.5293742728 3
935593.9412168564 1915937.4924654767 3
935594.0099595761 1915937.4555566807 3
935594.0787022958 1915937.4186478846 3
935594.1474450155 1915937.3817390886 3
935594.2161877352 1915937.3448302925 3
935594.2849304549 1915937.3079214965 3
935594.3536731746 1915937.2710127004 3
935594.4224158945 1915937.2341039046 3
935594.491178326 1915937.1972154544 3
935594.5599466711 1915937.160333108 3
935594.6287150163 1915937.1234507617 3
935594.6974833615 1915937.0865684152 3
935594.7662517065 1915937.049686069 3
935594.8350200517 1915937.0128037224 3
935594.9037883969 1915936.9759213761 3
935594.972556742 1915936.9390390296 3
935595.0413250872 1915936.9021566834 3
935595.1100934322 1915936.865274337 3
935595.1788617774 1915936.8283919906 3
935595.2476301226 1915936.7915096441 3
935595.3163984678 1915936.7546272979 3
935595.3851668129 1915936.7177449516 3
935595.453935158 1915936.680862605 3
935595.5227035031 1915936.6439802588 3
935595.5914718483 1915936.6070979123 3
935595.6602401935 1915936.570215566 3
935595.7290085386 1915936.5333332196 3
935595.7977768837 1915936.4964508733 3
935595.8665452289 1915936.4595685268 3
935595.935313574 1915936.4226861806 3
935596.0040819192 1915936.385803834 3
935596.0728502644 1915936.3489214878 3
935596.1416186094 1915936.3120391413 3
935596.2103869546 1915936.275156795 3
935596.2791552998 1915936.2382744486 3
935596.3479236449 1915936.2013921023 3
935596.4166919901 1915936.164509756 3
935596.4854603352 1915936.1276274095 3
935596.5542286803 1915936.0907450633 3
935596.6229970255 1915936.0538627168 3
935596.6917653707 1915936.0169803705 3
935596.7605337158 1915935.980098024 3
935596.8293020609 1915935.9432156777 3
935596.898070406 1915935.9063333313 3
935596.9668387512 1915935.869450985 3
935597.0356070964 1915935.8325686385 3
935597.0844827837 1915935.8063596082 3
935597.1015302184 1915935.7972278832 3
935597.1185776531 1915935.7880961583 3
935597.1356250878 1915935.7789644334 3
935597.1526725225 1915935.7698327084 3
935597.1697199572 1915935.7607009835 3
935597.1867673919 1915935.7515692585 3
935597.2038148266 1915935.7424375336 3
935597.2208622613 1915935.7333058086 3
935597.237909696 1915935.7241740837 3
935597.2549571306 1915935.7150423587 3
935597.2720045652 1915935.7059106336 3
935597.2890519999 1915935.6967789086 3
935597.3060994346 1915935.6876471837 3
935597.3231468693 1915935.6785154587 3
935597.340194304 1915935.6693837338 3
935597.3572417387 1915935.6602520088 3
935597.3742891734 1915935.6511202839 3
935597.3913366081 1915935.641988559 3
935597.4083840428 1915935.632856834 3
935597.4254314775 1915935.623725109 3
935597.4424789122 1915935.614593384 3
935597.4595263469 1915935.6054616591 3
935597.4765737816 1915935.5963299342 3
935597.4936212163 1915935.5871982093 3
935597.510668651 1915935.5780664843 3
935597.5277160857 1915935.5689347594 3
935597.5447635204 1915935.5598030344 3
935597.561810955 1915935.5506713095 3
935597.5788583898 1915935.5415395845 3
935597.5959058244 1915935.5324078596 3
935597.6129532591 1915935.5232761346 3
935597.6300006938 1915935.5141444097 3
935597.6470481285 1915935.5050126847 3
935597.6640955632 1915935.4958809598 3
935597.6811429979 1915935.4867492348 3
935597.6981904326 1915935.47761751 3
935597.7152378673 1915935.468485785 3
935597.732285302 1915935.45935406 3