935477.387090742 1915788.37283998
935478.5412036047 1915788.2713446198
935479.5810626862 1915788.2418492262
935480.5398077797 1915788.2732057166
935481.4505786783 1915788.3542660088
935482.346515176 1915788.4738820211
935483.2597995136 1915788.622269469
935484.2068358979 1915788.8121160283
935485.1910953117 1915789.0745295926
935486.2083917726 1915789.4322616989
935487.2106028575 1915789.8543181599
935488.1333139573 1915790.2896950888
935488.9629826592 1915790.715167282
935489.816108202 1915791.1785675131
935490.8237331292 1915791.736084751
935491.9330829899 1915792.3561635225
935492.8765083877 1915792.9046785003
935493.4143701943 1915793.2632122168
935493.6834588782 1915793.51492285
935494.0262601008 1915793.8531170443
935494.6970103444 1915794.4246899367
935495.6058406319 1915795.195490484
935496.5810433599 1915796.0875996773
935497.4569300163 1915796.9732357382
935498.0778959674 1915797.641080985
935498.3084609052 1915797.8949711458
935498.3086910675 1915797.895371201
935498.4707628357 1915798.0828281273
935499.0973016814 1915798.79718086
935499.9408123341 1915799.7566654126
935500.5584913946 1915800.4588435204
935500.737516103 1915800.6650994106
935500.8265104204 1915800.7808713382
935501.2445432517 1915801.2920481
935502.0254428503 1915802.232368321
935502.7715011524 1915803.1290840493
935503.1104628383 1915803.5402125397
935503.0979741097 1915803.533895585
935503.0133126351 1915803.4448781325
935503.0697461533 1915803.5290190093
935503.2340100765 1915803.747575602
935503.4174139658 1915803.9955141079
935503.5615697635 1915804.200168056
935503.6566791821 1915804.3407718877
935503.6990080349 1915804.4040897624
935503.7092436356 1915804.4181884697
935503.7264474344 1915804.4422098838
935503.7806403993 1915804.5217618817
935503.8500049767 1915804.6243717826
935503.8952070484 1915804.6911815228
935503.9019871175 1915804.700720233
935503.9145105558 1915804.7186312
935503.983494457 1915804.8203340229
935504.1138331614 1915805.013118317
935504.261231303 1915805.2311376785
935504.3839426045 1915805.4123463994
935504.4819521796 1915805.5568352581
935504.5760988106 1915805.6957453643
935504.6848169776 1915805.8566147652
935504.8177001883 1915806.0537376509
935504.9820885865 1915806.2980354792
935505.16514264 1915806.5703656431
935505.3230454017 1915806.8054348
935505.4125580188 1915806.9387920129
935505.4339925535 1915806.9706134412
935505.4190474986 1915806.9476509336
935505.4040955857 1915806.9239212594
935505.4462050484 1915806.9858603363
935505.6089055093 1915807.2300415896
935505.9051127692 1915807.6770678754
935506.2351523425 1915808.1785452534
935506.4876906291 1915808.5685095813
935506.6366891969 1915808.8073285916
935506.7438580587 1915808.9853354793
935506.8662993748 1915809.185818454
935506.9925179176 1915809.3887127265
935507.0782557505 1915809.5245916666
935507.0981185064 1915809.5544157566
935507.0894789172 1915809.540186567
935507.1023610965 1915809.5642672176
935507.1739579006 1915809.6881372791
935507.3226019726 1915809.9425803302
935507.5613877249 1915810.3496384048
935507.8557958656 1915810.8511021205
935508.1384429884 1915811.3333706507
935508.3537549082 1915811.7026117535
935508.5078116789 1915811.9682391586
935508.6256620681 1915812.1714328257
935508.7214050614 1915812.3352570585
935508.7858558882 1915812.444254573
935508.8080093192 1915812.4800763633
935508.8028235543 1915812.4700219308
935508.8108547179 1915812.4863966529
935508.870497991 1915812.597483111
935508.9956520166 1915812.8268079069
935509.1890298037 1915813.177461614
935509.4441413084 1915813.6368636724
935509.725805271 1915814.1435998771
935509.993357446 1915814.6268953294
935510.2121538476 1915815.0248890542
935510.3560249987 1915815.2882678919
935510.4039765494 1915815.3770057205
935510.3895390185 1915815.3513278242
935510.3822806302 1915815.3377197199
935510.4364438143 1915815.4349144262
935510.531075178 1915815.6053938023
935510.6232259988 1915815.7717844786
935510.6873373219 1915815.8881126542
935510.7331816591 1915815.972200292
935510.774628464 1915816.0492650336
935510.8216395451 1915816.1374290262
935510.8804845337 1915816.2481101695
935510.9547586091 1915816.3877365796
935511.0299362491 1915816.5288764737
935511.0836025708 1915816.629356517
935511.1105548305 1915816.6796122089
935511.1571584264 1915816.7677736543
935511.2782539132 1915816.9980117916
935511.4811709932 1915817.3838483356
935511.7091801651 1915817.8165820343
935511.9043263156 1915818.1852527077
935512.0460188851 1915818.4510908911
935512.1373109275 1915818.6210080974
935512.1893361416 1915818.7171230626
935512.2477859267 1915818.826505736
935512.3677326663 1915819.053848109
935512.5678079702 1915819.4341997642
935512.7958691171 1915819.8673526172
935512.993558029 1915820.2412615498
935513.1396115387 1915820.5155716913
935513.2463553398 1915820.7148425695
935513.327284701 1915820.8657502725
935513.395601005 1915820.9934250035
935513.4643760659 1915821.1223396682
935513.5400241185 1915821.2644096746
935513.6099775956 1915821.3957509194
935513.6586530117 1915821.4867967046
935513.6837095113 1915821.5331631452
935513.6999107826 1915821.5629931625
935513.7237183861 1915821.6076337341
935513.7776261459 1915821.7096391846
935513.8877816221 1915821.9183521154
935514.0672151045 1915822.2582271595
935514.2727329227 1915822.6470513742
935514.4464061267 1915822.9746583558
935514.5579882127 1915823.1836256683
935514.6286491061 1915823.314495717
935514.6852912994 1915823.418731415
935514.7573447688 1915823.552577499
935514.8764326143 1915823.776427941
935515.0664980509 1915824.1359232964
935515.3013886 1915824.5804816452
935515.535050413 1915825.021295984
935515.7304223222 1915825.3874405026
935515.8750382779 1915825.6568853753
935515.9613024185 1915825.817170311
935516.0070748469 1915825.9025084872
935516.0617167957 1915826.0048703474
935516.1700205154 1915826.2076379657
935516.3109438998 1915826.4713553954
935516.4252842176 1915826.6853641197
935516.4756789374 1915826.7798364132
935516.5154634097 1915826.8544995144
935516.6204671725 1915827.051131758
935516.8170370827 1915827.4189510264
935517.0436021574 1915827.8427193768
935517.2332401207 1915828.1972001775
935517.38127916 1915828.4737895732
935517.5348060522 1915828.76085886
935517.731746339 1915829.1295721051
935517.9440977469 1915829.5273084748
935518.118897105 1915829.8545810417
935518.227725597 1915830.0580068962
935518.3059793048 1915830.2040726764
935518.3980297281 1915830.3761257173
935518.5086105564 1915830.5831000705
935518.595456555 1915830.7456972634
935518.6200668975 1915830.7916641992
935518.6058672658 1915830.7647976666
935518.6106265753 1915830.7732534534
935518.6718540768 1915830.8872867564
935518.7472029241 1915831.0277580507
935518.7756771318 1915831.0806380662
935518.7489165047 1915831.030294104
935518.7480442402 1915831.0283724032
935518.856086748 1915831.230078727
935519.0489119821 1915831.5903249844
935519.2170199561 1915831.9044586928
935519.2734092561 1915832.009866949
935519.2762951653 1915832.015288875
935519.3362951194 1915832.1273823893
935519.5066429112 1915832.4456127805
935519.6982684056 1915832.80362153
935519.8034484478 1915833.0002042875
935519.8022555527 1915832.9981009823
935519.7745154783 1915832.9463246716
935519.7968675112 1915832.9879519986
935519.868431845 1915833.121429827
935519.9472078285 1915833.268484585
935520.0024037606 1915833.3717438702
935520.0459486175 1915833.4534973758
935520.0993823933 1915833.553954123
935520.1682741138 1915833.68336807
935520.2322072665 1915833.8032548449
935520.2698422645 1915833.8734212995
935520.2814429789 1915833.894526541
935520.2837615451 1915833.8984090704
935520.296313582 1915833.921945024
935520.3516536703 1915834.0256223497
935520.4867088478 1915834.2778407247
935520.7023429002 1915834.6799555365
935520.9141298835 1915835.0747626578
935521.0285899309 1915835.2882384248
935521.0404094154 1915835.3105987052
935521.0402716616 1915835.3108862503
935521.1120969594 1915835.4455115653
935521.2406118684 1915835.685814267
935521.3602275496 1915835.9092579284
935521.4233472962 1915836.0269720077
935521.4469418741 1915836.0708935903
935521.4619384159 1915836.0990685835
935521.4865255826 1915836.14546874
935521.5190516069 1915836.20656983
935521.5559631109 1915836.2752999198
935521.5911607564 1915836.3404146903
935521.6166838348 1915836.38761936
935521.6269482507 1915836.4069368313
935521.6291545184 1915836.4115763141
935521.6347316947 1915836.4224178384
935521.659781219 1915836.4692388326
935521.7309514232 1915836.6019012034
935521.874728922 1915836.8700183996
935522.0776029179 1915837.2485159517
935522.2843271552 1915837.6343859865
935522.4432479696 1915837.9313027803
935522.5476606836 1915838.126661136
935522.612657707 1915838.2484544169
935522.6541152541 1915838.3261940368
935522.6900513702 1915838.3935752895
935522.7386851138 1915838.4847056519
935522.8048861425 1915838.608673439
935522.8736166987 1915838.7372569155
935522.9297422563 1915838.8420558153
935522.9780235667 1915838.931994051
935523.0371529255 1915839.04213156
935523.1182054209 1915839.1932846666
935523.1925030918 1915839.3319256438
935523.2191049894 1915839.3815925594
935523.1950152558 1915839.33667434
935523.199124482 1915839.3444578582
935523.316565796 1915839.563884623
935523.5308529083 1915839.9641207978
935523.723880109 1915840.3245571963
935523.791725837 1915840.4510809546
935523.7733552676 1915840.4164775778
935523.7739404559 1915840.417200521
935523.8633175462 1915840.58373254
935523.9975254755 1915840.8341005733
935524.1107186576 1915841.0454725386
935524.1730709083 1915841.1622002095
935524.2061944228 1915841.2245788937
935524.2366685915 1915841.2821598833
935524.3035597035 1915841.4076761964
935524.4543074399 1915841.68940592
935524.7143650285 1915842.174691311
935525.0031852816 1915842.713520042
935525.2089098596 1915843.097583543
935525.2763908836 1915843.2241203869
935525.2674386288 1915843.2080467865
935525.2567820107 1915843.1883398423
935525.2867166976 1915843.243981267
935525.3684557725 1915843.3964558535
935525.5055359243 1915843.652845991
935525.6546579577 1915843.9321204855
935525.7518082563 1915844.114277318
935525.7708473707 1915844.1501793936
935525.8009926784 1915844.2065323032
935525.951015649 1915844.486636212
935526.2301417114 1915845.0078454732
935526.5114384696 1915845.5331800957
935526.6698984811 1915845.8292509017
935526.7161817196 1915845.916030664
935526.7480529225 1915845.9761622604
935526.8412819009 1915846.1511586015
935526.9648558204 1915846.382867726
935527.057607693 1915846.556755419
935527.0906606825 1915846.6187591937
935527.0987986668 1915846.634037837
935527.1239393186 1915846.6811028996
935527.2017760276 1915846.8266680848
935527.3622856315 1915847.1266116283
935527.622638443 1915847.6129036467
935527.9128577582 1915848.1548640544
935528.1261579022 1915848.5531130268
935528.2020908397 1915848.6948650551
935528.2148216183 1915848.7188944032
935528.2616216841 1915848.8071471076
935528.3950257015 1915849.0576267992
935528.6089527527 1915849.4583530473
935528.8894024269 1915849.9825858418
935529.1793337825 1915850.5239176522
935529.395252743 1915850.9269765015
935529.4810328169 1915851.0873888975
935529.5009926745 1915851.1252055957
935529.5516430718 1915851.220459055
935529.6778153074 1915851.4567264437
935529.8269163483 1915851.735750745
935529.9393768661 1915851.9462572152
935530.0261146872 1915852.1085835355
935530.1600853895 1915852.3589032302
935530.3990631434 1915852.8050796676
935530.6871165808 1915853.342905826
935530.9224534178 1915853.7826400506
935531.0382731714 1915853.999678189
935531.0648025852 1915854.0500342795
935531.0488881061 1915854.020674823
935531.0375368019 1915853.999389372
935531.0779573583 1915854.0750006177
935531.2092554196 1915854.321136534
935531.3870696581 1915854.6544815917
935531.5179419285 1915854.8994031833
935531.5421782662 1915854.943798536
935531.5422177787 1915854.9429955932
935531.6364591549 1915855.119978658
935531.8728024872 1915855.5647612829
935532.1720272858 1915856.127588867
935532.4441601587 1915856.6384699724
935532.6435579736 1915857.0117974316
935532.7619647187 1915857.2331318292
935532.7982540941 1915857.3012489653
935532.7885214697 1915857.2835509689
935532.7831925375 1915857.273861395
935532.825559384 1915857.3530232457
935532.9400317599 1915857.5675186545
935533.1466074963 1915857.955699644
935533.4212876151 1915858.472514042
935533.6871578268 1915858.9725987876
935533.8710766995 1915859.3177363174
935533.9670944953 1915859.4970188024
935534.007078891 1915859.571191984
935534.022289675 1915859.5996036776
935534.0399312245 1915859.632949165
935534.0859641567 1915859.7193374224
935534.1662468625 1915859.8694851282
935534.2519575614 1915860.0296001139
935534.3141832646 1915860.1457705912
935534.3779224203 1915860.2651721844
935534.5117391449 1915860.516668949
935534.7640725017 1915860.9912614378
935535.0564480721 1915861.5412207318
935535.2638719603 1915861.931312861
935535.318442768 1915862.033696089
935535.2960527933 1915861.99100776
935535.2927810949 1915861.9838663645
935535.3424374544 1915862.076044086
935535.4070688707 1915862.196652541
935535.4500467067 1915862.277209976
935535.4834823228 1915862.339972013
935535.5457286191 1915862.4560471363
935535.6690939944 1915862.6856026736
935535.8622845261 1915863.0460343785
935536.1279664086 1915863.543747015
935536.432159349 1915864.1154671079
935536.6803802374 1915864.5828834267
935536.7804691308 1915864.7719401666
935536.7607898182 1915864.735299482
935536.7430176265 1915864.7011524532
935536.8301483449 1915864.862803387
935537.0059496014 1915865.1906956977
935537.2124000589 1915865.5771591554
935537.3993171516 1915865.9286149219
935537.535450751 1915866.185525866
935537.5938815642 1915866.296282708
935537.5905438112 1915866.290227211
935537.5886983337 1915866.2861019643
935537.6454784381 1915866.391233054
935537.7434073517 1915866.5733865106
935537.8265928722 1915866.728471316
935537.8555499926 1915866.7828956037
935537.8504877448 1915866.7740452776
935537.8450014913 1915866.764197593
935537.8773497258 1915866.8245960376
935537.9931602008 1915867.040653644
935538.2317091599 1915867.485949581
935538.5331450662 1915868.0488229413
935538.7640961832 1915868.4802256261
935538.8234628048 1915868.591351533
935538.7928761706 1915868.5345159923
935538.8147782827 1915868.5755557371
935538.9602317923 1915868.8470822314
935539.1365059294 1915869.175996316
935539.23176781 1915869.3535504688
935539.2303052668 1915869.3505179414
935539.2181362489 1915869.3276692017
935539.2787094545 1915869.440950412
935539.4339808383 1915869.7312473073
935539.6756325602 1915870.1827996764
935539.9772160656 1915870.7460604347
935540.2513587079 1915871.2579549511
935540.3992336069 1915871.5340688548
935540.405385089 1915871.5455901483
935540.3804977067 1915871.49913246
935540.436849321 1915871.6042855403
935540.5683049463 1915871.8496676765
935540.684609556 1915872.0669198611
935540.7196206267 1915872.1326608825
935540.7396559772 1915872.1705990473
935540.852930649 1915872.382596654
935541.103818175 1915872.8513381018
935541.3967904375 1915873.3983425787
935541.6211509332 1915873.8168247442
935541.7456823146 1915874.0486397438
935541.8197812584 1915874.1864056156
935541.8904968303 1915874.318314193
935541.9584198454 1915874.445392475
935542.0022875519 1915874.5276658265
935542.0199772897 1915874.5609605345
935542.07178162 1915874.6578508813
935542.2292680278 1915874.9520052862
935542.4964944157 1915875.4510332386
935542.7797104444 1915875.9799093783
935542.9838426056 1915876.361131541
935543.0931127792 1915876.5651877087
935543.1456902508 1915876.663248702
935543.1788341767 1915876.724829146
935543.220346187 1915876.8019992597
935543.2950209031 1915876.9412790425
935543.4060264213 1915877.1486863417
935543.5112574268 1915877.3454509317
935543.5659557433 1915877.4478223629
935543.5917663331 1915877.496148857
935543.6748807923 1915877.6514077447
935543.8873145791 1915878.0481094962
935544.1761794555 1915878.5875323764
935544.4324518775 1915879.0661333934
935544.5813400069 1915879.3442698445
935544.6545640606 1915879.4811254647
935544.7038096403 1915879.5731542332
935544.7569808095 1915879.6724527604
935544.8089830489 1915879.769568637
935544.8552009322 1915879.8559429238
935544.925293545 1915879.9869439623
935545.0712474837 1915880.2595843668
935545.3234145301 1915880.7304956666
935545.6101397547 1915881.2659176216
935545.8306049771 1915881.6776576885
935545.9323627019 1915881.867782696
935545.9597673867 1915881.9189912681
935545.9674970171 1915881.9332593922
935545.9857099426 1915881.9670884688
935546.0217232052 1915882.0346179756
935546.0800645708 1915882.1446722029
935546.151757397 1915882.2800292512
935546.2220278566 1915882.41228627
935546.278448661 1915882.5177854088
935546.3155645088 1915882.5869609234
935546.3299346091 1915882.6141893822
935546.3483496855 1915882.6496493057
935546.4377818847 1915882.8176869128
935546.6576395103 1915883.2285472339
935546.9524660013 1915883.7789039908
935547.1951708148 1915884.232239931
935547.2920996894 1915884.4141532797
935547.3018952043 1915884.433175872
935547.3247817323 1915884.4750931298
935547.4150454255 1915884.6407923698
935547.5390715145 1915884.8687118012
935547.6549885224 1915885.0820037415
935547.7523219866 1915885.2613398477
935547.848626153 1915885.4387403766
935547.960277874 1915885.644100992
935548.0892010306 1915885.8810560703
935548.231388195 1915886.1424624673
935548.378823871 1915886.4137041012
935548.5122938093 1915886.659282702
935548.6112897965 1915886.8412747467
935548.6796989662 1915886.9667847832
935548.7524711194 1915887.1002517354
935548.8617483692 1915887.30095721
935548.9891309652 1915887.5351566132
935549.0860506031 1915887.7135777997
935549.117649669 1915887.7720984274
935549.108359016 1915887.7553608264
935549.0981746548 1915887.7365644411
935549.1271184282 1915887.789235603
935549.2352593365 1915887.9874986464
935549.4580698594 1915888.3970531877
935549.7498792872 1915888.9339125748
935549.9956021293 1915889.3860394831
935550.09965267 1915889.5773688671
935550.1045431988 1915889.5865919397
935550.1067845236 1915889.5920134422
935550.1708942758 1915889.712789568
935550.2753972821 1915889.9090955348
935550.3850288582 1915890.1156070407
935550.4797797906 1915890.2950044232
935550.5582519561 1915890.4441326037
935550.6201767179 1915890.561909915
935550.6652854389 1915890.6472546896
935550.693309482 1915890.69908526