935555.011268585 1915888.15932374
935555.0570827659 1915888.25648759
935555.1018894798 1915888.3512752582
935555.1457015075 1915888.4437191766
935555.1885316293 1915888.5338517758
935555.2303926272 1915888.6217054892
935555.2712972814 1915888.7073127464
935555.3112583724 1915888.79070598
935555.3502886817 1915888.8719176212
935555.3884009891 1915888.950980101
935555.425608077 1915889.0279258527
935555.4619227246 1915889.1027873056
935555.4973577139 1915889.1755968938
935555.5319258253 1915889.2463870463
935555.5656398393 1915889.3151901956
935555.5985125372 1915889.3820387744
935555.6305566996 1915889.4469652125
935555.6617851076 1915889.5100019423
935555.6922105417 1915889.5711813953
935555.7218457828 1915889.6305360033
935555.7507036122 1915889.6880981973
935555.7787968096 1915889.7439004085
935555.8061381571 1915889.79797507
935555.8327404348 1915889.850354612
935555.8586164237 1915889.9010714663
935555.8837789046 1915889.9501580645
935555.9082406586 1915889.9976468384
935555.9320144663 1915890.0435702195
935555.9551131078 1915890.0879606388
935555.9775493654 1915890.1308505284
935555.999336019 1915890.1722723201
935556.0204858494 1915890.2122584444
935556.0410116375 1915890.2508413338
935556.0609261645 1915890.2880534192
935556.0802422112 1915890.3239271333
935556.0989725579 1915890.358494906
935556.1171299858 1915890.3917891704
935556.1347272757 1915890.423842357
935556.1517772083 1915890.454686897
935556.1682925645 1915890.4843552234
935556.1842861254 1915890.512879767
935556.1997706715 1915890.5402929592
935556.2147589833 1915890.566627231
935556.2292638426 1915890.5919150154
935556.2432980294 1915890.6161887427
935556.2568743248 1915890.6394808448
935556.2700055095 1915890.6618237535
935556.2827043647 1915890.6832499008
935556.2949836708 1915890.703791717
935556.306856209 1915890.7234816342
935556.3183347597 1915890.7423520845
935556.3294321041 1915890.7604354988
935556.3401610227 1915890.7777643083
935556.3505342966 1915890.7943709448
935556.3605647068 1915890.8102878418
935556.3702650336 1915890.8255474274
935556.3796480582 1915890.8401821356
935556.3887265614 1915890.8542243976
935556.3975133238 1915890.8677066439
935556.4060211265 1915890.880661307
935556.4142627502 1915890.8931208185
935556.4222509755 1915890.905117609
935556.4299985839 1915890.9166841109
935556.4375183556 1915890.9278527559
935556.4448230715 1915890.9386559748
935556.4519255126 1915890.9491261994
935556.4588384596 1915890.9592958614
935556.4655746936 1915890.9691973925
935556.4721469954 1915890.9788632242
935556.4785681453 1915890.9883257877
935556.4848509247 1915890.997617515
935556.4910081141 1915891.0067708371
935556.4970524944 1915891.0158181854
935556.5029968469 1915891.0247919925
935556.5088539516 1915891.0337246892
935556.5146365898 1915891.042648707
935556.5203575423 1915891.0515964779
935556.5260295899 1915891.060600433
935556.5316655134 1915891.069693004
935556.5372780936 1915891.0789066225
935556.5428801116 1915891.0882737204
935556.5484843476 1915891.0978267277
935556.5541035832 1915891.107598078
935556.5597505986 1915891.1176202018
935556.5654381751 1915891.127925531
935556.5711790936 1915891.138546497
935556.576986134 1915891.1495155306
935556.5828720782 1915891.1608650645
935556.5888497063 1915891.1726275296
935556.5949317997 1915891.1848353578
935556.6011311387 1915891.19752098
935556.6074605046 1915891.2107168287
935556.613932678 1915891.2244553347
935556.6205604398 1915891.23876893
935556.6273565706 1915891.2536900458
935556.6343338513 1915891.2692511138
935556.6415050632 1915891.2854845657
935556.6488829865 1915891.3024228327
935556.6564804025 1915891.3200983468
935556.6643100914 1915891.3385435387
935556.6723848348 1915891.3577908413
935556.6807174131 1915891.377872685
935556.6893206073 1915891.398821502
935556.6982071977 1915891.4206697228
935556.7073899658 1915891.4434497803
935556.7168816923 1915891.4671941055
935556.7266951579 1915891.4919351297
935556.7368431431 1915891.5177052845
935556.7473384294 1915891.5445370018
935556.7581937972 1915891.5724627129
935556.7694220275 1915891.6015148498
935556.7810358956 1915891.6317258296
935556.7930428474 1915891.6631146295
935556.805434997 1915891.6956615609
935556.8182017192 1915891.7293400269
935556.8313323887 1915891.7641234288
935556.8448163798 1915891.7999851694
935556.8586430674 1915891.8368986503
935556.872801826 1915891.8748372737
935556.88728203 1915891.9137744424
935556.9020730541 1915891.9536835577
935556.9171642733 1915891.9945380231
935556.9325450617 1915892.0363112395
935556.9482047939 1915892.0789766097
935556.9641328446 1915892.1225075352
935556.9803185889 1915892.1668774195
935556.9967514004 1915892.2120596634
935557.0134206545 1915892.2580276697
935557.0303157256 1915892.304754841
935557.0474259879 1915892.3522145783
935557.0647408168 1915892.4003802852
935557.0822495861 1915892.4492253633
935557.0999416708 1915892.4987232143
935557.1178064453 1915892.5488472402
935557.1358332846 1915892.5995708448
935557.1540115626 1915892.6508674282
935557.1723306547 1915892.7027103943
935557.1907799348 1915892.755073144
935557.209348778 1915892.8079290807
935557.2280265588 1915892.861251606
935557.2468026513 1915892.9150141214
935557.2656664308 1915892.9691900301
935557.2846072715 1915893.0237527334
935557.3036145482 1915893.0786756342
935557.322677635 1915893.1339321346
935557.3417859072 1915893.1894956366
935557.3609287391 1915893.245339542
935557.3800955052 1915893.3014372538
935557.39927558 1915893.357762174
935557.4184583384 1915893.414287704
935557.4376331548 1915893.4709872468
935557.456789404 1915893.527834204
935557.4759164603 1915893.5848019782
935557.4950036985 1915893.6418639715
935557.5140404934 1915893.6989935865
935557.533016219 1915893.7561642244
935557.5519202503 1915893.813349288
935557.5707419618 1915893.8705221792
935557.5894707283 1915893.9276563008
935557.608095924 1915893.9847250541
935557.626606924 1915894.0417018416
935557.6449931024 1915894.0985600662
935557.6632438342 1915894.155273129
935557.6813484938 1915894.2118144333
935557.6992964557 1915894.2681573802
935557.7170770947 1915894.324275372
935557.7346797852 1915894.3801418114
935557.7520943364 1915894.4357314983
935557.7693156082 1915894.4910354784
935557.7863417189 1915894.5460552808
935557.8031708411 1915894.600792608
935557.8198011474 1915894.6552491626
935557.8362308111 1915894.7094266484
935557.8524580044 1915894.7633267678
935557.8684809 1915894.8169512236
935557.8842976707 1915894.8703017198
935557.8999064891 1915894.923379958
935557.915305528 1915894.9761876413
935557.93049296 1915895.0287264737
935557.9454669582 1915895.0809981576
935557.9602256948 1915895.1330043955
935557.9747673428 1915895.1847468908
935557.9890900744 1915895.2362273468
935558.0031920632 1915895.2874474658
935558.0170714807 1915895.3384089505
935558.0307265006 1915895.389113505
935558.0441552955 1915895.4395628315
935558.0573560375 1915895.4897586326
935558.0703268999 1915895.5397026124
935558.0830660551 1915895.5893964723
935558.0955716758 1915895.638841917
935558.1078419347 1915895.6880406481
935558.1198750046 1915895.7369943692
935558.1316690581 1915895.785704783
935558.143222268 1915895.8341735923
935558.1545328071 1915895.8824025004
935558.1655988478 1915895.9303932104
935558.1764185628 1915895.9781474248
935558.1869901251 1915896.025666847
935558.1973117072 1915896.072953179
935558.207381482 1915896.1200081252
935558.2171976217 1915896.166833387
935558.2267582994 1915896.213430669
935558.2360616878 1915896.259801673
935558.2451059596 1915896.3059481021
935558.2538892875 1915896.3518716597
935558.262409844 1915896.3975740485
935558.270665802 1915896.443056971
935558.2786553339 1915896.4883221306
935558.2863766126 1915896.5333712304
935558.293827811 1915896.5782059734
935558.3010071015 1915896.6228280617
935558.3079126572 1915896.6672391999
935558.3145426501 1915896.711441089
935558.3208952534 1915896.7554354332
935558.3269686397 1915896.7992239352
935558.3327609817 1915896.8428082978
935558.3382704523 1915896.886190224
935558.3434952239 1915896.9293714173
935558.3484334693 1915896.9723535795
935558.3530833612 1915897.0151384147
935558.3574430721 1915897.0577276251
935558.3615107862 1915897.100122915
935558.365286509 1915897.1423262486
935558.3687740661 1915897.1843401284
935558.3719777641 1915897.2261671273
935558.3749019094 1915897.267809817
935558.3775508088 1915897.3092707703
935558.379928769 1915897.3505525594
935558.3820400964 1915897.3916577557
935558.3838890976 1915897.432588932
935558.3854800792 1915897.4733486606
935558.386817348 1915897.5139395138
935558.3879052103 1915897.5543640628
935558.3887479728 1915897.5946248807
935558.3893499421 1915897.6347245397
935558.3897154249 1915897.674665612
935558.3898487277 1915897.7144506697
935558.3897541572 1915897.7540822842
935558.3894360196 1915897.7935630283
935558.388898622 1915897.8328954752
935558.388146271 1915897.872082196
935558.3871832726 1915897.9111257629
935558.3860139342 1915897.9500287485
935558.3846425615 1915897.9887937242
935558.383073462 1915898.0274232633
935558.381310942 1915898.0659199376
935558.3793593076 1915898.1042863186
935558.3772228659 1915898.1425249793
935558.3749059234 1915898.1806384919
935558.3724127867 1915898.2186294284
935558.3697477623 1915898.256500361
935558.366915157 1915898.2942538618
935558.363919277 1915898.331892503
935558.3607644292 1915898.3694188567
935558.3574549202 1915898.4068354955
935558.3539950565 1915898.4441449912
935558.3503891446 1915898.481349916
935558.3466414914 1915898.5184528425
935558.3427564036 1915898.555456343
935558.338738187 1915898.5923629887
935558.3345911491 1915898.629175353
935558.3303195961 1915898.6658960078
935558.3259278344 1915898.7025275244
935558.321420171 1915898.7390724756
935558.3168009119 1915898.775533434
935558.3120743646 1915898.8119129715
935558.307244835 1915898.84821366
935558.3023166299 1915898.884438072
935558.2972940556 1915898.9205887797
935558.2921814194 1915898.9566683555
935558.2869830274 1915898.992679371
935558.2817031862 1915899.0286243986
935558.2763462025 1915899.0645060106
935558.2709163829 1915899.1003267798
935558.2654180337 1915899.1360892772
935558.2598554621 1915899.171796076
935558.254232974 1915899.2074497477
935558.2485541959 1915899.2430527362
935558.2428173444 1915899.2786064553
935558.237018058 1915899.3141118318
935558.2311519593 1915899.349569788
935558.225214671 1915899.3849812457
935558.2192018152 1915899.4203471285
935558.2131090147 1915899.4556683584
935558.2069318917 1915899.4909458575
935558.2006660692 1915899.5261805486
935558.1943071691 1915899.5613733544
935558.1878508142 1915899.596525197
935558.1812926271 1915899.6316369993
935558.1746282297 1915899.6667096836
935558.1678532452 1915899.7017441725
935558.160963296 1915899.736741389
935558.1539540043 1915899.7717022544
935558.1468209923 1915899.806627692
935558.1395598832 1915899.8415186242
935558.1321662992 1915899.876375974
935558.1246358627 1915899.9112006626
935558.116964196 1915899.9459936132
935558.1091469222 1915899.9807557496
935558.101179663 1915900.0154879917
935558.0930580416 1915900.0501912641
935558.08477768 1915900.0848664886
935558.076334201 1915900.1195145873
935558.0677232268 1915900.1541364833
935558.0589403803 1915900.188733099
935558.0499812837 1915900.2233053567
935558.0408415595 1915900.2578541792
935558.0315168302 1915900.292380489
935558.0220027183 1915900.3268852078
935558.0122948465 1915900.3613692592
935558.0023888369 1915900.395833565
935557.9922803122 1915900.430279048
935557.981964895 1915900.4647066307
935557.9714382074 1915900.499117235
935557.9606958723 1915900.5335117842
935557.9497335124 1915900.5678912012
935557.9385467492 1915900.602256407
935557.927131206 1915900.636608325
935557.9154825053 1915900.6709478782
935557.9035962694 1915900.705275988
935557.8914681206 1915900.7395935778
935557.8790936818 1915900.7739015697
935557.8664685752 1915900.8082008865
935557.8535884231 1915900.8424924503
935557.8404488486 1915900.8767771835
935557.8270454734 1915900.9110560084
935557.8133739209 1915900.945329849
935557.7994298129 1915900.9795996263
935557.7852087722 1915901.0138662634
935557.770706421 1915901.0481306827
935557.755918382 1915901.0823938064
935557.7408402778 1915901.1166565577
935557.7254677726 1915901.1509198633
935557.709799046 1915901.1851849507
935557.6938361765 1915901.2194535113
935557.6775815772 1915901.2537272766
935557.661037662 1915901.2880079772
935557.6442068439 1915901.3222973454
935557.6270915371 1915901.3565971116
935557.6096941547 1915901.3909090073
935557.5920171103 1915901.4252347643
935557.5740628175 1915901.4595761136
935557.5558336899 1915901.4939347866
935557.537332141 1915901.5283125155
935557.518560584 1915901.5627110298
935557.4995214329 1915901.5971320618
935557.4802171008 1915901.631577343
935557.4606500019 1915901.6660486043
935557.4408225488 1915901.700547577
935557.4207371557 1915901.735075993
935557.4003962363 1915901.7696355835
935557.3798022033 1915901.804228079
935557.358957471 1915901.8388552116
935557.3378644525 1915901.8735187126
935557.3165255615 1915901.9082203133
935557.2949432116 1915901.942961744
935557.2731198162 1915901.9777447379
935557.251057789 1915902.0125710247
935557.2287595433 1915902.0474423368
935557.2062274924 1915902.0823604045
935557.1834640504 1915902.11732696
935557.1604716309 1915902.1523437344
935557.1372526467 1915902.1874124582
935557.113809512 1915902.2225348642
935557.09014464 1915902.2577126827
935557.0662604445 1915902.2929476455
935557.0421593387 1915902.328241483
935557.0178437362 1915902.3635959278
935556.9933160509 1915902.3990127104
935556.9685786958 1915902.4344935624
935556.9436340847 1915902.4700402152
935556.918484631 1915902.5056544
935556.8931327485 1915902.5413378482
935556.8675808504 1915902.5770922906
935556.8418313505 1915902.6129194591
935556.8158866625 1915902.6488210852
935556.7897491994 1915902.6847989003
935556.7634213751 1915902.7208546344
935556.7369056026 1915902.75699002
935556.7102042963 1915902.7932067881
935556.6833198692 1915902.8295066706
935556.6562547348 1915902.865891398
935556.629011307 1915902.902362702
935556.6015919988 1915902.9389223135
935556.5739992243 1915902.9755719646
935556.5462353965 1915903.012313386
935556.5183029292 1915903.049148309
935556.490204236 1915903.0860784655
935556.4619418225 1915903.1231047527
935556.43351871 1915903.160223403
935556.4049380997 1915903.197429028
935556.3762031919 1915903.234716237
935556.3473171883 1915903.2720796384
935556.3182832889 1915903.309513842
935556.2891046952 1915903.3470134567
935556.2597846083 1915903.384573093
935556.2303262285 1915903.4221873581
935556.2007327573 1915903.4598508633
935556.1710073954 1915903.4975582166
935556.1411533437 1915903.5353040276
935556.1111738032 1915903.5730829062
935556.0810719752 1915903.6108894611
935556.0508510597 1915903.6487183012
935556.0205142582 1915903.6865640362
935555.9900647716 1915903.7244212753
935555.9595058009 1915903.7622846286
935555.928840547 1915903.8001487039
935555.8980722108 1915903.8380081113
935555.8672039929 1915903.8758574598
935555.8362390948 1915903.9136913589
935555.8051807173 1915903.9515044182
935555.7740320609 1915903.989291246
935555.7427963268 1915904.0270464523
935555.7114767161 1915904.064764646
935555.6800764294 1915904.1024404366
935555.6485986677 1915904.1400684337
935555.6170466322 1915904.1776432465
935555.5854235237 1915904.2151594833
935555.5537325428 1915904.2526117545
935555.521976891 1915904.2899946684
935555.4901597688 1915904.3273028354
935555.4582843774 1915904.364530864
935555.4263539172 1915904.4016733633
935555.3943715898 1915904.4387249434
935555.3623405956 1915904.475680213
935555.330264136 1915904.5125337816
935555.2981454117 1915904.549280258
935555.2659876234 1915904.5859142516
935555.2337939724 1915904.6224303725
935555.2015676593 1915904.6588232287
935555.1693118853 1915904.6950874308
935555.1370298513 1915904.7312175871
935555.1047247581 1915904.767208307
935555.0723998066 1915904.8030542003
935555.0400581979 1915904.8387498758
935555.0077031327 1915904.8742899427
935554.9753378122 1915904.9096690107
935554.9429654372 1915904.9448816888
935554.9105892087 1915904.9799225864
935554.8782123274 1915905.0147863124
935554.8458379944 1915905.0494674766
935554.8134694106 1915905.083960688
935554.7811097768 1915905.1182605557
935554.7487622942 1915905.152361689
935554.7164301636 1915905.1862586979
935554.6841165856 1915905.2199461907
935554.6518247621 1915905.2534187776
935554.6195578929 1915905.2866710671
935554.5873191793 1915905.3196976683
935554.5551118226 1915905.3524931911
935554.5229390232 1915905.3850522449
935554.4908039825 1915905.4173694388
935554.4587099011 1915905.4494393812
935554.42665998 1915905.4812566824
935554.3946574201 1915905.5128159514
935554.3627054224 1915905.5441117976
935554.330807188 1915905.57513883
935554.2989659174 1915905.605891658
935554.2671848119 1915905.6363648907
935554.2354670721 1915905.6665531376
935554.2038158994 1915905.6964510083
935554.1722344944 1915905.7260531113
935554.1407260578 1915905.7553540561
935554.1092937912 1915905.7843484522
935554.077940895 1915905.813030909
935554.04667057 1915905.8413960354
935554.0154860176 1915905.869438441
935553.9843904383 1915905.8971527345
935553.9533870337 1915905.924533526
935553.9224790039 1915905.951575424
935553.8916695502 1915905.9782730383
935553.8609618738 1915906.0046209781
935553.830359175 1915906.0306138524
935553.7998646552 1915906.056246271
935553.7694815153 1915906.0815128423
935553.739212956 1915906.1064081762
935553.7090621784 1915906.1309268821
935553.6790323835 1915906.155063569
935553.6491267718 1915906.178812846
935553.619348545 1915906.2021693229
935553.5897009033 1915906.225127608
935553.5601870477 1915906.2476823113
935553.5308101797 1915906.269828043
935553.5015734996 1915906.2915594103
935553.4724802086 1915906.312871024
935553.4435335076 1915906.3337574927
935553.4147365978 1915906.3542134261
935553.3860926797 1915906.3742334333
935553.3576049542 1915906.3938121232
935553.3292766226 1915906.4129441055
935553.3011108857 1915906.4316239895
935553.2731109443 1915906.4498463843
935553.2452799992 1915906.467605899
935553.2176212518 1915906.4848971437
935553.1901379027 1915906.5017147264
935553.1628331528 1915906.5180532574
935553.135710203 1915906.533907345
935553.1087722545 1915906.5492715999
935553.082022508 1915906.56414063
