935532.821752106 1915954.58429277
935532.8410177525 1915954.6181913642
935532.860997492 1915954.6531453854
935532.8816767131 1915954.6891332497
935532.9030408042 1915954.726133374
935532.9250751546 1915954.7641241755
935532.9477651523 1915954.8030840692
935532.9710961862 1915954.8429914718
935532.995053645 1915954.883824801
935533.0196229173 1915954.9255624723
935533.0447893919 1915954.968182902
935533.0705384571 1915955.0116645077
935533.0968555022 1915955.0559857045
935533.1237259154 1915955.1011249106
935533.1511350856 1915955.1470605407
935533.1790684008 1915955.1937710126
935533.2075112511 1915955.2412347428
935533.2364490232 1915955.2894301463
935533.2658671078 1915955.3383356417
935533.295750892 1915955.3879296435
935533.3260857653 1915955.4381905696
935533.3568571161 1915955.489096836
935533.3880503331 1915955.540626859
935533.4196508047 1915955.5927590558
935533.4516439202 1915955.6454718418
935533.4840150678 1915955.698743635
935533.5167496359 1915955.7525528502
935533.5498330141 1915955.8068779055
935533.5832505899 1915955.8616972156
935533.6169877533 1915955.9169891996
935533.6510298913 1915955.9727322706
935533.6853623941 1915956.028904848
935533.7199706496 1915956.0854853473
935533.7548400465 1915956.1424521843
935533.7899559734 1915956.1997837764
935533.8253038194 1915956.25745854
935533.8608689733 1915956.3154548919
935533.8966368225 1915956.3737512468
935533.9325927573 1915956.4323260237
935533.9687221652 1915956.4911576372
935534.0050104354 1915956.550224505
935534.0414429563 1915956.6095050427
935534.0780051168 1915956.6689776673
935534.1146823056 1915956.7286207955
935534.1514599109 1915956.7884128431
935534.1883233219 1915956.8483322274
935534.2252579266 1915956.9083573637
935534.262249115 1915956.9684666707
935534.2992822743 1915957.0286385624
935534.3363427938 1915957.088851457
935534.3734160622 1915957.14908377
935534.410487468 1915957.2093139186
935534.4475424001 1915957.2695203188
935534.4845662471 1915957.3296813876
935534.5215443971 1915957.3897755407
935534.5584622397 1915957.4497811957
935534.595305163 1915957.5096767677
935534.6320585555 1915957.5694406745
935534.6687078065 1915957.6290513321
935534.7052383041 1915957.6884871565
935534.7416354374 1915957.7477265655
935534.7778845944 1915957.8067479746
935534.8139711644 1915957.8655298
935534.8498805361 1915957.9240504592
935534.8855980977 1915957.9822883678
935534.921109238 1915958.0402219426
935534.956399346 1915958.0978296003
935534.9914538099 1915958.1550897574
935535.026258019 1915958.2119808306
935535.0607973611 1915958.2684812357
935535.0950572253 1915958.3245693895
935535.1290230006 1915958.3802237087
935535.1626800753 1915958.43542261
935535.1960138378 1915958.4901445087
935535.2290096771 1915958.5443678226
935535.2616529822 1915958.598070968
935535.2939291414 1915958.6512323613
935535.3258235431 1915958.7038304186
935535.3573215764 1915958.7558435563
935535.3884086299 1915958.807250192
935535.419070092 1915958.858028741
935535.4492913515 1915958.9081576206
935535.479057797 1915958.9576152463
935535.5083548176 1915959.006380036
935535.5371678014 1915959.0544304051
935535.5654821374 1915959.1017447705
935535.5932832141 1915959.148301549
935535.6205564203 1915959.1940791558
935535.6472871446 1915959.239056009
935535.6734607756 1915959.2832105246
935535.6990627019 1915959.326521119
935535.7240783124 1915959.3689662083
935535.7484929957 1915959.4105242093
935535.7722921406 1915959.451173539
935535.7954611351 1915959.4908926128
935535.8179853684 1915959.529659848
935535.8398502294 1915959.5674536612
935535.8610411067 1915959.604252469
935535.8815433881 1915959.6400346868
935535.9013424634 1915959.6747787325
935535.9204237795 1915959.708463098
935535.9387852795 1915959.7410825058
935535.9564527851 1915959.7726678874
935535.9734558901 1915959.8032550735
935535.989824188 1915959.8328798942
935536.0055872725 1915959.8615781802
935536.0207747376 1915959.8893857626
935536.0354161768 1915959.9163384708
935536.0495411841 1915959.942472136
935536.0631793533 1915959.9678225897
935536.0763602778 1915959.9924256618
935536.0891135519 1915960.0163171825
935536.1014687686 1915960.0395329823
935536.1134555222 1915960.0621088922
935536.1251034063 1915960.084080743
935536.1364420147 1915960.1054843648
935536.147500941 1915960.1263555884
935536.1583097791 1915960.1467302444
935536.1688981225 1915960.166644163
935536.1792955655 1915960.1861331756
935536.1895317013 1915960.2052331124
935536.199636124 1915960.2239798035
935536.2096384271 1915960.2424090798
935536.2195682041 1915960.260556772
935536.2294550498 1915960.278458711
935536.2393285566 1915960.2961507265
935536.2492183192 1915960.3136686499
935536.259153931 1915960.3310483114
935536.2691649859 1915960.3483255415
935536.2792810776 1915960.3655361715
935536.2895317995 1915960.3827160308
935536.2999467459 1915960.399900951
935536.3105555101 1915960.4171267622
935536.3213876861 1915960.4344292947
935536.3324728677 1915960.4518443798
935536.3438406483 1915960.4694078476
935536.3555206222 1915960.4871555287
935536.3675423827 1915960.5051232541
935536.3799355236 1915960.5233468537
935536.392729639 1915960.5418621588
935536.4059543221 1915960.5607049996
935536.419639167 1915960.5799112064
935536.4338137676 1915960.5995166104
935536.4485077173 1915960.6195570417
935536.46375061 1915960.6400683313
935536.4795720393 1915960.6610863092
935536.4960015992 1915960.6826468064
935536.5130688833 1915960.7047856534
935536.5308034855 1915960.727538681
935536.5492349996 1915960.7509417194
935536.5683927857 1915960.77503031
935536.588288169 1915960.7998175842
935536.6089019016 1915960.825278691
935536.6302117746 1915960.8513850984
935536.6521955787 1915960.8781082747
935536.6748311053 1915960.9054196891
935536.6980961448 1915960.9332908099
935536.7219684885 1915960.9616931055
935536.7464259273 1915960.9905980446
935536.7714462522 1915961.0199770958
935536.7970072541 1915961.0498017278
935536.8230867242 1915961.0800434095
935536.8496624527 1915961.1106736085
935536.8767122314 1915961.141663794
935536.904213851 1915961.1729854345
935536.9321451022 1915961.2046099983
935536.960483776 1915961.2365089545
935536.989207664 1915961.2686537714
935537.0182945563 1915961.3010159177
935537.0477222442 1915961.3335668617
935537.0774685186 1915961.366278072
935537.1075111708 1915961.3991210174
935537.1378279914 1915961.4320671665
935537.1683967712 1915961.4650879875
935537.1991953015 1915961.498154949
935537.2302013733 1915961.5312395203
935537.2613927773 1915961.564313169
935537.2927473047 1915961.5973473648
935537.3242427461 1915961.6303135748
935537.3558568928 1915961.6631832686
935537.3875675357 1915961.6959279147
935537.4193524654 1915961.7285189815
935537.4511894733 1915961.7609279372
935537.4830563503 1915961.7931262513
935537.514930887 1915961.8250853918
935537.5467908748 1915961.856776827
935537.5786141047 1915961.8881720263
935537.610378367 1915961.9192424575
935537.6420614532 1915961.949959589
935537.6736411542 1915961.9802948902
935537.7050952609 1915962.0102198292
935537.7364015641 1915962.0397058746
935537.7675378552 1915962.0687244954
935537.7984819245 1915962.097247159
935537.8292115636 1915962.1252453355
935537.8597045629 1915962.1526904923
935537.889938714 1915962.179554099
935537.9198918073 1915962.2058076232
935537.9495416338 1915962.2314225337
935537.9788659848 1915962.2563702995
935538.0078430559 1915962.280622862
935538.0364667929 1915962.3041705731
935538.0647515994 1915962.3270276969
935538.0927132469 1915962.3492100965
935538.1203675066 1915962.3707336355
935538.1477301497 1915962.3916141759
935538.1748169474 1915962.4118675808
935538.2016436713 1915962.4315097136
935538.2282260924 1915962.4505564373
935538.2545799821 1915962.4690236147
935538.2807211118 1915962.486927109
935538.3066652523 1915962.5042827823
935538.3324281756 1915962.5211064985
935538.3580256525 1915962.5374141205
935538.3834734543 1915962.5532215107
935538.4087873525 1915962.5685445326
935538.4339831179 1915962.5833990485
935538.4590765226 1915962.5978009223
935538.484083337 1915962.6117660163
935538.5090193329 1915962.6253101942
935538.5339002816 1915962.6384493178
935538.5587419543 1915962.651199251
935538.583560122 1915962.6635758565
935538.6083705563 1915962.6755949971
935538.6331890284 1915962.6872725356
935538.6580313095 1915962.698624336
935538.6829131712 1915962.7096662598
935538.7078503843 1915962.720414171
935538.7328587204 1915962.7308839327
935538.7579539504 1915962.741091407
935538.7831518463 1915962.7510524576
935538.8084681787 1915962.7607829468
935538.8339187192 1915962.7702987385
935538.8595192392 1915962.779615695
935538.8852855092 1915962.7887496788
935538.9112333016 1915962.7977165538
935538.9373783871 1915962.806532183
935538.9637365368 1915962.8152124286
935538.9903235224 1915962.823773154
935539.0171551151 1915962.8322302226
935539.044247086 1915962.8405994964
935539.0716152064 1915962.8488968392
935539.0992752477 1915962.8571381136
935539.1272429809 1915962.8653391826
935539.1555341776 1915962.8735159088
935539.1841646091 1915962.8816841561
935539.2131500463 1915962.889859786
935539.242506261 1915962.8980586636
935539.2722490241 1915962.90629665
935539.3023941072 1915962.914589609
935539.3329567628 1915962.9229529875
935539.3639403176 1915962.9313926664
935539.3953361735 1915962.9399049613
935539.427135213 1915962.9484857712
935539.4593283187 1915962.9571309965
935539.4919063734 1915962.9658365357
935539.5248602598 1915962.9745982876
935539.5581808608 1915962.9834121529
935539.591859059 1915962.9922740294
935539.6258857372 1915963.001179818
935539.660251778 1915963.0101254175
935539.6949480639 1915963.0191067266
935539.7299654786 1915963.0281196458
935539.7652949037 1915963.0371600736
935539.8009272227 1915963.0462239096
935539.8368533176 1915963.0553070533
935539.8730640723 1915963.0644054043
935539.9095503681 1915963.073514861
935539.9463030888 1915963.0826313237
935539.9833131166 1915963.0917506912
935540.0205713345 1915963.1008688633
935540.058068625 1915963.1099817392
935540.0957958712 1915963.119085218
935540.1337439556 1915963.1281751997
935540.1719037609 1915963.137247583
935540.2102661696 1915963.1462982674
935540.2488220651 1915963.1553231527
935540.2875623296 1915963.1643181376
935540.3264778459 1915963.173279122
935540.3655594968 1915963.1822020044
935540.404798165 1915963.1910826857
935540.4441847333 1915963.1999170636
935540.4837100847 1915963.208701039
935540.5233651011 1915963.2174305096
935540.5631406661 1915963.2261013763
935540.6030276619 1915963.2347095378
935540.6430169715 1915963.2432508932
935540.6830994777 1915963.2517213419
935540.723266063 1915963.260116784
935540.7635076102 1915963.268433118
935540.803815002 1915963.2766662438
935540.8441791213 1915963.2848120607
935540.8845908508 1915963.2928664677
935540.925041073 1915963.3008253644
935540.9655206711 1915963.30868465
935541.006020527 1915963.316440224
935541.0465315242 1915963.3240879858
935541.0870445453 1915963.3316238353
935541.127550473 1915963.3390436708
935541.1680401895 1915963.3463433916
935541.2085050858 1915963.3535189298
935541.2489441402 1915963.3605666817
935541.2893621745 1915963.3674834042
935541.3297641608 1915963.3742658643
935541.370155071 1915963.3809108275
935541.4105398767 1915963.3874150608
935541.4509235496 1915963.3937753302
935541.4913110621 1915963.3999884021
935541.5317073854 1915963.4060510423
935541.5721174919 1915963.4119600172
935541.6125463533 1915963.4177120933
935541.6529989408 1915963.4233040372
935541.6934802275 1915963.4287326152
935541.7339951841 1915963.4339945922
935541.7745487827 1915963.4390867357
935541.8151459957 1915963.4440058114
935541.8557917946 1915963.4487485867
935541.8964911512 1915963.4533118273
935541.9372490371 1915963.4576922979
935541.9780704246 1915963.4618867668
935542.0189602852 1915963.4658919994
935542.059923591 1915963.4697047619
935542.100965314 1915963.4733218213
935542.1420904254 1915963.4767399428
935542.1833038976 1915963.479955894
935542.2246107024 1915963.48296644
935542.2660158112 1915963.4857683468
935542.3075241967 1915963.4883583826
935542.3491408296 1915963.4907333115
935542.3908706829 1915963.4928899012
935542.4327187277 1915963.494824917
935542.4746899359 1915963.4965351257
935542.5167892799 1915963.4980172939
935542.5590217309 1915963.4992681874
935542.6013922611 1915963.5002845721
935542.6439058422 1915963.5010632155
935542.686567446 1915963.5016008823
935542.7293820445 1915963.50189434
935542.7723546096 1915963.5019403542
935542.8154901126 1915963.5017356912
935542.8587935262 1915963.5012771175
935542.9022698218 1915963.5005613999
935542.9459239712 1915963.4995853035
935542.9897609462 1915963.4983455956
935543.0337857188 1915963.4968390418
935543.078003261 1915963.4950624087
935543.1224185443 1915963.4930124625
935543.1670365407 1915963.4906859694
935543.2118622221 1915963.4880796957
935543.2569005603 1915963.485190408
935543.3021562711 1915963.4820149234
935543.3476314285 1915963.4785505882
935543.3933265484 1915963.4747950626
935543.4392421256 1915963.4707460087
935543.4853786556 1915963.4664010894
935543.5317366334 1915963.4617579677
935543.5783165547 1915963.4568143073
935543.6251189145 1915963.4515677704
935543.6721442082 1915963.4460160201
935543.719392931 1915963.4401567199
935543.766865578 1915963.4339875318
935543.8145626448 1915963.4275061192
935543.8624846268 1915963.4207101457
935543.910632019 1915963.4135972736
935543.9590053166 1915963.4061651658
935544.007605015 1915963.3984114851
935544.0564316096 1915963.3903338956
935544.1054855955 1915963.381930059
935544.154767468 1915963.3731976387
935544.2042777227 1915963.3641342982
935544.2540168545 1915963.3547376997
935544.3039853588 1915963.3450055062
935544.3541837309 1915963.3349353815
935544.4046124661 1915963.3245249877
935544.4552720595 1915963.3137719876
935544.5061630066 1915963.3026740453
935544.5572858028 1915963.2912288227
935544.6086409432 1915963.2794339838
935544.6602289227 1915963.2672871905
935544.7120502371 1915963.2547861058
935544.7641053816 1915963.2419283933
935544.8163948517 1915963.2287117161
935544.868919142 1915963.2151337364
935544.9216787483 1915963.2011921175
935544.9746741658 1915963.1868845227
935545.0279058898 1915963.1722086149
935545.0813744154 1915963.1571620568
935545.135080238 1915963.1417425107
935545.1890238529 1915963.1259476407
935545.2432057555 1915963.1097751097
935545.2976264409 1915963.0932225802
935545.3522864046 1915963.0762877152
935545.4071861412 1915963.0589681775
935545.462326147 1915963.0412616306
935545.5177069166 1915963.0231657368
935545.5733289454 1915963.00467816
935545.6291927288 1915962.9857965624
935545.6852987618 1915962.966518607
935545.7416475402 1915962.9468419575
935545.7982395588 1915962.9267642756
935545.855073641 1915962.9062846552
935545.9121362527 1915962.8854127543
935545.9694083212 1915962.8641629675
935546.0268707472 1915962.8425497122
935546.0845044317 1915962.820587404
935546.1422902764 1915962.798290462
935546.2002091814 1915962.7756733005
935546.2582420486 1915962.7527503378
935546.3163697782 1915962.7295359904
935546.3745732723 1915962.7060446755
935546.432833431 1915962.6822908095
935546.4911311556 1915962.6582888092
935546.5494473478 1915962.634053092
935546.6077629075 1915962.6095980736
935546.6660587367 1915962.584938173
935546.7243157359 1915962.5600878044
935546.7825148065 1915962.5350613869
935546.8406368495 1915962.5098733366
935546.8986627655 1915962.4845380692
935546.9565734562 1915962.4590700034
935547.0143498222 1915962.4334835552
935547.0719727647 1915962.407793141
935547.1294231844 1915962.3820131782
935547.1866819831 1915962.3561580838
935547.2437300611 1915962.3302422743
935547.3005483199 1915962.304280167
935547.3571176603 1915962.278286178
935547.4134189837 1915962.2522747247
935547.4694331907 1915962.2262602237
935547.5251411827 1915962.2002570927
935547.5805238604 1915962.174279747
935547.6355621249 1915962.1483426045
935547.6902368777 1915962.1224600824
935547.7445290195 1915962.0966465964
935547.7984194511 1915962.070916564
935547.851889074 1915962.0452844026
935547.9049187889 1915962.0197645281
935547.9574894973 1915961.9943713578
935548.0095820996 1915961.9691193083
935548.0611774974 1915961.944022797
935548.1122565916 1915961.9190962398
935548.162800283 1915961.894354055
935548.2127894729 1915961.8698106578
935548.2622050623 1915961.8454804667
935548.3110279521 1915961.821377897
935548.3592390437 1915961.7975173667
935548.4068192379 1915961.7739132924
935548.4537494355 1915961.7505800906
935548.500010538 1915961.727532178
935548.5455834462 1915961.7047839721
935548.5904490611 1915961.682349889
935548.6345882841 1915961.6602443466
935548.6779820159 1915961.638481761
935548.7206111574 1915961.617076549
935548.7624566102 1915961.596043128
935548.8034992747 1915961.5753959143
935548.8437200529 1915961.5551493254
935548.8830998446 1915961.5353177772
935548.9216195516 1915961.5159156872
935548.9592600749 1915961.496957472
935548.9960023154 1915961.4784575491
935549.0318271741 1915961.4604303346
935549.0667155524 1915961.4428902455
935549.1006483508 1915961.4258516985
935549.1336064708 1915961.4093291112
935549.1655708132 1915961.3933369
935549.1965222794 1915961.3778894818
935549.2264417699 1915961.3630012725
935549.2553101862 1915961.348686691
935549.283108429 1915961.3349601524
935549.3098173996 1915961.321836074
935549.335417999 1915961.309328873
935549.3598911283 1915961.2974529667
935549.3832176882 1915961.2862227703
935549.4053785801 1915961.275652702
935549.4263547049 1915961.2657571782
935549.4461269637 1915961.2565506161
935549.4646762576 1915961.2480474324
935549.4819834875 1915961.2402620437
935549.4980295546 1915961.2332088673
935549.5127953598 1915961.2269023196
935549.5262618044 1915961.2213568175
935549.5384097891 1915961.2165867784
935549.5492202151 1915961.2126066182
935549.5586739834 1915961.2094307547
935549.5667519952 1915961.2070736042
935549.5734351516 1915961.205549584
935549.5787043532 1915961.2048731104
935549.5825405016 1915961.2050586008
935549.5849244975 1915961.2061204717
935549.5858372418 1915961.2080731397
935549.5852596359 1915961.2109310224
935549.5831725809 1915961.2147085362
935549.5795569776 1915961.2194200978
935549.574393727 1915961.2250801246
935549.5676637302 1915961.2317030327
935549.5593478886 1915961.2393032396
935549.5494271028 1915961.247895162
935549.5378822739 1915961.2574932165
935549.524694303 1915961.26811182
