935612.504278203 1915927.60896879
935612.5522273621 1915927.5836586093
935612.6013789303 1915927.5578240114
935612.651703279 1915927.5314779184
935612.7031707807 1915927.5046332523
935612.7557518069 1915927.4773029354
935612.8094167295 1915927.4494998888
935612.8641359201 1915927.4212370345
935612.9198797509 1915927.3925272953
935612.9766185937 1915927.3633835928
935613.03432282 1915927.3338188482
935613.0929628022 1915927.3038459853
935613.1525089118 1915927.273477924
935613.212931521 1915927.2427275884
935613.2742010014 1915927.2116078993
935613.3362877246 1915927.1801317786
935613.3991620626 1915927.148312148
935613.4627943875 1915927.11616193
935613.5271550711 1915927.083694047
935613.5922144853 1915927.0509214206
935613.6579430015 1915927.017856972
935613.7243109919 1915926.9845136239
935613.7912888284 1915926.950904299
935613.8588468828 1915926.9170419183
935613.9269555272 1915926.882939404
935613.995585133 1915926.8486096782
935614.0647060724 1915926.814065663
935614.1342887168 1915926.7793202796
935614.2043034385 1915926.7443864513
935614.274720609 1915926.7092770988
935614.3455106008 1915926.6740051454
935614.4166437848 1915926.6385835116
935614.4880905338 1915926.6030251205
935614.5598212188 1915926.567342893
935614.6318062126 1915926.5315497527
935614.704015886 1915926.4956586198
935614.7764206117 1915926.459682418
935614.848990761 1915926.4236340679
935614.9216967062 1915926.3875264921
935614.9945088186 1915926.3513726122
935615.0673974707 1915926.3151853513
935615.1403330341 1915926.2789776304
935615.2132858805 1915926.2427623714
935615.2862263818 1915926.2065524966
935615.35912491 1915926.170360928
935615.4319518366 1915926.1342005876
935615.5046775339 1915926.0980843971
935615.5772723737 1915926.0620252786
935615.6497067276 1915926.0260361545
935615.7219509674 1915925.9901299463
935615.7939754653 1915925.9543195763
935615.865750593 1915925.9186179657
935615.9372467223 1915925.8830380377
935616.0084342251 1915925.8475927135
935616.0792834733 1915925.8122949153
935616.1497648385 1915925.777157565
935616.2198486929 1915925.7421935848
935616.2895054081 1915925.7074158965
935616.3587053563 1915925.6728374222
935616.4274189088 1915925.6384710835
935616.495616438 1915925.604329803
935616.5632683152 1915925.570426502
935616.6303449126 1915925.536774103
935616.6968166021 1915925.5033855282
935616.7626537557 1915925.4702736987
935616.8278267449 1915925.437451537
935616.8923059416 1915925.4049319657
935616.9560617178 1915925.3727279059
935617.0190644452 1915925.3408522794
935617.0812844959 1915925.3093180095
935617.1426922414 1915925.2781380166
935617.2032580539 1915925.2473252239
935617.2629523049 1915925.2168925523
935617.3217453667 1915925.1868529248
935617.3796076108 1915925.157219263
935617.436509409 1915925.1280044885
935617.4924211334 1915925.0992215239
935617.5473131558 1915925.0708832908
935617.6011558481 1915925.0430027111
935617.653919582 1915925.0155927073
935617.7055747294 1915924.988666201
935617.7560916624 1915924.9622361148
935617.8054407524 1915924.9363153693
935617.8535923713 1915924.9109168872
935617.9005247509 1915924.8860507936
935617.9462683707 1915924.861708612
935617.9908750255 1915924.8378742805
935618.0343965731 1915924.8145317133
935618.0768848708 1915924.7916648253
935618.1183917762 1915924.7692575315
935618.1589691469 1915924.747293747
935618.1986688407 1915924.7257573865
935618.2375427146 1915924.7046323647
935618.2756426263 1915924.6839025964
935618.3130204339 1915924.6635519965
935618.3497279943 1915924.6435644801
935618.3858171651 1915924.6239239615
935618.4213398043 1915924.6046143563
935618.4563477689 1915924.5856195784
935618.4908929169 1915924.5669235429
935618.5250271055 1915924.5485101647
935618.5588021927 1915924.53036336
935618.5922700354 1915924.5124670414
935618.6254824918 1915924.4948051248
935618.658491419 1915924.4773615254
935618.6913486747 1915924.4601201573
935618.7241061166 1915924.4430649357
935618.7568156021 1915924.4261797762
935618.7895289884 1915924.409448592
935618.8222981337 1915924.3928552992
935618.8551748954 1915924.376383812
935618.8882111306 1915924.3600180454
935618.9214586972 1915924.3437419143
935618.9549694527 1915924.3275393336
935618.9887952547 1915924.3113942181
935619.0229879608 1915924.295290483
935619.0575994282 1915924.2792120425
935619.0926815148 1915924.2631428116
935619.1282860781 1915924.247066705
935619.1644649756 1915924.2309676385
935619.2012700647 1915924.2148295261
935619.238753203 1915924.1986362825
935619.2769662482 1915924.1823718222
935619.3159610579 1915924.1660200618
935619.3557894896 1915924.1495649144
935619.3965032191 1915924.132990357
935619.4381319537 1915924.1162878212
935619.4806627341 1915924.099463216
935619.524077699 1915924.0825241164
935619.5683589868 1915924.065478094
935619.6134887362 1915924.0483327236
935619.6594490857 1915924.0310955779
935619.706222174 1915924.0137742301
935619.7537901393 1915923.996376254
935619.8021351207 1915923.9789092226
935619.8512392562 1915923.9613807097
935619.9010846847 1915923.943798288
935619.9516535448 1915923.926169532
935620.0029279749 1915923.9085020141
935620.0548901135 1915923.890803308
935620.1075220996 1915923.873080987
935620.1608060714 1915923.8553426247
935620.2147241674 1915923.8375957941
935620.2692585263 1915923.8198480692
935620.3243912867 1915923.8021070226
935620.380104587 1915923.7843802278
935620.4363805657 1915923.7666752588
935620.4932013622 1915923.7489996888
935620.550549114 1915923.7313610907
935620.6084059603 1915923.7137670382
935620.6667540395 1915923.6962251049
935620.7255754898 1915923.6787428637
935620.7848524501 1915923.661327888
935620.8445670592 1915923.6439877516
935620.9047014554 1915923.6267300271
935620.9652377772 1915923.6095622894
935621.0261581634 1915923.59249211
935621.0874447522 1915923.5755270636
935621.1490796825 1915923.5586747231
935621.2110450927 1915923.5419426619
935621.2733231217 1915923.5253384537
935621.3358959075 1915923.508869671
935621.3987455888 1915923.4925438883
935621.4618543044 1915923.476368678
935621.5252041931 1915923.4603516143
935621.5887773931 1915923.4445002698
935621.6525560428 1915923.4288222184
935621.7165222878 1915923.4133250574
935621.780658356 1915923.398016661
935621.844946527 1915923.382905084
935621.9093690818 1915923.3679983828
935621.9739083013 1915923.3533046143
935622.0385464665 1915923.3388318357
935622.1032658584 1915923.3245881035
935622.1680487577 1915923.3105814746
935622.2328774454 1915923.296820006
935622.2977342025 1915923.2833117547
935622.3626013101 1915923.2700647784
935622.4274610487 1915923.257087132
935622.4922956997 1915923.2443868744
935622.5570875435 1915923.2319720613
935622.6218188615 1915923.21985075
935622.6864719345 1915923.2080309978
935622.7510290433 1915923.1965208608
935622.815472469 1915923.1853283965
935622.8797844924 1915923.1744616611
935622.9439473945 1915923.1639287125
935623.0079434562 1915923.1537376067
935623.0717549582 1915923.1438964014
935623.135364182 1915923.134413153
935623.1987534079 1915923.1252959182
935623.2619049173 1915923.1165527545
935623.3248009908 1915923.1081917183
935623.3874239096 1915923.1002208663
935623.4497559544 1915923.0926482568
935623.511779406 1915923.0854819447
935623.5734765461 1915923.0787299885
935623.6348296548 1915923.0724004447
935623.6958210133 1915923.0665013695
935623.7564329026 1915923.0610408203
935623.8166476035 1915923.0560268543
935623.876447397 1915923.0514675279
935623.9358145642 1915923.0473708985
935623.9947313856 1915923.0437450223
935624.0531801424 1915923.0405979566
935624.1111431156 1915923.0379377583
935624.168602586 1915923.0357724845
935624.2255408348 1915923.0341101922
935624.2819401445 1915923.0329589357
935624.3377869587 1915923.0323226205
935624.3930807043 1915923.0321922025
935624.4478233334 1915923.0325561177
935624.5020167984 1915923.0334028036
935624.5556630512 1915923.0347206972
935624.6087640437 1915923.0364982344
935624.6613217284 1915923.0387238532
935624.7133380574 1915923.0413859894
935624.7648149825 1915923.044473081
935624.8157544563 1915923.0479735634
935624.8661584308 1915923.0518758746
935624.9160288578 1915923.056168451
935624.9653676897 1915923.0608397292
935625.0141768787 1915923.0658781463
935625.0624583767 1915923.0712721392
935625.110214136 1915923.077010145
935625.1574461088 1915923.0830806
935625.2041562469 1915923.089471941
935625.2503465028 1915923.0961726056
935625.2960188285 1915923.1031710303
935625.3411751761 1915923.1104556513
935625.3858174976 1915923.1180149058
935625.4299477454 1915923.1258372308
935625.4735678715 1915923.1339110634
935625.5166798279 1915923.14222484
935625.5592855669 1915923.1507669976
935625.6013870408 1915923.159525973
935625.6429862013 1915923.1684902026
935625.684085001 1915923.1776481248
935625.7246853914 1915923.1869881744
935625.7647893254 1915923.1964987894
935625.8043987545 1915923.2061684064
935625.8435156312 1915923.2159854618
935625.8821419075 1915923.2259383937
935625.9202795355 1915923.2360156376
935625.9579304672 1915923.2462056305
935625.9950966551 1915923.2564968104
935626.0317800511 1915923.2668776128
935626.0679826073 1915923.2773364752
935626.1037062759 1915923.2878618345
935626.1389530094 1915923.2984421272
935626.1737253474 1915923.3090663783
935626.2080393608 1915923.3197371368
935626.2419246503 1915923.3304704765
935626.2754114048 1915923.3412830592
935626.3085298131 1915923.3521915465
935626.3413100638 1915923.363212599
935626.3737823466 1915923.37436288
935626.4059768494 1915923.3856590493
935626.4379237616 1915923.3971177696
935626.469653272 1915923.408755702
935626.5011955698 1915923.4205895085
935626.5325808431 1915923.4326358503
935626.5638392814 1915923.4449113894
935626.5950010732 1915923.4574327867
935626.626096408 1915923.470216705
935626.6571554741 1915923.4832798045
935626.6882084603 1915923.4966387476
935626.719285556 1915923.5103101954
935626.7504169497 1915923.5243108105
935626.7816328305 1915923.5386572531
935626.8129633871 1915923.5533661856
935626.8444388084 1915923.5684542693
935626.8760892835 1915923.5839381665
935626.9079450007 1915923.5998345376
935626.9400361497 1915923.6161600451
935626.9723929189 1915923.6329313503
935627.0050454973 1915923.650165115
935627.0380240736 1915923.667878
935627.0713588366 1915923.686086668
935627.1050799756 1915923.7048077798
935627.1392176793 1915923.724057997
935627.1738021364 1915923.7438539818
935627.208863536 1915923.764212395
935627.244432067 1915923.785149899
935627.2805379181 1915923.806683155
935627.3172112781 1915923.8288288245
935627.3544823364 1915923.851603569
935627.3923812812 1915923.87502405
935627.4309383017 1915923.89910693
935627.4701835869 1915923.9238688692
935627.5101473255 1915923.9493265306
935627.5508597064 1915923.9754965745
935627.5923417382 1915924.0023894138
935627.6345672304 1915924.0299833291
935627.6774948664 1915924.0582463036
935627.7210833235 1915924.0871463174
935627.765291278 1915924.1166513488
935627.8100774069 1915924.1467293773
935627.8554003867 1915924.1773483816
935627.9012188944 1915924.2084763406
935627.9474916066 1915924.2400812337
935627.9941772 1915924.2721310405
935628.0412343515 1915924.304593739
935628.0886217377 1915924.3374373093
935628.1362980353 1915924.3706297295
935628.1842219214 1915924.4041389797
935628.2323520724 1915924.437933038
935628.2806471651 1915924.4719798842
935628.3290658764 1915924.5062474967
935628.377566883 1915924.5407038545
935628.4261088615 1915924.5753169379
935628.4746504887 1915924.6100547248
935628.5231504414 1915924.6448851947
935628.5715673963 1915924.6797763265
935628.6198600304 1915924.7146960993
935628.6679870198 1915924.749612492
935628.7159070418 1915924.7844934843
935628.7635787734 1915924.8193070546
935628.8109608904 1915924.854021182
935628.8580120706 1915924.8886038465
935628.90469099 1915924.923023026
935628.9509563257 1915924.9572466998
935628.9967667542 1915924.9912428476
935629.0420809524 1915925.0249794477
935629.0868575972 1915925.0584244798
935629.1310553652 1915925.0915459227
935629.174632933 1915925.1243117556
935629.2175489776 1915925.156689957
935629.2597621754 1915925.1886485063
935629.3012312036 1915925.220155383
935629.3419147385 1915925.251178566
935629.3817714573 1915925.2816860336
935629.4207600362 1915925.311645766
935629.4588395952 1915925.3410261252
935629.495995805 1915925.3698185128
935629.5322554928 1915925.3980500374
935629.5676490256 1915925.4257508798
935629.6022067709 1915925.452951221
935629.635959096 1915925.4796812418
935629.6689363681 1915925.5059711232
935629.7011689539 1915925.5318510453
935629.7326872214 1915925.5573511894
935629.7635215377 1915925.5825017365
935629.7937022692 1915925.6073328669
935629.8232597844 1915925.6318747618
935629.8522244497 1915925.6561576016
935629.8806266324 1915925.6802115678
935629.9084967 1915925.704066841
935629.9358650196 1915925.7277536013
935629.9627619585 1915925.7513020302
935629.9892178838 1915925.774742308
935630.0152631627 1915925.7981046159
935630.0409281628 1915925.8214191352
935630.0662432507 1915925.8447160455
935630.0912387943 1915925.8680255283
935630.1159451606 1915925.8913777648
935630.1403927166 1915925.9148029347
935630.1646118298 1915925.93833122
935630.1886328674 1915925.9619928005
935630.2124861964 1915925.9858178578
935630.2362021845 1915926.0098365722
935630.2598111985 1915926.034079125
935630.2833436056 1915926.058575696
935630.3068297732 1915926.0833564668
935630.3303000687 1915926.1084516188
935630.3537848594 1915926.1338913315
935630.377314512 1915926.1597057863
935630.4009193943 1915926.1859251645
935630.4246298731 1915926.2125796461
935630.4484763159 1915926.239699412
935630.4724890898 1915926.2673146434
935630.4966985624 1915926.2954555212
935630.5211351002 1915926.3241522256
935630.5458290711 1915926.3534349375
935630.5708108421 1915926.3833338385
935630.5961085478 1915926.4138769729
935630.6217308923 1915926.4450737939
935630.6476765745 1915926.4769241821
935630.6739442112 1915926.5094279407
935630.7005324187 1915926.54258487
935630.7274398129 1915926.5763947724
935630.7546650107 1915926.6108574495
935630.7822066286 1915926.6459727036
935630.8100632825 1915926.681740336
935630.8382335894 1915926.7181601487
935630.8667161651 1915926.755231943
935630.8955096266 1915926.7929555213
935630.9246125899 1915926.8313306854
935630.9540236719 1915926.8703572373
935630.9837414882 1915926.9100349776
935631.0137646557 1915926.9503637091
935631.0440917908 1915926.9913432333
935631.07472151 1915927.0329733521
935631.1056524297 1915927.0752538673
935631.1368831658 1915927.1181845807
935631.1684123353 1915927.161765294
935631.2002385546 1915927.2059958088
935631.2323604396 1915927.2508759273
935631.2647766075 1915927.2964054514
935631.2974856738 1915927.3425841818
935631.3304862555 1915927.3894119214
935631.3637769689 1915927.4368884717
935631.3973564303 1915927.485013635
935631.431223256 1915927.5337872114
935631.4653760629 1915927.5832090043
935631.4998134669 1915927.6332788153
935631.5345340846 1915927.6839964453
935631.5695365326 1915927.7353616976
935631.6048194269 1915927.7873743726
935631.6403813843 1915927.8400342725
935631.6762210209 1915927.8933411988
935631.7123369533 1915927.9472949544
935631.7487277979 1915928.0018953402
935631.7853921708 1915928.057142158
935631.8223286888 1915928.1130352095
935631.8595359683 1915928.1695742973
935631.897012613 1915928.2267591965
935631.9347529866 1915928.2845809876
935631.9727410577 1915928.3430094323
935632.0109592325 1915928.402011088
935632.0493899152 1915928.4615525086
935632.0880155123 1915928.5216002518
935632.1268184284 1915928.5821208719
935632.1657810697 1915928.6430809258
935632.2048858411 1915928.7044469693
935632.2441151477 1915928.766185557
935632.2834513959 1915928.8282632467
935632.3228769902 1915928.8906465927
935632.3623743363 1915928.9533021513
935632.4019258394 1915929.0161964784
935632.4415139058 1915929.079296131
935632.4811209397 1915929.1425676628
935632.520729347 1915929.2059776313
935632.5603215331 1915929.2694925913
935632.5998799036 1915929.3330790994
935632.6393868639 1915929.3967037115
935632.678824819 1915929.4603329827
935632.7181761746 1915929.5239334698
935632.7574233362 1915929.5874717277
935632.7965487088 1915929.6509143133
935632.8355346981 1915929.7142277812
935632.8743637095 1915929.7773786883
935632.9130181483 1915929.8403335898
935632.9514804201 1915929.903059042
935632.9897329302 1915929.965521601
935633.027758084 1915930.027687822
935633.0655382868 1915930.089524261
935633.1030559441 1915930.1509974743
935633.1402934613 1915930.212074017
935633.1772332436 1915930.2727204456
935633.2138576967 1915930.3329033155
935633.2501492262 1915930.3925891833
935633.286090237 1915930.451744604
935633.3216631348 1915930.5103361341
935633.3568503249 1915930.568330329
935633.3916342126 1915930.6256937443
935633.4259972034 1915930.6823929367
935633.4599217029 1915930.7383944616
935633.4933901163 1915930.793664875
935633.526384849 1915930.8481707326
935633.5588883065 1915930.9018785902
935633.590882894 1915930.9547550033
935633.6223510172 1915931.0067665286
935633.6532750813 1915931.0578797217
935633.6836374919 1915931.108061138
935633.7134206542 1915931.1572773342
935633.7426069735 1915931.2054948653
935633.7711788556 1915931.2526802877
935633.7991187057 1915931.2988001567
935633.826408929 1915931.3438210285
935633.8530319312 1915931.3877094588
935633.8789701177 1915931.4304320044
935633.9042058934 1915931.4719552197
935633.9287216646 1915931.5122456616
935633.952499836 1915931.5512698852
935633.9755228132 1915931.588994447
935633.9977730014 1915931.625385902
935634.0192328067 1915931.6604108075
935634.0398846335 1915931.6940357178
935634.0597108882 1915931.7262271899
935634.0786939755 1915931.7569517791
935634.096816301 1915931.7861760412
935634.1140602701 1915931.8138665324
935634.1304082884 1915931.8399898084
935634.1458427612 1915931.864512425
935634.1603460938 1915931.8874009377
935634.1739006914 1915931.908621903
935634.1864889602 1915931.928141877
935634.1980933046 1915931.9459274146
935634.2086961307 1915931.9619450718
935634.2182798437 1915931.9761614052
935634.2268268487 1915931.98854297
935634.2343195516 1915931.9990563225
935634.2407403577 1915932.007668018
935634.2460716721 1915932.014344613
935634.2502959005 1915932.019052663
935634.2533954482 1915932.0217587238
935634.2553527206 1915932.0224293512
935634.2561501231 1915932.0210311012
935634.255770061 1915932.01753053