935561.742713399 1915911.46297899
935561.7201770552 1915911.420646532
935561.6976407114 1915911.378314074
935561.6751043675 1915911.335981616
935561.6525680238 1915911.293649158
935561.63003168 1915911.2513167
935561.6074953362 1915911.2089842418
935561.5849589923 1915911.1666517837
935561.5624226485 1915911.1243193257
935561.5398863048 1915911.0819868678
935561.517349961 1915911.0396544097
935561.4948136171 1915910.9973219517
935561.4722772733 1915910.9549894936
935561.4497409295 1915910.9126570355
935561.4272045858 1915910.8703245774
935561.4046682419 1915910.8279921196
935561.3821318981 1915910.7856596615
935561.3595955543 1915910.7433272034
935561.3370592105 1915910.7009947454
935561.3145228666 1915910.6586622873
935561.2919865228 1915910.6163298294
935561.2694501791 1915910.5739973714
935561.2469138353 1915910.5316649133
935561.2243774914 1915910.4893324552
935561.2018411476 1915910.4469999971
935561.1793048038 1915910.404667539
935561.1567684601 1915910.3623350812
935561.1342321162 1915910.3200026231
935561.1116957724 1915910.277670165
935561.0891594286 1915910.235337707
935561.0666230848 1915910.193005249
935561.0440867409 1915910.150672791
935561.0215503972 1915910.108340333
935560.9990140534 1915910.066007875
935560.9764777096 1915910.0236754168
935560.9539413657 1915909.9813429588
935560.9314050219 1915909.9390105007
935560.9088686781 1915909.8966780428
935560.8863323344 1915909.8543455848
935560.8637959905 1915909.8120131267
935560.8412596467 1915909.7696806686
935560.8187233029 1915909.7273482105
935560.7961869591 1915909.6850157524
935560.7736506152 1915909.6426832946
935560.7511142715 1915909.6003508365
935560.7285779277 1915909.5580183784
935560.7060415839 1915909.5156859204
935560.68350524 1915909.4733534623
935560.6609688962 1915909.4310210044
935560.6384325525 1915909.3886885464
935560.6158962087 1915909.3463560883
935560.5933598648 1915909.3040236302
935560.570823521 1915909.2616911721
935560.5482871772 1915909.219358714
935560.5257508334 1915909.1770262562
935560.5032144896 1915909.1346937981
935560.4806781458 1915909.09236134
935560.458141802 1915909.050028882
935560.4356054582 1915909.007696424
935560.4130691143 1915908.965363966
935560.3905327705 1915908.923031508
935560.3679964268 1915908.88069905
935560.345460083 1915908.8383665918
935560.3229238978 1915908.7960241197
935560.3003878077 1915908.753675639
935560.2778517175 1915908.7113271584
935560.2553156274 1915908.6689786778
935560.2327795374 1915908.626630197
935560.2102434473 1915908.5842817165
935560.1877073572 1915908.5419332357
935560.1651712671 1915908.4995847552
935560.142635177 1915908.4572362746
935560.120099087 1915908.4148877938
935560.0975629969 1915908.3725393133
935560.0750269068 1915908.3301908325
935560.0524908167 1915908.287842352
935560.0299547266 1915908.2454938714
935560.0074186366 1915908.2031453906
935559.9848825465 1915908.16079691
935559.9623464564 1915908.1184484293
935559.9398103663 1915908.0760999487
935559.9172742763 1915908.0337514682
935559.8947381862 1915907.9914029874
935559.872202096 1915907.9490545068
935559.8496660059 1915907.9067060263
935559.8271299158 1915907.8643575455
935559.8045938258 1915907.822009065
935559.7820577357 1915907.7796605842
935559.7595216456 1915907.7373121036
935559.7369855555 1915907.694963623
935559.7144494654 1915907.6526151423
935559.6919133754 1915907.6102666617
935559.6693772853 1915907.567918181
935559.6468411952 1915907.5255697004
935559.6243051051 1915907.4832212199
935559.6017690151 1915907.440872739
935559.579232925 1915907.3985242585
935559.5566968349 1915907.3561757777
935559.5341607447 1915907.3138272972
935559.5116246546 1915907.2714788166
935559.4890885646 1915907.2291303359
935559.4665524745 1915907.1867818553
935559.4440163844 1915907.1444333745
935559.4214802943 1915907.102084894
935559.3989442043 1915907.0597364134
935559.3764081142 1915907.0173879326
935559.3538720241 1915906.975039452
935559.331335934 1915906.9326909713
935559.3087998439 1915906.8903424907
935559.2862637539 1915906.8479940102
935559.2637276638 1915906.8056455294
935559.2411915737 1915906.7632970489
935559.2186554836 1915906.720948568
935559.1961193935 1915906.6786000875
935559.1735833035 1915906.636251607
935559.1510472134 1915906.5939031262
935559.1285111232 1915906.5515546456
935559.1059750331 1915906.5092061649
935559.0834389431 1915906.4668576843
935559.060902853 1915906.4245092038
935559.0383667629 1915906.382160723
935559.0158306728 1915906.3398122424
935558.9932945827 1915906.2974637616
935558.9707584927 1915906.255115281
935558.9482224026 1915906.2127668005
935558.9256862489 1915906.1704223256
935558.9031499047 1915906.1280898685
935558.8806135604 1915906.085757411
935558.8580772161 1915906.043424954
935558.8355408718 1915906.0010924968
935558.8130045276 1915905.9587600394
935558.7904681833 1915905.9164275823
935558.7679318391 1915905.8740951251
935558.7453954947 1915905.8317626677
935558.7228591505 1915905.7894302106
935558.7003228063 1915905.7470977532
935558.677786462 1915905.704765296
935558.6552501176 1915905.662432839
935558.6327137734 1915905.6201003816
935558.6101774292 1915905.5777679244
935558.5876410849 1915905.5354354673
935558.5651047406 1915905.4931030099
935558.5425683963 1915905.4507705527
935558.5200320521 1915905.4084380954
935558.4974957078 1915905.3661056382
935558.4749593635 1915905.323773181
935558.4524230192 1915905.2814407237
935558.429886675 1915905.2391082665
935558.4073503307 1915905.1967758094
935558.3848139864 1915905.154443352
935558.3622776421 1915905.1121108949
935558.3397412979 1915905.0697784375
935558.3172049536 1915905.0274459803
935558.2946686094 1915904.9851135232
935558.272132265 1915904.9427810658
935558.2495959208 1915904.9004486087
935558.2270595765 1915904.8581161515
935558.2045232323 1915904.8157836942
935558.1819868879 1915904.773451237
935558.1594505437 1915904.7311187796
935558.1369141995 1915904.6887863225
935558.1143778552 1915904.6464538653
935558.0918415108 1915904.604121408
935558.0693051666 1915904.5617889508
935558.0467688224 1915904.5194564937
935558.0242324781 1915904.4771240363
935558.0016961338 1915904.4347915791
935557.9791597895 1915904.3924591218
935557.9566234453 1915904.3501266646
935557.934087101 1915904.3077942075
935557.9115507567 1915904.26546175
935557.8890144124 1915904.223129293
935557.8664780682 1915904.1807968358
935557.8439417239 1915904.1384643784
935557.8214053797 1915904.0961319213
935557.7988690353 1915904.053799464
935557.7763326911 1915904.0114670068
935557.7537963468 1915903.9691345496
935557.7312600026 1915903.9268020922
935557.7087236582 1915903.884469635
935557.686187314 1915903.842137178
935557.6636509697 1915903.7998047206
935557.6411146255 1915903.7574722634
935557.6185782811 1915903.715139806
935557.5960419369 1915903.672807349
935557.5735055926 1915903.6304748917
935557.5509692484 1915903.5881424344
935557.528432904 1915903.5458099772
935557.5058967818 1915903.5034635
935557.4833606912 1915903.46111502
935557.4608246007 1915903.41876654
935557.4382885101 1915903.3764180602
935557.4157524195 1915903.33406958
935557.3932163289 1915903.2917211
935557.3706802385 1915903.2493726201
935557.3481441479 1915903.20702414
935557.3256080573 1915903.16467566
935557.3030719667 1915903.12232718
935557.2805358762 1915903.0799787
935557.2579997856 1915903.03763022
935557.235463695 1915902.99528174
935557.2129276044 1915902.95293326
935557.1903915139 1915902.91058478
935557.1678554233 1915902.8682363
935557.1453193327 1915902.82588782
935557.1227832421 1915902.7835393401
935557.1002471517 1915902.74119086
935557.0777110611 1915902.69884238
935557.0551749705 1915902.6564939
935557.03263888 1915902.61414542
935557.0101027894 1915902.57179694
935556.9875666988 1915902.52944846
935556.9650306082 1915902.48709998
935556.9424945177 1915902.4447515
935556.9199584271 1915902.40240302
935556.8974223365 1915902.36005454
935556.8748862459 1915902.31770606
935556.8523501554 1915902.27535758
935556.8298140648 1915902.2330091
935556.8072779743 1915902.19066062
935556.7847418837 1915902.14831214
935556.7622057932 1915902.10596366
935556.7396697026 1915902.06361518
935556.717133612 1915902.0212667
935556.6945975214 1915901.97891822
935556.6720614309 1915901.93656974
935556.6495253403 1915901.89422126
935556.6269892497 1915901.85187278
935556.6044531591 1915901.8095243
935556.5819170686 1915901.76717582
935556.559380978 1915901.72482734
935556.5368448875 1915901.68247886
935556.514308797 1915901.64013038
935556.4917727064 1915901.5977819
935556.4692366158 1915901.55543342
935556.4467005252 1915901.51308494
935556.4241644347 1915901.47073646
935556.4016283441 1915901.42838798
935556.3790922535 1915901.3860395
935556.3565561629 1915901.34369102
935556.3340200724 1915901.30134254
935556.3114839818 1915901.2589940599
935556.2889478912 1915901.21664558
935556.2664118006 1915901.1742971
935556.2438757102 1915901.13194862
935556.2213396196 1915901.08960014
935556.198803529 1915901.04725166
935556.1762674385 1915901.00490318
935556.1537313479 1915900.9625547
935556.1311952573 1915900.92020622
935556.1086590396 1915900.8778657517
935556.0861226949 1915900.8355332953
935556.0635863501 1915900.7932008388
935556.0410500052 1915900.7508683824
935556.0185136605 1915900.708535926
935555.9959773157 1915900.6662034695
935555.9734409709 1915900.623871013
935555.9509046262 1915900.5815385566
935555.9283682813 1915900.5392061002
935555.9058319365 1915900.496873644
935555.8832955918 1915900.4545411875
935555.860759247 1915900.412208731
935555.8382229022 1915900.3698762746
935555.8156865574 1915900.3275438182
935555.7931502126 1915900.2852113617
935555.7706138678 1915900.2428789053
935555.7480775231 1915900.2005464488
935555.7255411783 1915900.1582139924
935555.7030048335 1915900.115881536
935555.6804684887 1915900.0735490795
935555.6579321439 1915900.031216623
935555.6353957992 1915899.9888841666
935555.6128594544 1915899.9465517101
935555.5903231095 1915899.9042192537
935555.5677867648 1915899.8618867972
935555.54525042 1915899.8195543408
935555.5227140752 1915899.7772218843
935555.5001777305 1915899.7348894281
935555.4776413856 1915899.6925569717
935555.4551050408 1915899.6502245152
935555.4325686961 1915899.6078920588
935555.4100323513 1915899.5655596023
935555.3874960064 1915899.523227146
935555.3649596617 1915899.4808946894
935555.3424233169 1915899.438562233
935555.3198869722 1915899.3962297766
935555.2973506274 1915899.35389732
935555.2748142825 1915899.3115648637
935555.2522779378 1915899.2692324072
935555.229741593 1915899.2268999508
935555.2072052482 1915899.1845674943
935555.1846689035 1915899.1422350379
935555.1621325586 1915899.0999025814
935555.1395962138 1915899.057570125
935555.1170598691 1915899.0152376685
935555.0945235243 1915898.9729052123
935555.0719871795 1915898.9305727559
935555.0494508347 1915898.8882402994
935555.0269144899 1915898.845907843
935555.0043781451 1915898.8035753865
935554.9818418004 1915898.76124293
935554.9593054556 1915898.7189104736
935554.9367691108 1915898.6765780172
935554.914232766 1915898.6342455607
935554.8916964212 1915898.5919131043
935554.8691600765 1915898.5495806478
935554.8466237317 1915898.5072481914
935554.8240873868 1915898.464915735
935554.8015510421 1915898.4225832785
935554.7790146973 1915898.380250822
935554.7564783525 1915898.3379183656
935554.7339420078 1915898.2955859092
935554.71140366 1915898.253253421
935554.6888512918 1915898.2109207113
935554.6662989235 1915898.1685880013
935554.6437465552 1915898.1262552915
935554.621194187 1915898.0839225815
935554.5986418187 1915898.0415898717
935554.5760894505 1915897.9992571617
935554.5535370822 1915897.9569244517
935554.5309847139 1915897.914591742
935554.5084323457 1915897.872259032
935554.4858799775 1915897.8299263222
935554.4633276092 1915897.7875936122
935554.4407752409 1915897.7452609024
935554.4182228727 1915897.7029281924
935554.3956705044 1915897.6605954824
935554.3731181362 1915897.6182627727
935554.3505657678 1915897.5759300627
935554.3280133996 1915897.533597353
935554.3054610314 1915897.491264643
935554.2829086632 1915897.4489319331
935554.2603562948 1915897.4065992231
935554.2378039266 1915897.3642665131
935554.2152515583 1915897.3219338034
935554.1926991901 1915897.2796010934
935554.1701468219 1915897.2372683836
935554.1475944535 1915897.1949356736
935554.1250420853 1915897.1526029638
935554.1024897171 1915897.1102702538
935554.0799373488 1915897.0679375438
935554.0573849805 1915897.025604834
935554.0348326123 1915896.983272124
935554.012280244 1915896.9409394143
935553.9897278758 1915896.8986067043
935553.9671755076 1915896.8562739945
935553.9446231392 1915896.8139412845
935553.922070771 1915896.7716085748
935553.8995184028 1915896.7292758648
935553.8769660345 1915896.6869431548
935553.8544136662 1915896.644610445
935553.831861298 1915896.602277735
935553.8093089297 1915896.5599450252
935553.7867565615 1915896.5176123152
935553.7642041933 1915896.4752796055
935553.7416518249 1915896.4329468955
935553.7190994567 1915896.3906141855
935553.6965470884 1915896.3482814757
935553.6739947202 1915896.3059487657
935553.6514423519 1915896.263616056
935553.6288899836 1915896.221283346
935553.6063376154 1915896.1789506362
935553.5837852472 1915896.1366179262
935553.561232879 1915896.0942852162
935553.5386805106 1915896.0519525064
935553.5161281424 1915896.0096197964
935553.4935757741 1915895.9672870866
935553.4710234059 1915895.9249543766
935553.4484710376 1915895.8826216669
935553.4259186693 1915895.8402889569
935553.4033663011 1915895.7979562469
935553.3808139329 1915895.755623537
935553.3582615646 1915895.713290827
935553.3357091963 1915895.6709581173
935553.313156828 1915895.6286254073
935553.2906166676 1915895.5862808707
935553.2680805763 1915895.5439323918
935553.245544485 1915895.501583913
935553.2230083938 1915895.4592354342
935553.2004723025 1915895.4168869553
935553.1779362112 1915895.3745384763
935553.15540012 1915895.3321899974
935553.1328640287 1915895.2898415185
935553.1103279374 1915895.2474930398
935553.0877918461 1915895.205144561
935553.0652557549 1915895.162796082
935553.0427196636 1915895.120447603
935553.0201835723 1915895.0780991241
935552.997647481 1915895.0357506454
935552.9751113898 1915894.9934021665
935552.9525752985 1915894.9510536876
935552.9300392072 1915894.9087052087
935552.907503116 1915894.8663567298
935552.8849670247 1915894.8240082508
935552.8624309334 1915894.7816597722
935552.8398948421 1915894.7393112932
935552.8173587508 1915894.6969628143
935552.7948226596 1915894.6546143354
935552.7722865683 1915894.6122658565
935552.749750477 1915894.5699173778
935552.7272143858 1915894.5275688989
935552.7046782945 1915894.48522042
935552.6821422032 1915894.442871941
935552.6596061119 1915894.400523462
935552.6370700207 1915894.3581749832
935552.6145339294 1915894.3158265045
935552.5919978381 1915894.2734780256
935552.5694617468 1915894.2311295466
935552.5469256556 1915894.1887810677
935552.5243895643 1915894.1464325888
935552.501853473 1915894.1040841101
935552.4793173817 1915894.0617356312
935552.4567812905 1915894.0193871523
935552.4342451992 1915893.9770386734
935552.4117091079 1915893.9346901944
935552.3891730167 1915893.8923417157
935552.3666369254 1915893.8499932368
935552.3441008341 1915893.807644758
935552.3215647428 1915893.765296279
935552.2990286516 1915893.7229478
935552.2764925603 1915893.6805993211
935552.253956469 1915893.6382508425
935552.2314203777 1915893.5959023635
935552.2088842865 1915893.5535538846
935552.1863481952 1915893.5112054057
935552.163812104 1915893.4688569268
935552.1412760128 1915893.426508448
935552.1187399215 1915893.3841599692
935552.0962038302 1915893.3418114902
935552.0736677389 1915893.2994630113
935552.0511316477 1915893.2571145324
935552.0285955564 1915893.2147660535
935552.0060594651 1915893.1724175748
935551.9835233738 1915893.1300690959
935551.9609872826 1915893.087720617
935551.9384511913 1915893.045372138
935551.9159151 1915893.003023659
935551.8945643883 1915892.9628636518
935551.8751893091 1915892.9263510972
935551.85581423 1915892.8898385426
935551.8364391509 1915892.8533259877
935551.8170640718 1915892.816813433
935551.7976889926 1915892.7803008785
935551.7783139135 1915892.7437883236
935551.7589388343 1915892.707275769
935551.7395637552 1915892.6707632141
935551.720188676 1915892.6342506595
935551.700813597 1915892.5977381049
935551.6814385178 1915892.56122555
935551.6620634387 1915892.5247129954
935551.6426883595 1915892.4882004408
935551.6233132804 1915892.451687886
935551.6039382012 1915892.4151753313
935551.5845631221 1915892.3786627767
935551.5651880429 1915892.3421502218
935551.5458129639 1915892.3056376672
935551.5264378848 1915892.2691251126
935551.5070628056 1915892.2326125577
935551.4876877265 1915892.196100003
935551.4683126473 1915892.1595874482
935551.4489375682 1915892.1230748936
935551.429562489 1915892.086562339
935551.41018741 1915892.0500497841
935551.3908123308 1915892.0135372295
935551.3714372517 1915891.9770246749
935551.3520621725 1915891.94051212
935551.3326870934 1915891.9039995654
935551.3133120142 1915891.8674870108
935551.2939369351 1915891.830974456
935551.274561856 1915891.7944619013
935551.2551867769 1915891.7579493464
935551.2358116977 1915891.7214367918
935551.2164366186 1915891.6849242372
935551.1970615394 1915891.6484116823
935551.1776864603 1915891.6118991277
935551.1583113811 1915891.575386573
935551.138936302 1915891.5388740182
935551.1195612228 1915891.5023614636
935551.1001861438 1915891.465848909
935551.0808110647 1915891.4293363541
935551.0614359855 1915891.3928237995
935551.0420609064 1915891.3563112447
935551.0226858272 1915891.31979869
935551.0033107481 1915891.2832861354
935550.983935669 1915891.2467735806
935550.9645605899 1915891.210261026
935550.9451855107 1915891.1737484713
935550.9258104316 1915891.1372359165
935550.9064353524 1915891.1007233618
935550.8870602733 1915891.0642108072
935550.8676851941 1915891.0276982524
935550.848310115 1915890.9911856977
935550.8289350359 1915890.954673143
935550.8095599568 1915890.9181605882
935550.7901848776 1915890.8816480336
935550.7708097985 1915890.8451354788
935550.7514347193 1915890.8086229241
935550.7320596402 1915890.7721103695
935550.712684561 1915890.7355978147
935550.693309482 1915890.69908526
