935549.524694303 1915961.26811182
935549.5504741413 1915961.25470904
935549.5762539796 1915961.2413062598
935549.6020338178 1915961.2279034797
935549.6278136561 1915961.2145006994
935549.6535934943 1915961.2010979194
935549.6793733325 1915961.187695139
935549.7051531709 1915961.174292359
935549.7309330091 1915961.1608895788
935549.7567128474 1915961.1474867987
935549.7824926856 1915961.1340840184
935549.8082725238 1915961.1206812384
935549.8340523621 1915961.107278458
935549.8598322003 1915961.093875678
935549.8856120387 1915961.0804728977
935549.9113918769 1915961.0670701177
935549.9371717151 1915961.0536673374
935549.9629515534 1915961.0402645573
935549.9887313916 1915961.026861777
935550.0145112299 1915961.013458997
935550.0402910681 1915961.0000562167
935550.0660709064 1915960.9866534367
935550.0918507447 1915960.9732506564
935550.1176305829 1915960.9598478763
935550.1434104212 1915960.946445096
935550.1691902594 1915960.933042316
935550.1949700976 1915960.9196395357
935550.220749936 1915960.9062367557
935550.2433396403 1915960.8943961428
935550.2576349967 1915960.8866171646
935550.271930353 1915960.8788381864
935550.2862257094 1915960.8710592084
935550.3005210658 1915960.8632802302
935550.3148164222 1915960.8555012522
935550.3291117785 1915960.847722274
935550.3434071349 1915960.839943296
935550.3577024912 1915960.8321643178
935550.3719978477 1915960.8243853396
935550.386293204 1915960.8166063617
935550.4005885604 1915960.8088273834
935550.4148839167 1915960.8010484055
935550.4291792731 1915960.7932694273
935550.4434746294 1915960.785490449
935550.4577699859 1915960.777711471
935550.4720653422 1915960.7699324929
935550.4863606986 1915960.762153515
935550.5006560549 1915960.7543745367
935550.5149514113 1915960.7465955585
935550.5292467676 1915960.7388165805
935550.5435421241 1915960.7310376023
935550.5578374804 1915960.7232586243
935550.5721328368 1915960.715479646
935550.5864281931 1915960.7077006681
935550.6007235495 1915960.69992169
935550.615018906 1915960.6921427117
935550.6293142623 1915960.6843637337
935550.6621762492 1915960.6667819358
935550.7098915407 1915960.6413578824
935550.7576068322 1915960.615933829
935550.8053221236 1915960.5905097756
935550.8530374151 1915960.5650857221
935550.9007527065 1915960.5396616687
935550.948467998 1915960.514237615
935550.9961832894 1915960.4888135616
935551.0438985808 1915960.4633895082
935551.0916138723 1915960.4379654548
935551.1393291637 1915960.4125414013
935551.1870444552 1915960.3871173477
935551.2347597467 1915960.3616932943
935551.2824750381 1915960.3362692408
935551.3301903296 1915960.3108451874
935551.3779056211 1915960.285421134
935551.4256209125 1915960.2599970803
935551.473336204 1915960.234573027
935551.5210514953 1915960.2091489735
935551.5687667868 1915960.18372492
935551.6164820783 1915960.1583008666
935551.6641973697 1915960.132876813
935551.7119126612 1915960.1074527595
935551.7596279526 1915960.082028706
935551.8073432441 1915960.0566046527
935551.8550585356 1915960.0311805992
935551.902773827 1915960.0057565458
935551.9504891185 1915959.9803324922
935551.9942015293 1915959.957188963
935552.037113364 1915959.9345015388
935552.0800251986 1915959.9118141143
935552.1229370333 1915959.8891266899
935552.165848868 1915959.8664392654
935552.2087607026 1915959.8437518412
935552.2516725373 1915959.8210644168
935552.2945843721 1915959.7983769923
935552.3374962067 1915959.7756895681
935552.3804080414 1915959.7530021437
935552.4233198761 1915959.7303147193
935552.4662317107 1915959.707627295
935552.5091435454 1915959.6849398706
935552.5520553801 1915959.6622524462
935552.5949672149 1915959.6395650217
935552.6378790495 1915959.6168775975
935552.6807908842 1915959.594190173
935552.7237027189 1915959.5715027486
935552.7666145535 1915959.5488153244
935552.8095263882 1915959.5261279
935552.8524382228 1915959.5034404756
935552.8953500576 1915959.4807530513
935552.9382618923 1915959.458065627
935552.981173727 1915959.4353782025
935553.0240855616 1915959.412690778
935553.0669973963 1915959.3900033538
935553.109909231 1915959.3673159294
935553.1523089012 1915959.3448367536
935553.1906112554 1915959.3240235653
935553.2289136096 1915959.303210377
935553.2672159638 1915959.2823971887
935553.305518318 1915959.2615840004
935553.3438206722 1915959.2407708121
935553.3821230264 1915959.2199576239
935553.4204253806 1915959.1991444356
935553.4587277349 1915959.1783312475
935553.497030089 1915959.1575180592
935553.5353324432 1915959.136704871
935553.5736347975 1915959.1158916827
935553.6119371516 1915959.0950784944
935553.6502395058 1915959.0742653061
935553.6885418601 1915959.0534521178
935553.7268442143 1915959.0326389296
935553.7651465685 1915959.0118257415
935553.8034489227 1915958.9910125532
935553.8417512769 1915958.970199365
935553.8800536311 1915958.9493861767
935553.9183559853 1915958.9285729884
935553.9566583395 1915958.9077598
935553.9949606938 1915958.8869466118
935554.0332630479 1915958.8661334235
935554.0715654021 1915958.8453202352
935554.1098677564 1915958.8245070472
935554.1481701105 1915958.803693859
935554.1864724648 1915958.7828806706
935554.2284356281 1915958.7602603475
935554.2761514914 1915958.734800241
935554.3238673549 1915958.7093401344
935554.3715832182 1915958.683880028
935554.4192990815 1915958.6584199215
935554.467014945 1915958.632959815
935554.5147308083 1915958.6074997084
935554.5624466717 1915958.582039602
935554.6101625351 1915958.5565794955
935554.6578783984 1915958.531119389
935554.7055942619 1915958.5056592827
935554.7533101252 1915958.4801991761
935554.8010259885 1915958.4547390696
935554.848741852 1915958.429278963
935554.8964577153 1915958.4038188567
935554.9441735788 1915958.3783587501
935554.9918894421 1915958.3528986436
935555.0396053054 1915958.327438537
935555.0873211689 1915958.3019784307
935555.1350370322 1915958.2765183242
935555.1827528955 1915958.2510582176
935555.230468759 1915958.2255981113
935555.2781846223 1915958.2001380047
935555.3259004857 1915958.1746778982
935555.3736163491 1915958.1492177916
935555.4213322124 1915958.1237576853
935555.4690480758 1915958.0982975787
935555.5167639392 1915958.0728374722
935555.555706072 1915958.0518541194
935555.5902613394 1915958.0331091434
935555.624816607 1915958.0143641673
935555.6593718744 1915957.9956191913
935555.6939271418 1915957.9768742155
935555.7284824094 1915957.9581292395
935555.7630376768 1915957.9393842635
935555.7975929443 1915957.9206392874
935555.8321482118 1915957.9018943114
935555.8667034793 1915957.8831493354
935555.9012587467 1915957.8644043594
935555.9358140143 1915957.8456593833
935555.9703692817 1915957.8269144075
935556.0049245493 1915957.8081694315
935556.0394798167 1915957.7894244555
935556.0740350842 1915957.7706794795
935556.1085903517 1915957.7519345034
935556.1431456191 1915957.7331895274
935556.1777008866 1915957.7144445514
935556.212256154 1915957.6956995754
935556.2468114216 1915957.6769545996
935556.281366689 1915957.6582096235
935556.3159219566 1915957.6394646475
935556.350477224 1915957.6207196715
935556.3850324915 1915957.6019746955
935556.419587759 1915957.5832297194
935556.4541430265 1915957.5644847434
935556.4886982939 1915957.5457397674
935556.5028820942 1915957.5380471705
935556.5158675731 1915957.5310047134
935556.5288530518 1915957.5239622563
935556.5418385306 1915957.5169197991
935556.5548240093 1915957.5098773423
935556.567809488 1915957.5028348851
935556.5807949669 1915957.495792428
935556.5937804456 1915957.488749971
935556.6067659244 1915957.4817075138
935556.6197514031 1915957.474665057
935556.632736882 1915957.4676225998
935556.6457223607 1915957.4605801427
935556.6587078394 1915957.4535376856
935556.6716933182 1915957.4464952284
935556.6846787969 1915957.4394527716
935556.6976642758 1915957.4324103144
935556.7106497545 1915957.4253678573
935556.7236352332 1915957.4183254002
935556.736620712 1915957.411282943
935556.7496061908 1915957.4042404862
935556.7625916696 1915957.397198029
935556.7755771483 1915957.390155572
935556.788562627 1915957.3831131149
935556.8015481058 1915957.3760706577
935556.8145335846 1915957.3690282009
935556.8275190634 1915957.3619857437
935556.8405045421 1915957.3549432866
935556.8583064531 1915957.3453567317
935556.8929658765 1915957.3268658346
935556.9276252999 1915957.3083749374
935556.9622847234 1915957.2898840404
935556.9969441468 1915957.271393143
935557.0316035703 1915957.252902246
935557.0662629937 1915957.2344113488
935557.1009224172 1915957.2159204516
935557.1355818406 1915957.1974295545
935557.1702412642 1915957.1789386573
935557.2049006876 1915957.1604477603
935557.2395601111 1915957.141956863
935557.2742195345 1915957.123465966
935557.3088789579 1915957.1049750687
935557.3435383814 1915957.0864841717
935557.3781978048 1915957.0679932744
935557.4128572283 1915957.0495023772
935557.4475166517 1915957.0310114801
935557.4821760752 1915957.0125205829
935557.5168354986 1915956.9940296859
935557.5514949221 1915956.9755387886
935557.5861543455 1915956.9570478916
935557.620813769 1915956.9385569943
935557.6554731925 1915956.9200660973
935557.6901326159 1915956.9015752
935557.7247920394 1915956.8830843028
935557.7594514628 1915956.8645934057
935557.7941108863 1915956.8461025085
935557.8179868441 1915956.8333727408
935557.8310793363 1915956.8264041026
935557.8441718286 1915956.8194354642
935557.8572643208 1915956.8124668258
935557.8703568131 1915956.8054981877
935557.8834493052 1915956.7985295493
935557.8965417974 1915956.7915609109
935557.9096342897 1915956.7845922727
935557.9227267819 1915956.7776236343
935557.9358192742 1915956.770654996
935557.9489117664 1915956.7636863578
935557.9620042586 1915956.7567177194
935557.9750967509 1915956.749749081
935557.9881892431 1915956.7427804428
935558.0012817354 1915956.7358118044
935558.0143742276 1915956.728843166
935558.0274667197 1915956.7218745279
935558.040559212 1915956.7149058895
935558.0536517042 1915956.707937251
935558.0667441965 1915956.700968613
935558.0798366887 1915956.6939999745
935558.092929181 1915956.6870313361
935558.1060216732 1915956.680062698
935558.1191141654 1915956.6730940596
935558.1322066577 1915956.6661254212
935558.1452991499 1915956.659156783
935558.158391642 1915956.6521881446
935558.1714841343 1915956.6452195062
935558.205590325 1915956.6272527438
935558.2457004294 1915956.6061436601
935558.2858105339 1915956.5850345762
935558.3259206384 1915956.5639254926
935558.3660307429 1915956.542816409
935558.4061408474 1915956.5217073252
935558.446250952 1915956.5005982413
935558.4863610564 1915956.4794891577
935558.5264711609 1915956.458380074
935558.5665812654 1915956.43727099
935558.6066913699 1915956.4161619064
935558.6468014744 1915956.3950528228
935558.6869115789 1915956.373943739
935558.7270216834 1915956.3528346552
935558.7671317878 1915956.3317255715
935558.8072418923 1915956.3106164879
935558.8473519968 1915956.2895074042
935558.8874621013 1915956.2683983203
935558.9275722058 1915956.2472892366
935558.9676823103 1915956.226180153
935559.0077924147 1915956.205071069
935559.0479025192 1915956.1839619854
935559.0880126237 1915956.1628529017
935559.1281227282 1915956.141743818
935559.1682328327 1915956.1206347342
935559.2083429372 1915956.0995256505
935559.2484530417 1915956.0784165668
935559.2889856884 1915956.0570657596
935559.3367015524 1915956.0316056523
935559.3844174163 1915956.006145545
935559.4321332802 1915955.9806854378
935559.4798491442 1915955.9552253305
935559.5275650081 1915955.9297652235
935559.575280872 1915955.9043051163
935559.6229967361 1915955.878845009
935559.6707126 1915955.8533849018
935559.7184284639 1915955.8279247945
935559.7661443279 1915955.8024646875
935559.8138601918 1915955.7770045802
935559.8615760558 1915955.751544473
935559.9092919198 1915955.7260843657
935559.9570077837 1915955.7006242585
935560.0047236476 1915955.6751641512
935560.0524395115 1915955.6497040442
935560.1001553755 1915955.624243937
935560.1478712395 1915955.5987838297
935560.1955871034 1915955.5733237225
935560.2433029674 1915955.5478636152
935560.2910188313 1915955.522403508
935560.3387346952 1915955.496943401
935560.3864505593 1915955.4714832937
935560.4341664232 1915955.4460231864
935560.4818822871 1915955.4205630792
935560.5295981511 1915955.395102972
935560.577314015 1915955.369642865
935560.618010669 1915955.3479300383
935560.6446689031 1915955.3337117734
935560.671327137 1915955.3194935084
935560.6979853711 1915955.3052752435
935560.7246436052 1915955.2910569785
935560.7513018391 1915955.2768387138
935560.7779600732 1915955.2626204488
935560.8046183073 1915955.2484021839
935560.8312765413 1915955.234183919
935560.8579347753 1915955.219965654
935560.8845930094 1915955.205747389
935560.9112512434 1915955.191529124
935560.9379094775 1915955.177310859
935560.9645677115 1915955.1630925944
935560.9912259455 1915955.1488743294
935561.0178841796 1915955.1346560644
935561.0445424136 1915955.1204377995
935561.0712006476 1915955.1062195345
935561.0978588817 1915955.0920012696
935561.1245171158 1915955.0777830046
935561.1511753497 1915955.0635647397
935561.1778335838 1915955.0493464747
935561.2044918179 1915955.03512821
935561.2311500518 1915955.020909945
935561.2578082859 1915955.00669168
935561.28446652 1915954.992473415
935561.311124754 1915954.9782551501
935561.337782988 1915954.9640368852
935561.3773318056 1915954.9429489544
935561.4250837219 1915954.9174894183
935561.4728356381 1915954.8920298822
935561.5205875544 1915954.8665703458
935561.5683394707 1915954.8411108097
935561.6160913869 1915954.8156512736
935561.6638433031 1915954.7901917375
935561.7115952194 1915954.7647322011
935561.7593471357 1915954.739272665
935561.8070990519 1915954.7138131289
935561.8548509681 1915954.6883535925
935561.9026028845 1915954.6628940564
935561.9503548007 1915954.6374345203
935561.9981067169 1915954.611974984
935562.0458586331 1915954.5865154478
935562.0936105495 1915954.5610559117
935562.1413624657 1915954.5355963754
935562.1891143819 1915954.5101368392
935562.2368662981 1915954.4846773031
935562.2846182145 1915954.4592177668
935562.3323701307 1915954.4337582306
935562.3801220469 1915954.4082986945
935562.4278739633 1915954.3828391582
935562.4756258795 1915954.357379622
935562.5233777957 1915954.331920086
935562.5711297119 1915954.3064605498
935562.6188816283 1915954.2810010135
935562.6666335445 1915954.2555414774
935562.7051073919 1915954.235031516
935562.7424214808 1915954.215140252
935562.7797355697 1915954.1952489875
935562.8170496586 1915954.1753577231
935562.8543637475 1915954.1554664588
935562.8916778364 1915954.1355751944
935562.9289919252 1915954.1156839302
935562.9663060141 1915954.0957926658
935563.003620103 1915954.0759014015
935563.0409341919 1915954.056010137
935563.0782482808 1915954.036118873
935563.1155623697 1915954.0162276085
935563.1528764586 1915953.9963363442
935563.1901905474 1915953.9764450798
935563.2275046363 1915953.9565538154
935563.2648187252 1915953.9366625512
935563.3021328141 1915953.9167712869
935563.339446903 1915953.8968800225
935563.3767609919 1915953.876988758
935563.4140750808 1915953.857097494
935563.4513891696 1915953.8372062296
935563.4887032585 1915953.8173149652
935563.5260173474 1915953.7974237008
935563.5633314362 1915953.7775324364
935563.6006455251 1915953.7576411723
935563.637959614 1915953.737749908
935563.675273703 1915953.7178586435
935563.7069387371 1915953.7009670741
935563.7103584975 1915953.6990739787
935563.713778258 1915953.6971808833
935563.7171980183 1915953.695287788
935563.7206177788 1915953.6933946926
935563.7240375392 1915953.6915015974
935563.7274572997 1915953.689608502
935563.7308770602 1915953.6877154065
935563.7342968206 1915953.6858223113
935563.7377165811 1915953.683929216
935563.7411363415 1915953.6820361207
935563.744556102 1915953.6801430252
935563.7479758624 1915953.6782499298
935563.7513956229 1915953.6763568346
935563.7548153832 1915953.6744637392
935563.7582351437 1915953.672570644
935563.7616549041 1915953.6706775485
935563.7650746646 1915953.668784453
935563.7684944251 1915953.6668913579
935563.7719141855 1915953.6649982624
935563.775333946 1915953.6631051672
935563.7787537064 1915953.6612120718
935563.7821734669 1915953.6593189763
935563.7855932273 1915953.6574258811
935563.7890129877 1915953.6555327857
935563.7924327481 1915953.6536396905
935563.7958525086 1915953.651746595
935563.799272269 1915953.6498534996
935563.8223791869 1915953.6374861766
935563.8700950512 1915953.6120260686
935563.9178109156 1915953.5865659607
935563.96552678 1915953.5611058527
935564.0132426444 1915953.5356457448
935564.0609585088 1915953.5101856368
935564.1086743731 1915953.4847255289
935564.1563902375 1915953.459265421
935564.2041061019 1915953.433805313
935564.2518219663 1915953.408345205
935564.2995378306 1915953.382885097
935564.347253695 1915953.357424989
935564.3949695595 1915953.3319648812
935564.4426854239 1915953.3065047732
935564.4904012883 1915953.2810446653
935564.5381171526 1915953.2555845573
935564.585833017 1915953.2301244496
935564.6335488814 1915953.2046643416
935564.6812647458 1915953.1792042337
935564.7289806101 1915953.1537441257
935564.7766964745 1915953.1282840178
935564.8244123389 1915953.1028239098
935564.8721282033 1915953.077363802
935564.9198440677 1915953.051903694
935564.9675599321 1915953.026443586
935565.0152757965 1915953.000983478
935565.0629916609 1915952.97552337
935565.1107075253 1915952.9500632621
935565.1312875217 1915952.9392525924
935565.1414306457 1915952.934076322
935565.1515737699 1915952.9289000514
935565.1617168939 1915952.923723781
935565.1718600179 1915952.9185475106
935565.1820031421 1915952.91337124
935565.1921462661 1915952.9081949696
935565.2022893903 1915952.9030186993
935565.2124325143 1915952.8978424286
935565.2225756384 1915952.8926661583
935565.2327187625 1915952.887489888
935565.2428618866 1915952.8823136173
935565.2530050107 1915952.877137347
935565.2631481348 1915952.8719610765
935565.2732912588 1915952.866784806
935565.283434383 1915952.8616085355
935565.293577507 1915952.8564322651
935565.303720631 1915952.8512559945
935565.3138637552 1915952.8460797241
935565.3240068792 1915952.8409034538
935565.3341500034 1915952.8357271831
935565.3442931274 1915952.8305509128
935565.3544362516 1915952.8253746424
935565.3645793756 1915952.8201983718
935565.3747224997 1915952.8150221014
935565.3848656238 1915952.809845831
935565.3950087479 1915952.8046695604
935565.405151872 1915952.79949329