935553.082022508 1915906.56414063
935552.9198169871 1915906.6525875006
935552.8301446605 1915906.7015115966
935552.7963202681 1915906.7199979057
935552.8016585499 1915906.7171314151
935552.829474246 1915906.7019971139
935552.8630820962 1915906.6836799895
935552.8857968409 1915906.6712650303
935552.8809332199 1915906.673837224
935552.8318059733 1915906.700481559
935552.7217298412 1915906.7602830231
935552.5345111404 1915906.8620592172
935552.275137919 1915907.0031062297
935551.9773763886 1915907.1650666574
935551.6770485012 1915907.3284649053
935551.4099762083 1915907.4738253783
935551.2119770052 1915907.5816749013
935551.1054996038 1915907.639797676
935551.0701716004 1915907.6592237721
935551.0770647204 1915907.6556278996
935551.0972506898 1915907.644684769
935551.1018012336 1915907.64206909
935551.0649494273 1915907.6617460612
935550.9870264904 1915907.7035682243
935550.8812234304 1915907.7604341449
935550.7608214419 1915907.8251936221
935550.6391017194 1915907.8906964534
935550.5289365619 1915907.950012101
935550.4316096824 1915908.0024355727
935550.3354549061 1915908.0542187286
935550.2281238504 1915908.1119799225
935550.0972681318 1915908.1823375071
935549.9305586139 1915908.2718995179
935549.7244248359 1915908.3825787634
935549.4978816921 1915908.5041808146
935549.273535262 1915908.6245861305
935549.0739916245 1915908.7316751704
935548.9218568592 1915908.8133283933
935548.8346733763 1915908.8601309536
935548.7970614436 1915908.8802529546
935548.7804796137 1915908.8888946653
935548.7563517777 1915908.9012748683
935548.6961018256 1915908.9326123453
935548.5722909821 1915908.9975233015
935548.3800996257 1915909.0986399283
935548.1355198554 1915909.2275680152
935547.8553188315 1915909.3755027102
935547.5562637147 1915909.533639162
935547.2550988427 1915909.6931842472
935546.9649118866 1915909.84722401
935546.691147618 1915909.9927721901
935546.4382921384 1915910.1273351912
935546.2108315489 1915910.2484194166
935546.0132519504 1915910.3535312684
935545.8484073192 1915910.441062425
935545.7107151742 1915910.5139805588
935545.591875221 1915910.5767275004
935545.4835858523 1915910.6337457947
935545.3775454598 1915910.6894779855
935545.2658439286 1915910.7481591038
935545.1462834732 1915910.810996328
935545.0209903936 1915910.8769048317
935544.892198068 1915910.94474303
935544.7621398746 1915911.0133693388
935544.6330367365 1915911.0816484562
935544.5061290512 1915911.1489396729
935544.3809855877 1915911.2154454773
935544.2570119846 1915911.281450643
935544.1336138803 1915911.3472399444
935544.0101969125 1915911.4130981544
935543.8862862128 1915911.4792450755
935543.7619003872 1915911.5456321926
935543.6371854105 1915911.6121417382
935543.5122872575 1915911.678655942
935543.3873519032 1915911.7450570362
935543.262514077 1915911.8112368535
935543.13778429 1915911.8771932952
935543.0130958966 1915911.9429901459
935542.8883810936 1915912.0086921786
935542.7635720776 1915912.074364166
935542.6386026894 1915912.140070142
935542.5134825262 1915912.2058401203
935542.3883270433 1915912.2716565726
935542.263259573 1915912.3374984344
935542.1384034486 1915912.403344641
935542.01388198 1915912.4691741352
935541.889715965 1915912.535006266
935541.7655873408 1915912.6009939418
935541.6411081249 1915912.6673176289
935541.5158903337 1915912.7341577937
935541.3895459853 1915912.8016949038
935541.2618264724 1915912.8700289966
935541.1336749854 1915912.9385723684
935541.006639456 1915913.0063883418
935540.882272553 1915913.0725375065
935540.7621269457 1915913.1360804515
935540.647612047 1915913.1961592815
935540.5358464293 1915913.2543576949
935540.4190185793 1915913.3150647278
935540.2890451046 1915913.382824122
935540.1378426134 1915913.4621796191
935539.9573350024 1915913.5576708256
935539.7434815863 1915913.6715474343
935539.5029704898 1915913.7999710385
935539.2442531064 1915913.9381026565
935538.9757808314 1915914.0811033086
935538.7060050587 1915914.2241340128
935538.4424383133 1915914.362927419
935538.1862814431 1915914.4970590398
935537.936134417 1915914.6276879343
935537.6905890992 1915914.7559780956
935537.4482373544 1915914.8830935159
935537.2076450438 1915915.0101921824
935536.9668357257 1915915.1383068552
935536.7233199371 1915915.268351823
935536.474588076 1915915.4012367274
935536.2181305388 1915915.537871208
935535.9514596302 1915915.6791545686
935535.6760571067 1915915.8241132614
935535.4019505947 1915915.9677416657
935535.1402773912 1915916.1045105984
935534.9021747934 1915916.2288908763
935534.6987800992 1915916.3353533186
935534.5383732097 1915916.4198098718
935534.4139782724 1915916.4858667476
935534.3135487702 1915916.5396875506
935534.2250347952 1915916.5874375976
935534.136386439 1915916.6352822054
935534.0361191174 1915916.6890984543
935533.921351385 1915916.750377024
935533.7958990524 1915916.8171939286
935533.6637545689 1915916.8875351225
935533.5289103836 1915916.9593865587
935533.3953414257 1915917.0307425465
935533.2655158723 1915917.1003160398
935533.1392581589 1915917.1680809192
935533.0161250189 1915917.234138747
935532.8956731854 1915917.2985910862
935532.7774593914 1915917.3615394982
935532.660694146 1915917.4233072803
935532.5431117577 1915917.4851631436
935532.422053175 1915917.5486277223
935532.2948593415 1915917.6152216527
935532.1588712014 1915917.6864655719
935532.0121269473 1915917.7635017033
935531.8606668565 1915917.8431293606
935531.7156451504 1915917.9193724054
935531.5882991222 1915917.9862096142
935531.4898660644 1915918.0376197642
935531.4313476455 1915918.0677097917
935531.412115775 1915918.0769122809
935531.414826945 1915918.0747516453
935531.4208427455 1915918.0714566223
935531.4115247659 1915918.0772559491
935531.3682353403 1915918.1023779497
935531.278107783 1915918.1538593394
935531.147963954 1915918.2278481855
935530.9888207716 1915918.3181724998
935530.8116951529 1915918.4186602943
935530.6276040161 1915918.523139582
935530.4470720276 1915918.6257091728
935530.2762625633 1915918.7228671163
935530.1190603849 1915918.8123649757
935529.9793304154 1915918.8919652281
935529.8609375769 1915918.9594303507
935529.7675632676 1915919.012631341
935529.6970714262 1915919.0528791023
935529.6404531893 1915919.0855484796
935529.5883032598 1915919.1162487313
935529.5312163405 1915919.1505891148
935529.4597926693 1915919.1941754918
935529.3684254359 1915919.2502850674
935529.2619064739 1915919.3158108783
935529.1467937734 1915919.386561645
935529.0296453236 1915919.4583460859
935528.9170191146 1915919.5269729206
935528.8146629035 1915919.5888147268
935528.7226912526 1915919.6441643501
935528.638826397 1915919.6949795082
935528.5607818534 1915919.7432239873
935528.4862711385 1915919.7908615738
935528.4130245843 1915919.8398249268
935528.3391406318 1915919.8913653265
935528.2630757543 1915919.9460713214
935528.1833012254 1915920.0045040648
935528.0982883188 1915920.0672247105
935528.006514921 1915920.1347907153
935527.9078236481 1915920.2069967445
935527.805083907 1915920.2819456884
935527.7015718599 1915920.35751309
935527.6005636685 1915920.4315744906
935527.5053354946 1915920.5020054327
935527.4185251709 1915920.5671091
935527.3392499548 1915920.627547244
935527.2654199576 1915920.6847903293
935527.1949442133 1915920.7403095425
935527.1257317567 1915920.795576071
935527.055748218 1915920.8520348081
935526.9838581226 1915920.9107130603
935526.9096455878 1915920.9723038422
935526.8327149104 1915921.0374907944
935526.7526703865 1915921.1069575574
935526.6691251805 1915921.1813775105
935526.5825288538 1915921.260456315
935526.494841502 1915921.342151931
935526.408181868 1915921.4242387624
935526.3246686948 1915921.5044912116
935526.2464207256 1915921.5806836816
935526.1745879608 1915921.6515726827
935526.1060558367 1915921.7202381087
935526.0365366541 1915921.7909491723
935525.9617426796 1915921.8679751218
935525.8773861792 1915921.9555852052
935525.779710164 1915922.0575038586
935525.6712891 1915922.1709562598
935525.5588603037 1915922.2888944093
935525.4492340633 1915922.4041953993
935525.3492206682 1915922.5097363235
935525.2655304035 1915922.5985027142
935525.1995734643 1915922.6692272958
935525.1449240033 1915922.7291398607
935525.0945245478 1915922.7861551116
935525.0413176235 1915922.848187751
935524.9782459325 1915922.9231522805
935524.9008306544 1915923.016001747
935524.813673076 1915923.1212604437
935524.7233721865 1915923.2311582472
935524.6365269755 1915923.3379250343
935524.5597364324 1915923.4337906805
935524.4987866625 1915923.5119680974
935524.4519990243 1915923.574697444
935524.4136796624 1915923.6290745477
935524.3780960585 1915923.6822419912
935524.3395156935 1915923.7413423576
935524.2923266442 1915923.8133565912
935524.2349684283 1915923.899835293
935524.1708022351 1915923.99573231
935524.1034859637 1915924.0956037957
935524.0366775122 1915924.1940059029
935523.9740333786 1915924.2854972328
935523.9179968477 1915924.3667558061
935523.867580894 1915924.4404522146
935523.821196481 1915924.5103087353
935523.7772545718 1915924.5800476444
935523.734166129 1915924.6533912178
935523.6905124576 1915924.7335025258
935523.6460999525 1915924.8195228553
935523.6012711298 1915924.90883349
935523.5563707679 1915924.9988082834
935523.5117436456 1915925.0868210911
935523.467720609 1915925.1703530548
935523.4243120417 1915925.2493529334
935523.3812078633 1915925.3262371037
935523.3380840621 1915925.4035292286
935523.2946166252 1915925.483752972
935523.2504825608 1915925.5694263966
935523.2056006229 1915925.6617406975
935523.1604419799 1915925.7588550407
935523.1155546099 1915925.8585070062
935523.0714864914 1915925.9584341752
935523.0287856022 1915926.056374127
935522.987882092 1915926.1505968703
935522.948534711 1915926.2424062295
935522.9102647534 1915926.3341790105
935522.8725932384 1915926.42829326
935522.8350411855 1915926.5271270229
935522.7971641711 1915926.6328969193
935522.7590909757 1915926.7451419102
935522.7214222341 1915926.861196752
935522.6847726252 1915926.9783305894
935522.6497568289 1915927.093812568
935522.6169851758 1915927.2049304026
935522.5866164262 1915927.3109002102
935522.5579698172 1915927.4145232323
935522.5302731643 1915927.5189911174
935522.5027542835 1915927.627495515
935522.4746409907 1915927.7432280732
935522.4454352201 1915927.8682693357
935522.4158848494 1915927.999649571
935522.3870915667 1915928.1329649198
935522.3601570842 1915928.263811426
935522.3361831139 1915928.3877851323
935522.3161750342 1915928.5009507167
935522.2999430953 1915928.6051867804
935522.2864891938 1915928.7063043106
935522.274799974 1915928.8101884895
935522.263862081 1915928.9227245003
935522.252673292 1915929.0497105392
935522.2408664805 1915929.1919823792
935522.2290404647 1915929.34282824
935522.2178750355 1915929.4949036543
935522.2080499829 1915929.640864155
935522.2002450896 1915929.7733653404
935522.1948823044 1915929.8872909616
935522.1914463029 1915929.985624512
935522.1892088486 1915930.0731894313
935522.1874417049 1915930.154809161
935522.1854166352 1915930.2353071414
935522.1824872441 1915930.3191678845
935522.1787863681 1915930.407648865
935522.1748783123 1915930.5002207165
935522.1713319565 1915930.5963351282
935522.16871618 1915930.6954437871
935522.1675901779 1915930.7969891205
935522.1681677684 1915930.900083244
935522.1702313359 1915931.0034256626
935522.1735361001 1915931.1056899019
935522.1778372817 1915931.2055494864
935522.1828901379 1915931.3016781907
935522.188492179 1915931.393028474
935522.1945641424 1915931.4793655637
935522.201049108 1915931.5606020575
935522.207890155 1915931.636650549
935522.2150303636 1915931.7074236344
935522.2224207893 1915931.7731659045
935522.2300718322 1915931.8365924403
935522.2380206508 1915931.901532224
935522.2463045333 1915931.9718196352
935522.2549607686 1915932.0512890555
935522.2640379261 1915932.143617695
935522.2738574994 1915932.2486806922
935522.2850215856 1915932.3624441181
935522.2981451 1915932.4806954688
935522.3138429581 1915932.5992222407
935522.3327285429 1915932.7138193347
935522.3549947776 1915932.8223128791
935522.3798445299 1915932.9273119294
935522.4063382666 1915933.0321134743
935522.4335364547 1915933.1400145066
935522.4604995608 1915933.2543120151
935522.4864948615 1915933.3775623657
935522.5120072722 1915933.5079613226
935522.5379658476 1915933.6421141021
935522.5653002904 1915933.7766235995
935522.5949403034 1915933.908092709
935522.6277735743 1915934.0333498819
935522.6639594013 1915934.1531339309
935522.703040539 1915934.271493581
935522.7445402917 1915934.392581976
935522.7879819635 1915934.5205522587
935522.8328881388 1915934.6595285602
935522.8786986967 1915934.8103027388
935522.9246952177 1915934.9672886499
935522.970141416 1915935.1241802745
935523.0143010048 1915935.2746715937
935523.0564376984 1915935.4124565881
935523.095987528 1915935.5327131639
935523.1331952565 1915935.6375836825
935523.1685426974 1915935.7312518838
935523.2025116957 1915935.8179017704
935523.2355840948 1915935.9017173448
935523.2682456034 1915935.9866935664
935523.3010318134 1915936.074385095
935523.3345130223 1915936.1646487527
935523.3692602316 1915936.2573069623
935523.405844442 1915936.3521821464
935523.444827704 1915936.449093976
935523.4862210554 1915936.5476927543
935523.5291733337 1915936.64736376
935523.5727582497 1915936.747469181
935523.6160495138 1915936.847371204
935523.658120839 1915936.9464320168
935523.6982302107 1915937.043884038
935523.7363271542 1915937.1384727042
935523.7725233862 1915937.2288292362
935523.8069306234 1915937.313584854
935523.8396605819 1915937.391370777
935523.8709604539 1915937.4612981756
935523.9024153323 1915937.5272180152
935523.9363728235 1915937.5956826287
935523.9751894001 1915937.6732757555
935524.0212215342 1915937.766581137
935524.0767483069 1915937.881992703
935524.1411144871 1915938.0187076803
935524.2098954947 1915938.1666785763
935524.2784190618 1915938.3152504172
935524.3420129196 1915938.4537682282
935524.3960065087 1915938.5715806815
935524.4382849506 1915938.6634886002
935524.4744224669 1915938.740696313
935524.5114334426 1915938.8174805176
935524.5563322639 1915938.9081179125
935524.6161333163 1915939.026885195
935524.696623765 1915939.185638184
935524.7941396298 1915939.3775888737
935524.9006269883 1915939.58728943
935525.0080076896 1915939.7992442225
935525.108203583 1915939.997957623
935525.1933276247 1915940.1682919273
935525.2603606074 1915940.3042264374
935525.3114290219 1915940.4093778648
935525.3489060919 1915940.4878250326
935525.3751650413 1915940.5436467614
935525.3925807641 1915940.5809257987
935525.4040644398 1915940.6050049644
935525.4138286739 1915940.6242849582
935525.4262796611 1915940.6476213422
935525.4458235956 1915940.683869678
935525.476866672 1915940.7418855284
935525.5229246347 1915940.828768479
935525.5820951872 1915940.9409336832
935525.65043815 1915941.0707775701
935525.7240096636 1915941.210689309
935525.7988658668 1915941.35305807
935525.8712050267 1915941.490545839
935525.9398026526 1915941.62076171
935526.0056773255 1915941.7456204281
935526.0699225152 1915941.8671804923
935526.1336316915 1915941.9875003994
935526.1978947998 1915942.1086321026
935526.2633520247 1915942.2317923016
935526.3297571768 1915942.3565516097
935526.3967604107 1915942.482288139
935526.46401188 1915942.6083799999
935526.5311617383 1915942.7342053035
935526.597922751 1915942.859263512
935526.6643111277 1915942.983642207
935526.7304348759 1915943.107606888
935526.7964020221 1915943.2314230923
935526.8623205939 1915943.355356359
935526.9282922186 1915943.4796563804
935526.99433252 1915943.60435991
935527.0603955741 1915943.7293513156
935527.1264341209 1915943.854511656
935527.1924009012 1915943.9797219913
935527.2582493635 1915944.1048642946
935527.3239801695 1915944.2298814713
935527.3896699918 1915944.3548145203
935527.4554023833 1915944.4797133233
935527.5212608981 1915944.6046277608
935527.5873290891 1915944.7296077125
935527.6536612496 1915944.854681162
935527.7201983063 1915944.979791247
935527.7868537349 1915945.1048605633
935527.8535410109 1915945.2298117043
935527.9201736096 1915945.3545672651
935527.9866714162 1915945.4790598203
935528.0530199887 1915945.6033242082
935528.1192434081 1915945.7274552525
935528.1853662448 1915945.8515485397
935528.2514130686 1915945.9756996552
935528.3174084368 1915946.1000033806
935528.3833763626 1915946.2245219874
935528.449340141 1915946.3492748032
935528.5153230188 1915946.474278212
935528.5813482418 1915946.5995485978
935528.6474390422 1915946.7251023094
935528.7135892672 1915946.8508838923
935528.77970155 1915946.9766150024
935528.8456608764 1915947.1019741748
935528.911352233 1915947.2266399455
935528.9766606065 1915947.3502908489
935529.0415297044 1915947.4727298592
935529.1063713849 1915947.5947520193
935529.1718214882 1915947.7176270166
935529.2385172524 1915947.8426275032
935529.3070959152 1915947.9710261282
935529.378138836 1915948.1039894747
935529.4507269339 1915948.239836003
935529.5223103797 1915948.3737887011
935529.5902573469 1915948.500914911
935529.6519360095 1915948.6162819753
935529.7047217018 1915948.7149706664
935529.7487087817 1915948.79716146
935529.7907928558 1915948.8757910072
935529.8389156117 1915948.9657579537
935529.9010187382 1915949.0819609459
935529.9850439234 1915949.2392986286
935530.0969878432 1915949.4490211722
935530.2306147759 1915949.6994330827
935530.3749452371 1915949.9699404626
935530.5189893169 1915950.2399298598
935530.6517571062 1915950.488787823
935530.7627036 1915950.6967344014
935530.8497291028 1915950.8598114115
935530.9182914518 1915950.988219241
935530.9741151454 1915951.092657854
935531.0229246835 1915951.1838272135
935531.0704370921 1915951.2724136098
935531.1213037991 1915951.36715365
935531.1780136655 1915951.4728271777
935531.2427935947 1915951.5937347414
935531.31787049 1915951.7341768916
935531.4054712543 1915951.8984541767
935531.5069782969 1915952.0892617982
935531.6195474366 1915952.3012603896
935531.7390149466 1915952.526602185
935531.8612166613 1915952.7574385824
935531.9819884145 1915952.9859209794
935532.097322403 1915953.2044922865
935532.2053997419 1915953.4096762734
935532.3060126659 1915953.601000365
935532.3989907998 1915953.7780616947
935532.4841637686 1915953.9404573939
935532.561361197 1915954.087784595
935532.63041271 1915954.2196404308
935532.6911479327 1915954.3356220338
935532.7433964894 1915954.4353265362
935532.7869880057 1915954.518351071
935532.821752106 1915954.58429277