935555.405151872 1915947.79949329
935555.4739202126 1915947.7626109507
935555.5426885532 1915947.7257286112
935555.6114568939 1915947.688846272
935555.6802252345 1915947.6519639327
935555.7489935751 1915947.6150815934
935555.8177619159 1915947.5781992539
935555.8865302565 1915947.5413169146
935555.9552985971 1915947.5044345753
935556.0240669377 1915947.467552236
935556.0928352784 1915947.4306698965
935556.161603619 1915947.3937875573
935556.2303719596 1915947.356905218
935556.2991403003 1915947.3200228785
935556.3679086409 1915947.2831405392
935556.4366769815 1915947.2462582
935556.5054453221 1915947.2093758606
935556.5742136628 1915947.1724935211
935556.6429820035 1915947.1356111818
935556.7117503441 1915947.0987288426
935556.7805186848 1915947.0618465033
935556.8492870254 1915947.0249641638
935556.918055366 1915946.9880818245
935556.9868237067 1915946.9511994852
935557.0555920473 1915946.9143171457
935557.1243603879 1915946.8774348064
935557.1931287285 1915946.8405524672
935557.2618970692 1915946.8036701279
935557.3306654098 1915946.7667877884
935557.3994337504 1915946.729905449
935557.4682020912 1915946.6930231098
935557.5369704318 1915946.6561407703
935557.6057387724 1915946.619258431
935557.674507113 1915946.5823760917
935557.7432754537 1915946.5454937525
935557.8120437943 1915946.508611413
935557.880812135 1915946.4717290737
935557.9495804756 1915946.4348467344
935558.0183488162 1915946.3979643951
935558.0871171571 1915946.3610820554
935558.1558854982 1915946.3241997154
935558.2246538391 1915946.2873173757
935558.2934221802 1915946.2504350357
935558.3621905212 1915946.213552696
935558.4309588623 1915946.176670356
935558.4997272033 1915946.1397880162
935558.5684955443 1915946.1029056765
935558.6372638853 1915946.0660233365
935558.7060322263 1915946.0291409967
935558.7748005674 1915945.9922586568
935558.8435689084 1915945.955376317
935558.9123372494 1915945.918493977
935558.9811055905 1915945.8816116373
935559.0498739314 1915945.8447292973
935559.1186422725 1915945.8078469576
935559.1874106135 1915945.7709646176
935559.2561789546 1915945.7340822779
935559.3249472956 1915945.697199938
935559.3937156366 1915945.6603175981
935559.4624839777 1915945.6234352582
935559.5312523186 1915945.5865529184
935559.6000206597 1915945.5496705784
935559.6687890007 1915945.5127882387
935559.7375573418 1915945.4759058987
935559.8063256828 1915945.439023559
935559.8750940238 1915945.402141219
935559.9438623649 1915945.3652588793
935560.0126307058 1915945.3283765393
935560.0813990469 1915945.2914941995
935560.1501673879 1915945.2546118596
935560.2189357289 1915945.2177295198
935560.28770407 1915945.1808471798
935560.356472411 1915945.14396484
935560.425240752 1915945.1070825001
935560.494009093 1915945.0702001604
935560.5627774341 1915945.0333178204
935560.6315457751 1915944.9964354807
935560.7003081075 1915944.9595530455
935560.7690504113 1915944.9226702924
935560.837792715 1915944.8857875394
935560.9065350188 1915944.8489047864
935560.9752773226 1915944.8120220331
935561.0440196265 1915944.7751392801
935561.1127619302 1915944.738256527
935561.181504234 1915944.701373774
935561.2502465377 1915944.664491021
935561.3189888415 1915944.627608268
935561.3877311453 1915944.590725515
935561.456473449 1915944.553842762
935561.5252157528 1915944.516960009
935561.5939580565 1915944.4800772558
935561.6627003604 1915944.4431945027
935561.7314426642 1915944.4063117497
935561.8001849679 1915944.3694289967
935561.8689272717 1915944.3325462437
935561.9376695754 1915944.2956634907
935562.0064118792 1915944.2587807376
935562.075154183 1915944.2218979846
935562.1438964867 1915944.1850152316
935562.2126387906 1915944.1481324784
935562.2813810944 1915944.1112497253
935562.3501233981 1915944.0743669723
935562.4188657019 1915944.0374842193
935562.4876080056 1915944.0006014663
935562.5563503094 1915943.9637187133
935562.6250926132 1915943.9268359602
935562.6938349169 1915943.8899532072
935562.7625772207 1915943.8530704542
935562.8313195246 1915943.8161877012
935562.9000618283 1915943.779304948
935562.9688041321 1915943.742422195
935563.0375464358 1915943.705539442
935563.1062887396 1915943.6686566889
935563.1750310434 1915943.6317739359
935563.2437733471 1915943.5948911828
935563.3125156509 1915943.5580084298
935563.3812799869 1915943.5211260254
935563.4500483287 1915943.484243684
935563.5188166705 1915943.4473613428
935563.5875850124 1915943.4104790017
935563.6563533542 1915943.3735966606
935563.7251216961 1915943.3367143194
935563.7938900379 1915943.2998319783
935563.8626583797 1915943.2629496371
935563.9314267216 1915943.226067296
935564.0001950634 1915943.1891849549
935564.0689634052 1915943.1523026137
935564.1377317471 1915943.1154202726
935564.2065000889 1915943.0785379312
935564.2752684308 1915943.04165559
935564.3440367726 1915943.004773249
935564.4128051144 1915942.9678909078
935564.4815734563 1915942.9310085666
935564.5503417981 1915942.8941262255
935564.6191101399 1915942.8572438844
935564.6878784818 1915942.8203615432
935564.7566468236 1915942.783479202
935564.8254151655 1915942.746596861
935564.8941835073 1915942.7097145198
935564.9629518491 1915942.6728321784
935565.031720191 1915942.6359498373
935565.1004885328 1915942.5990674961
935565.1692568746 1915942.562185155
935565.2380252165 1915942.5253028139
935565.3067935583 1915942.4884204727
935565.3755619002 1915942.4515381316
935565.444330242 1915942.4146557904
935565.5130985838 1915942.3777734493
935565.5818669257 1915942.3408911081
935565.6506352675 1915942.304008767
935565.7194036094 1915942.2671264256
935565.7881719512 1915942.2302440845
935565.856940293 1915942.1933617434
935565.9257086349 1915942.1564794022
935565.9944769769 1915942.1195970608
935566.0632453192 1915942.0827147188
935566.1320136614 1915942.045832377
935566.2007820037 1915942.0089500349
935566.269550346 1915941.972067693
935566.3383186883 1915941.935185351
935566.4070870306 1915941.898303009
935566.4758553728 1915941.861420667
935566.5446237151 1915941.8245383252
935566.6133920574 1915941.7876559834
935566.6821603997 1915941.7507736413
935566.750928742 1915941.7138912994
935566.8196970843 1915941.6770089574
935566.8884654265 1915941.6401266155
935566.9572337688 1915941.6032442735
935567.026002111 1915941.5663619316
935567.0947704534 1915941.5294795895
935567.1635387957 1915941.4925972477
935567.2323071379 1915941.4557149056
935567.3010754802 1915941.4188325638
935567.3698438224 1915941.381950222
935567.4386121648 1915941.3450678799
935567.5073805071 1915941.308185538
935567.5761488493 1915941.271303196
935567.6449171916 1915941.2344208541
935567.7136855338 1915941.197538512
935567.7824538761 1915941.1606561702
935567.8512222185 1915941.1237738281
935567.9199905607 1915941.0868914863
935567.988758903 1915941.0500091442
935568.0575272453 1915941.0131268024
935568.1262955875 1915940.9762444606
935568.1950639299 1915940.9393621185
935568.2638322721 1915940.9024797766
935568.3326006144 1915940.8655974346
935568.4013689567 1915940.8287150927
935568.4701372989 1915940.7918327507
935568.5389056412 1915940.7549504088
935568.6076739836 1915940.7180680668
935568.6764423262 1915940.6811857244
935568.7452106689 1915940.644303382
935568.8139790115 1915940.6074210394
935568.8827473542 1915940.5705386968
935568.9515156968 1915940.5336563545
935569.0202840396 1915940.496774012
935569.0890523822 1915940.4598916695
935569.1578207249 1915940.4230093271
935569.2265890676 1915940.3861269846
935569.2953574102 1915940.349244642
935569.3641257529 1915940.3123622998
935569.4328940955 1915940.2754799572
935569.5016624383 1915940.2385976147
935569.5704307809 1915940.2017152724
935569.6391991236 1915940.1648329298
935569.7079674662 1915940.1279505873
935569.7767358089 1915940.091068245
935569.8455041515 1915940.0541859025
935569.9142724943 1915940.01730356
935569.9830408369 1915939.9804212174
935570.0518091796 1915939.943538875
935570.1205775222 1915939.9066565325
935570.1893458649 1915939.86977419
935570.2581142075 1915939.8328918477
935570.3268825503 1915939.7960095052
935570.3956508929 1915939.7591271626
935570.4644192356 1915939.7222448203
935570.5331875782 1915939.6853624778
935570.6019559209 1915939.6484801352
935570.6707242635 1915939.611597793
935570.7394926063 1915939.5747154504
935570.8082609489 1915939.5378331079
935570.8770292916 1915939.5009507653
935570.9457976342 1915939.464068423
935571.0145659769 1915939.4271860805
935571.0833343195 1915939.390303738
935571.1521026623 1915939.3534213956
935571.2208710049 1915939.316539053
935571.2896213218 1915939.2796564244
935571.3583636272 1915939.2427736686
935571.4271059326 1915939.2058909126
935571.495848238 1915939.1690081568
935571.5645905435 1915939.1321254007
935571.6333328489 1915939.095242645
935571.7020751543 1915939.0583598888
935571.7708174597 1915939.021477133
935571.8395597652 1915938.9845943772
935571.9083020706 1915938.9477116212
935571.977044376 1915938.9108288654
935572.0457866814 1915938.8739461093
935572.1145289867 1915938.8370633535
935572.1832712922 1915938.8001805975
935572.2520135976 1915938.7632978417
935572.320755903 1915938.7264150858
935572.3894982084 1915938.6895323298
935572.4582405139 1915938.652649574
935572.5269828193 1915938.615766818
935572.5957251247 1915938.5788840621
935572.6644674301 1915938.542001306
935572.7332097356 1915938.5051185503
935572.801952041 1915938.4682357942
935572.8706943464 1915938.4313530384
935572.9394366518 1915938.3944702826
935573.0081789573 1915938.3575875266
935573.0769212627 1915938.3207047707
935573.145663568 1915938.2838220147
935573.2144058734 1915938.2469392589
935573.2831481788 1915938.2100565028
935573.3518904843 1915938.173173747
935573.4206327897 1915938.1362909912
935573.4893750951 1915938.0994082352
935573.5581174005 1915938.0625254794
935573.626859706 1915938.0256427233
935573.6956020114 1915937.9887599675
935573.7643443168 1915937.9518772115
935573.8330866222 1915937.9149944556
935573.9018369394 1915937.8781118265
935573.9706052828 1915937.8412294828
935574.0393736262 1915937.804347139
935574.1081419697 1915937.7674647951
935574.1769103131 1915937.7305824514
935574.2456786565 1915937.6937001077
935574.3144469999 1915937.656817764
935574.3832153433 1915937.61993542
935574.4519836868 1915937.5830530764
935574.5207520302 1915937.5461707327
935574.5895203736 1915937.5092883888
935574.658288717 1915937.472406045
935574.7270570605 1915937.4355237014
935574.7958254039 1915937.3986413574
935574.8645937473 1915937.3617590137
935574.9333620907 1915937.32487667
935575.0021304341 1915937.2879943263
935575.0708987776 1915937.2511119824
935575.139667121 1915937.2142296387
935575.2084354644 1915937.177347295
935575.2772038078 1915937.140464951
935575.3459721513 1915937.1035826073
935575.4147404947 1915937.0667002636
935575.4835088381 1915937.02981792
935575.5522771815 1915936.992935576
935575.621045525 1915936.9560532323
935575.6898138684 1915936.9191708886
935575.7585822118 1915936.8822885447
935575.8273505552 1915936.845406201
935575.8961188986 1915936.8085238573
935575.9648872421 1915936.7716415136
935576.0336555855 1915936.7347591696
935576.1024239289 1915936.697876826
935576.1711922723 1915936.6609944822
935576.2399606158 1915936.6241121383
935576.3087289592 1915936.5872297946
935576.3774973026 1915936.550347451
935576.446265646 1915936.513465107
935576.5150339894 1915936.4765827633
935576.5838023333 1915936.439700419
935576.6525706772 1915936.4028180747
935576.7213390212 1915936.3659357305
935576.7901073651 1915936.329053386
935576.8588757091 1915936.292171042
935576.927644053 1915936.2552886975
935576.996412397 1915936.2184063534
935577.0651807409 1915936.181524009
935577.1339490849 1915936.1446416648
935577.2027174288 1915936.1077593204
935577.2714857728 1915936.0708769762
935577.3402541167 1915936.0339946318
935577.4090224607 1915935.9971122877
935577.4777908046 1915935.9602299433
935577.5465591486 1915935.923347599
935577.6153274925 1915935.8864652547
935577.6840958365 1915935.8495829105
935577.7528641804 1915935.8127005661
935577.8216325244 1915935.775818222
935577.8904008683 1915935.7389358776
935577.9591692123 1915935.7020535334
935578.0279375562 1915935.665171189
935578.0967059002 1915935.6282888448
935578.165474244 1915935.5914065004
935578.234242588 1915935.5545241563
935578.303010932 1915935.5176418119
935578.3717792759 1915935.4807594677
935578.44054762 1915935.4438771233
935578.5093159638 1915935.4069947791
935578.5780843078 1915935.3701124347
935578.6468526517 1915935.3332300906
935578.7156209957 1915935.2963477462
935578.7843893396 1915935.259465402
935578.8531576836 1915935.2225830576
935578.9219260275 1915935.1857007134
935578.9906943715 1915935.148818369
935579.0594627154 1915935.1119360249
935579.1282310594 1915935.0750536805
935579.1969994035 1915935.0381713358
935579.2657677478 1915935.0012889907
935579.3345360921 1915934.9644066456
935579.4033044365 1915934.9275243005
935579.4720727807 1915934.8906419554
935579.5408411251 1915934.8537596103
935579.6096094693 1915934.8168772655
935579.6783778137 1915934.7799949204
935579.747146158 1915934.7431125753
935579.8159145023 1915934.7062302302
935579.8846828466 1915934.669347885
935579.9534511908 1915934.63246554
935580.0222195352 1915934.5955831949
935580.0909878796 1915934.5587008498
935580.1597562238 1915934.521818505
935580.2285245681 1915934.4849361598
935580.2972929125 1915934.4480538147
935580.3660612567 1915934.4111714696
935580.4348296011 1915934.3742891245
935580.5035979453 1915934.3374067794
935580.5723662897 1915934.3005244343
935580.641134634 1915934.2636420894
935580.7099029783 1915934.2267597443
935580.7786713226 1915934.1898773992
935580.8474396669 1915934.1529950541
935580.9162080112 1915934.116112709
935580.9849763556 1915934.079230364
935581.0537446998 1915934.0423480188
935581.1225130442 1915934.0054656737
935581.1912813884 1915933.9685833289
935581.2600497328 1915933.9317009838
935581.3288180771 1915933.8948186387
935581.3975864213 1915933.8579362936
935581.4663547657 1915933.8210539485
935581.53512311 1915933.7841716034
935581.6038914543 1915933.7472892583
935581.6726597986 1915933.7104069134
935581.7414281429 1915933.6735245683
935581.810192545 1915933.6366381538
935581.8789352647 1915933.5997293578
935581.9476779844 1915933.5628205617
935582.0164207042 1915933.5259117656
935582.0851634239 1915933.4890029696
935582.1539061436 1915933.4520941735
935582.2226488633 1915933.4151853777
935582.291391583 1915933.3782765816
935582.3601343028 1915933.3413677856
935582.4288770225 1915933.3044589895
935582.4976197422 1915933.2675501935
935582.5663624619 1915933.2306413974
935582.6351051816 1915933.1937326014
935582.7038479013 1915933.1568238053
935582.772590621 1915933.1199150092
935582.8413333409 1915933.0830062132
935582.9100760606 1915933.0460974171
935582.9788187803 1915933.0091886213
935583.0475615 1915932.9722798252
935583.1163042197 1915932.9353710292
935583.1850469394 1915932.8984622331
935583.2537896591 1915932.861553437
935583.3225323788 1915932.824644641
935583.3912750985 1915932.787735845
935583.4600178183 1915932.750827049
935583.528760538 1915932.7139182528
935583.5975032578 1915932.6770094568
935583.6662459775 1915932.640100661
935583.7349886972 1915932.603191865
935583.8037314169 1915932.5662830689
935583.8724741366 1915932.5293742728
935583.9412168564 1915932.4924654767
935584.0099595761 1915932.4555566807
935584.0787022958 1915932.4186478846
935584.1474450155 1915932.3817390886
935584.2161877352 1915932.3448302925
935584.2849304549 1915932.3079214965
935584.3536731746 1915932.2710127004
935584.4224158945 1915932.2341039046
935584.491178326 1915932.1972154544
935584.5599466711 1915932.160333108
935584.6287150163 1915932.1234507617
935584.6974833615 1915932.0865684152
935584.7662517065 1915932.049686069
935584.8350200517 1915932.0128037224
935584.9037883969 1915931.9759213761
935584.972556742 1915931.9390390296
935585.0413250872 1915931.9021566834
935585.1100934322 1915931.865274337
935585.1788617774 1915931.8283919906
935585.2476301226 1915931.7915096441
935585.3163984678 1915931.7546272979
935585.3851668129 1915931.7177449516
935585.453935158 1915931.680862605
935585.5227035031 1915931.6439802588
935585.5914718483 1915931.6070979123
935585.6602401935 1915931.570215566
935585.7290085386 1915931.5333332196
935585.7977768837 1915931.4964508733
935585.8665452289 1915931.4595685268
935585.935313574 1915931.4226861806
935586.0040819192 1915931.385803834
935586.0728502644 1915931.3489214878
935586.1416186094 1915931.3120391413
935586.2103869546 1915931.275156795
935586.2791552998 1915931.2382744486
935586.3479236449 1915931.2013921023
935586.4166919901 1915931.164509756
935586.4854603352 1915931.1276274095
935586.5542286803 1915931.0907450633
935586.6229970255 1915931.0538627168
935586.6917653707 1915931.0169803705
935586.7605337158 1915930.980098024
935586.8293020609 1915930.9432156777
935586.898070406 1915930.9063333313
935586.9668387512 1915930.869450985
935587.0356070964 1915930.8325686385
935587.0844827837 1915930.8063596082
935587.1015302184 1915930.7972278832
935587.1185776531 1915930.7880961583
935587.1356250878 1915930.7789644334
935587.1526725225 1915930.7698327084
935587.1697199572 1915930.7607009835
935587.1867673919 1915930.7515692585
935587.2038148266 1915930.7424375336
935587.2208622613 1915930.7333058086
935587.237909696 1915930.7241740837
935587.2549571306 1915930.7150423587
935587.2720045652 1915930.7059106336
935587.2890519999 1915930.6967789086
935587.3060994346 1915930.6876471837
935587.3231468693 1915930.6785154587
935587.340194304 1915930.6693837338
935587.3572417387 1915930.6602520088
935587.3742891734 1915930.6511202839
935587.3913366081 1915930.641988559
935587.4083840428 1915930.632856834
935587.4254314775 1915930.623725109
935587.4424789122 1915930.614593384
935587.4595263469 1915930.6054616591
935587.4765737816 1915930.5963299342
935587.4936212163 1915930.5871982093
935587.510668651 1915930.5780664843
935587.5277160857 1915930.5689347594
935587.5447635204 1915930.5598030344
935587.561810955 1915930.5506713095
935587.5788583898 1915930.5415395845
935587.5959058244 1915930.5324078596
935587.6129532591 1915930.5232761346
935587.6300006938 1915930.5141444097
935587.6470481285 1915930.5050126847
935587.6640955632 1915930.4958809598
935587.6811429979 1915930.4867492348
935587.6981904326 1915930.47761751
935587.7152378673 1915930.468485785
935587.732285302 1915930.45935406