935597.95798208 1915979.1786551
935597.9373200102 1915979.1394135365
935597.9166579403 1915979.1001719732
935597.8959958703 1915979.0609304097
935597.8753338004 1915979.0216888462
935597.8546717305 1915978.9824472829
935597.8340096606 1915978.9432057193
935597.8133475907 1915978.9039641558
935597.7926855208 1915978.8647225925
935597.7720234509 1915978.825481029
935597.751361381 1915978.7862394657
935597.7306993111 1915978.7469979022
935597.7100372412 1915978.7077563386
935597.6893751713 1915978.6685147753
935597.6687131014 1915978.6292732118
935597.6480510315 1915978.5900316483
935597.6273889616 1915978.550790085
935597.6067268917 1915978.5115485215
935597.5860648218 1915978.472306958
935597.5654027519 1915978.4330653946
935597.544740682 1915978.393823831
935597.5240786121 1915978.3545822676
935597.5034165422 1915978.3153407043
935597.4827544723 1915978.2760991408
935597.4620924024 1915978.2368575772
935597.4414303325 1915978.197616014
935597.4207682626 1915978.1583744504
935597.4001061927 1915978.119132887
935597.3794441228 1915978.0798913236
935597.3587820529 1915978.04064976
935597.338119983 1915978.0014081968
935597.3174579131 1915977.9621666332
935597.2951438444 1915977.920346552
935597.2724485454 1915977.8779314284
935597.2497532464 1915977.8355163047
935597.2270579473 1915977.793101181
935597.2043626483 1915977.7506860574
935597.1816673493 1915977.7082709337
935597.1589720502 1915977.66585581
935597.1362767512 1915977.6234406861
935597.1135814522 1915977.5810255625
935597.090886153 1915977.5386104388
935597.068190854 1915977.4961953152
935597.045495555 1915977.4537801915
935597.0228002559 1915977.4113650678
935597.0001049569 1915977.3689499442
935596.9774096579 1915977.3265348205
935596.9547143588 1915977.2841196968
935596.9320190598 1915977.2417045732
935596.9093237608 1915977.1992894495
935596.8866284617 1915977.1568743256
935596.8639331626 1915977.114459202
935596.8412378636 1915977.0720440783
935596.8185425645 1915977.0296289546
935596.7958472655 1915976.987213831
935596.7731519665 1915976.9447987073
935596.7504566674 1915976.9023835836
935596.7277613684 1915976.85996846
935596.7050660694 1915976.8175533363
935596.6823707703 1915976.7751382126
935596.6596754713 1915976.732723089
935596.6369801722 1915976.690307965
935596.6142848731 1915976.6478928414
935596.5915485636 1915976.6055371696
935596.5687876478 1915976.5632171691
935596.5460267318 1915976.5208971684
935596.5232658159 1915976.4785771677
935596.5005049001 1915976.436257167
935596.4777439842 1915976.3939371665
935596.4549830683 1915976.3516171658
935596.4322221525 1915976.3092971651
935596.4094612366 1915976.2669771644
935596.3867003206 1915976.224657164
935596.3639394048 1915976.1823371632
935596.3411784889 1915976.1400171625
935596.318417573 1915976.0976971618
935596.2956566572 1915976.0553771614
935596.2728957413 1915976.0130571607
935596.2501348254 1915975.97073716
935596.2273739094 1915975.9284171592
935596.2046129936 1915975.8860971588
935596.1818520777 1915975.843777158
935596.1590911618 1915975.8014571574
935596.136330246 1915975.7591371567
935596.1135693301 1915975.7168171562
935596.0908084142 1915975.6744971555
935596.0680474984 1915975.6321771548
935596.0452865824 1915975.589857154
935596.0225256665 1915975.5475371536
935595.9997647507 1915975.5052171529
935595.9770038348 1915975.4628971522
935595.9542429189 1915975.4205771517
935595.9314820031 1915975.378257151
935595.9087210872 1915975.3359371503
935595.8949646557 1915975.310350038
935595.8927854187 1915975.30627664
935595.8906061816 1915975.3022032415
935595.8884269445 1915975.2981298433
935595.8862477073 1915975.294056445
935595.8840684702 1915975.2899830467
935595.8818892331 1915975.2859096483
935595.879709996 1915975.28183625
935595.877530759 1915975.2777628517
935595.8753515219 1915975.2736894535
935595.8731722848 1915975.269616055
935595.8709930477 1915975.2655426566
935595.8688138105 1915975.2614692585
935595.8666345734 1915975.25739586
935595.8644553364 1915975.2533224619
935595.8622760993 1915975.2492490634
935595.8600968622 1915975.2451756652
935595.8579176251 1915975.2411022668
935595.855738388 1915975.2370288686
935595.853559151 1915975.2329554702
935595.8513799137 1915975.228882072
935595.8492006767 1915975.2248086736
935595.8470214396 1915975.2207352754
935595.8448422025 1915975.216661877
935595.8426629654 1915975.2125884788
935595.8404837283 1915975.2085150804
935595.8383044912 1915975.2044416822
935595.836125254 1915975.2003682838
935595.833946017 1915975.1962948854
935595.8317667799 1915975.1922214872
935595.8295875428 1915975.1881480888
935595.8222871748 1915975.1744973978
935595.7996234138 1915975.1321148286
935595.7769596529 1915975.0897322593
935595.754295892 1915975.04734969
935595.731632131 1915975.0049671205
935595.7089683701 1915974.9625845512
935595.6863046092 1915974.920201982
935595.6636408482 1915974.8778194126
935595.6409770873 1915974.8354368433
935595.6183133264 1915974.793054274
935595.5956495655 1915974.7506717048
935595.5729858045 1915974.7082891355
935595.5503220436 1915974.6659065662
935595.5276582827 1915974.623523997
935595.5049945217 1915974.5811414276
935595.4823307608 1915974.5387588583
935595.4596669999 1915974.496376289
935595.4370032389 1915974.4539937198
935595.414339478 1915974.4116111505
935595.3916757171 1915974.369228581
935595.3690119562 1915974.3268460117
935595.3463481952 1915974.2844634424
935595.3236844343 1915974.242080873
935595.3010206734 1915974.1996983038
935595.2783569124 1915974.1573157345
935595.2556931515 1915974.1149331653
935595.2330293906 1915974.072550596
935595.2103656296 1915974.0301680267
935595.1877018687 1915973.9877854574
935595.1650381078 1915973.945402888
935595.1423743468 1915973.9030203188
935595.1197045137 1915973.8606416602
935595.0969435975 1915973.8183216602
935595.0741826813 1915973.7760016602
935595.0514217651 1915973.7336816601
935595.028660849 1915973.6913616601
935595.0058999327 1915973.6490416601
935594.9831390165 1915973.6067216601
935594.9603781003 1915973.56440166
935594.9376171841 1915973.52208166
935594.914856268 1915973.47976166
935594.8920953517 1915973.43744166
935594.8693344356 1915973.39512166
935594.8465735193 1915973.35280166
935594.8238126031 1915973.31048166
935594.801051687 1915973.26816166
935594.7782907707 1915973.22584166
935594.7555298546 1915973.18352166
935594.7327689383 1915973.14120166
935594.7100080221 1915973.09888166
935594.687247106 1915973.05656166
935594.6644861897 1915973.01424166
935594.6417252736 1915972.97192166
935594.6189643573 1915972.92960166
935594.5962034411 1915972.88728166
935594.5734425249 1915972.84496166
935594.5506816087 1915972.80264166
935594.5279206926 1915972.76032166
935594.5051597763 1915972.71800166
935594.4823988602 1915972.67568166
935594.4596379439 1915972.63336166
935594.4368770277 1915972.59104166
935594.4141161116 1915972.54872166
935594.4109171377 1915972.5427529083
935594.4105127271 1915972.541977192
935594.4101083165 1915972.5412014758
935594.4097039059 1915972.5404257595
935594.4092994953 1915972.5396500432
935594.4088950846 1915972.538874327
935594.4084906741 1915972.538098611
935594.4080862635 1915972.5373228947
935594.4076818528 1915972.5365471784
935594.4072774422 1915972.5357714621
935594.4068730316 1915972.5349957459
935594.406468621 1915972.5342200296
935594.4060642103 1915972.5334443136
935594.4056597998 1915972.5326685973
935594.4052553892 1915972.531892881
935594.4048509785 1915972.5311171648
935594.4044465679 1915972.5303414485
935594.4040421573 1915972.5295657325
935594.4036377467 1915972.5287900162
935594.403233336 1915972.5280143
935594.4028289255 1915972.5272385837
935594.4024245149 1915972.5264628674
935594.4020201042 1915972.5256871511
935594.4016156936 1915972.524911435
935594.401211283 1915972.5241357188
935594.4008068724 1915972.5233600026
935594.4004024618 1915972.5225842863
935594.3999980512 1915972.52180857
935594.3995936406 1915972.5210328538
935594.3991892299 1915972.5202571377
935594.3987848193 1915972.5194814214
935594.3830550733 1915972.490100645
935594.3603592657 1915972.4477175684
935594.3376634582 1915972.4053344917
935594.3149676506 1915972.3629514154
935594.292271843 1915972.3205683387
935594.2695760354 1915972.278185262
935594.2468802278 1915972.2358021857
935594.2241844202 1915972.193419109
935594.2014886127 1915972.1510360325
935594.1787928051 1915972.1086529559
935594.1560969974 1915972.0662698795
935594.1334011899 1915972.0238868028
935594.1107053823 1915971.9815037262
935594.0880095747 1915971.9391206498
935594.0653137672 1915971.8967375732
935594.0426179596 1915971.8543544966
935594.0199221519 1915971.8119714202
935593.9972263444 1915971.7695883436
935593.9745305368 1915971.727205267
935593.9518347293 1915971.6848221903
935593.9291389217 1915971.642439114
935593.906443114 1915971.6000560373
935593.8837473065 1915971.5576729607
935593.8610514989 1915971.5152898843
935593.8383556913 1915971.4729068077
935593.8156598838 1915971.430523731
935593.7929640762 1915971.3881406547
935593.7702682685 1915971.345757578
935593.747572461 1915971.3033745014
935593.7248766534 1915971.260991425
935593.7021808458 1915971.2186083484
935593.6808081464 1915971.1786984063
935593.6607585552 1915971.141261599
935593.6407089639 1915971.1038247917
935593.6206593727 1915971.0663879842
935593.6006097815 1915971.028951177
935593.5805601901 1915970.9915143696
935593.5605105989 1915970.954077562
935593.5404610076 1915970.9166407548
935593.5204114164 1915970.8792039475
935593.5003618252 1915970.84176714
935593.4803122339 1915970.8043303327
935593.4602626427 1915970.7668935254
935593.4402130514 1915970.7294567178
935593.4201634602 1915970.6920199106
935593.4001138689 1915970.6545831033
935593.3800642777 1915970.6171462957
935593.3600146865 1915970.5797094884
935593.3399650952 1915970.5422726811
935593.319915504 1915970.5048358736
935593.2998659126 1915970.4673990663
935593.2798163214 1915970.4299622588
935593.2597667301 1915970.3925254515
935593.2397171389 1915970.3550886442
935593.2196675477 1915970.3176518367
935593.1996179564 1915970.2802150294
935593.1795683652 1915970.242778222
935593.1595187739 1915970.2053414145
935593.1394691827 1915970.1679046073
935593.1194195915 1915970.1304678
935593.0993700002 1915970.0930309924
935593.079320409 1915970.0555941851
935593.0612847615 1915970.0219156253
935593.0476797905 1915969.9965052104
935593.0340748196 1915969.9710947953
935593.0204698486 1915969.9456843801
935593.0068648777 1915969.920273965
935592.9932599068 1915969.89486355
935592.9796549358 1915969.869453135
935592.9660499648 1915969.8440427198
935592.9524449938 1915969.818632305
935592.9388400229 1915969.7932218898
935592.9252350519 1915969.7678114746
935592.9116300809 1915969.7424010595
935592.8980251099 1915969.7169906446
935592.884420139 1915969.6915802294
935592.870815168 1915969.6661698143
935592.857210197 1915969.6407593994
935592.8436052261 1915969.6153489843
935592.8300002551 1915969.589938569
935592.8163952841 1915969.564528154
935592.8027903131 1915969.539117739
935592.7891853423 1915969.513707324
935592.7755803713 1915969.4882969088
935592.7619754003 1915969.462886494
935592.7483704293 1915969.4374760787
935592.7347654584 1915969.4120656636
935592.7211604874 1915969.3866552487
935592.7075555164 1915969.3612448336
935592.6939505455 1915969.3358344184
935592.6803455745 1915969.3104240033
935592.6667406035 1915969.2850135884
935592.6531356325 1915969.2596031732
935592.638394307 1915969.2320711755
935592.6156984991 1915969.1896880993
935592.5930026913 1915969.1473050232
935592.5703068833 1915969.1049219468
935592.5476110755 1915969.0625388706
935592.5249152676 1915969.0201557945
935592.5022194597 1915968.977772718
935592.4795236519 1915968.935389642
935592.456827844 1915968.8930065657
935592.4341320362 1915968.8506234894
935592.4114362283 1915968.8082404132
935592.3887404205 1915968.765857337
935592.3660446125 1915968.7234742607
935592.3433488046 1915968.6810911845
935592.3206529968 1915968.6387081083
935592.2979571889 1915968.596325032
935592.2752613811 1915968.5539419558
935592.2525655732 1915968.5115588796
935592.2298697653 1915968.4691758035
935592.2071739575 1915968.426792727
935592.1844781495 1915968.384409651
935592.1617823417 1915968.3420265748
935592.1390865338 1915968.2996434984
935592.116390726 1915968.2572604222
935592.0936949181 1915968.214877346
935592.0709991102 1915968.1724942697
935592.0483033024 1915968.1301111935
935592.0256074945 1915968.0877281174
935592.0029116865 1915968.045345041
935591.9802158787 1915968.0029619648
935591.9575200708 1915967.9605788887
935591.934824263 1915967.9181958123
935591.9179666499 1915967.886663537
935591.9014982497 1915967.8558546486
935591.8850298495 1915967.82504576
935591.8685614493 1915967.7942368716
935591.8520930492 1915967.763427983
935591.8356246491 1915967.7326190947
935591.8191562488 1915967.701810206
935591.8026878487 1915967.6710013177
935591.7862194485 1915967.640192429
935591.7697510484 1915967.6093835407
935591.7532826483 1915967.578574652
935591.736814248 1915967.5477657635
935591.7203458479 1915967.516956875
935591.7038774478 1915967.4861479865
935591.6874090476 1915967.455339098
935591.6709406474 1915967.4245302095
935591.6544722472 1915967.3937213211
935591.6380038471 1915967.3629124325
935591.621535447 1915967.3321035441
935591.6050670468 1915967.3012946555
935591.5885986466 1915967.2704857672
935591.5721302464 1915967.2396768786
935591.5556618463 1915967.20886799
935591.5391934462 1915967.1780591016
935591.5227250459 1915967.147250213
935591.5062566458 1915967.1164413246
935591.4897882456 1915967.085632436
935591.4733198455 1915967.0548235476
935591.4568514454 1915967.024014659
935591.4403830451 1915966.9932057706
935591.423914645 1915966.962396882
935591.4095705438 1915966.9355883987
935591.3959345423 1915966.9101133838
935591.3822985408 1915966.8846383686
935591.3686625393 1915966.8591633537
935591.3550265378 1915966.8336883388
935591.3413905363 1915966.8082133238
935591.3277545348 1915966.7827383087
935591.3141185333 1915966.7572632937
935591.3004825318 1915966.7317882788
935591.2868465303 1915966.7063132639
935591.2732105288 1915966.680838249
935591.2595745273 1915966.6553632338
935591.2459385258 1915966.6298882188
935591.2323025243 1915966.604413204
935591.2186665228 1915966.578938189
935591.2050305213 1915966.5534631738
935591.1913945198 1915966.5279881589
935591.1777585183 1915966.502513144
935591.1641225166 1915966.477038129
935591.1504865151 1915966.4515631138
935591.1368505136 1915966.426088099
935591.1232145121 1915966.400613084
935591.1095785106 1915966.375138069
935591.0959425091 1915966.3496630539
935591.0823065076 1915966.324188039
935591.0686705061 1915966.298713024
935591.0550345046 1915966.273238009
935591.0413985031 1915966.2477629941
935591.0277625016 1915966.222287979
935591.0141265001 1915966.196812964
935591.0004904986 1915966.171337949
935590.9817583559 1915966.1363521498
935590.9590625477 1915966.0939690738
935590.9363667393 1915966.051585998
935590.9136709311 1915966.009202922
935590.8909751229 1915965.966819846
935590.8682793147 1915965.9244367704
935590.8455835065 1915965.8820536945
935590.8228876983 1915965.8396706185
935590.8001918901 1915965.7972875426
935590.7774960818 1915965.7549044667
935590.7548002736 1915965.7125213908
935590.7321044654 1915965.6701383148
935590.7094086572 1915965.627755239
935590.686712849 1915965.585372163
935590.6640170407 1915965.542989087
935590.6413212325 1915965.5006060111
935590.6186254242 1915965.4582229352
935590.595929616 1915965.4158398593
935590.5732338078 1915965.3734567834
935590.5505379996 1915965.3310737074
935590.5278421914 1915965.2886906315
935590.5051463832 1915965.2463075558
935590.482450575 1915965.20392448
935590.4597547668 1915965.161541404
935590.4370589585 1915965.119158328
935590.4143631503 1915965.0767752521
935590.391667342 1915965.0343921762
935590.3689715338 1915964.9920091003
935590.3462757256 1915964.9496260243
935590.3235799174 1915964.9072429484
935590.3008841092 1915964.8648598725
935590.2805352153 1915964.8268413423
935590.2640978453 1915964.796097055
935590.2476604753 1915964.7653527677
935590.2312231053 1915964.7346084805
935590.2147857354 1915964.703864193
935590.1983483655 1915964.6731199059
935590.1819109955 1915964.6423756185
935590.1654736255 1915964.6116313313
935590.1490362555 1915964.580887044
935590.1325988856 1915964.5501427567
935590.1161615156 1915964.5193984695
935590.0997241456 1915964.488654182
935590.0832867756 1915964.4579098949
935590.0668494056 1915964.4271656075
935590.0504120357 1915964.3964213203
935590.0339746657 1915964.3656770329
935590.0175372957 1915964.3349327457
935590.0010999257 1915964.3041884582
935589.9846625559 1915964.273444171
935589.9682251859 1915964.2426998836
935589.9517878159 1915964.2119555965
935589.9353504459 1915964.181211309
935589.9189130759 1915964.1504670219
935589.902475706 1915964.1197227344
935589.886038336 1915964.0889784473
935589.869600966 1915964.0582341598
935589.853163596 1915964.0274898726
935589.836726226 1915963.9967455855
935589.820288856 1915963.966001298
935589.8038514861 1915963.9352570109
935589.7874141161 1915963.9045127234
935589.772688906 1915963.8768487577
935589.7653830552 1915963.8625328515
935589.7580772043 1915963.8482169455
935589.7507713535 1915963.8339010396
935589.7434655026 1915963.8195851333
935589.7361596518 1915963.8052692274
935589.7288538009 1915963.7909533214
935589.7215479502 1915963.7766374154
935589.7142420993 1915963.7623215092
935589.7069362485 1915963.7480056032
935589.6996303976 1915963.7336896972
935589.6923245467 1915963.719373791
935589.6850186959 1915963.705057885
935589.677712845 1915963.690741979
935589.6704069943 1915963.6764260728
935589.6631011434 1915963.6621101669
935589.6557952926 1915963.6477942609
935589.6484894417 1915963.6334783547
935589.6411835909 1915963.6191624487
935589.63387774 1915963.6048465427
935589.6265718892 1915963.5905306365
935589.6192660384 1915963.5762147305
935589.6119601876 1915963.5618988245
935589.6046543367 1915963.5475829185
935589.5973484858 1915963.5332670123
935589.590042635 1915963.5189511064
935589.5827367841 1915963.5046352004
935589.5754309333 1915963.4903192942
935589.5681250825 1915963.4760033882
935589.5608192317 1915963.4616874822
935589.5535133808 1915963.447371576
935589.54620753 1915963.43305567