955518.361154 1956942.6615
955518.378925 1956942.68359
955518.396696 1956942.70569
955518.414467 1956942.72778
955518.432238 1956942.74987
955518.458895 1956942.78302
955518.476666 1956942.80511
955518.494437 1956942.82721
955518.521153 1956942.87144
955518.538925 1956942.89354
955518.565581 1956942.92668
955518.583412 1956942.95987
955518.610069 1956942.99301
955518.636666 1956943.01506
955518.663323 1956943.0482
955518.698865 1956943.09239
955518.716755 1956943.13667
955518.743352 1956943.15872
955518.770009 1956943.19186
955518.805551 1956943.23605
955518.823382 1956943.26924
955518.858865 1956943.30233
955518.885522 1956943.33547
955518.921004 1956943.36857
955518.947721 1956943.4128
955518.974437 1956943.45704
955519.009979 1956943.50123
955519.045462 1956943.53432
955519.081004 1956943.57851
955519.10778 1956943.63384
955519.143322 1956943.67803
955519.187631 1956943.71108
955519.223233 1956943.76636
955519.258775 1956943.81055
955519.294377 1956943.86583
955519.338745 1956943.90997
955519.374288 1956943.95416
955519.418715 1956944.0094
955519.454317 1956944.06468
955519.48986 1956944.10887
955519.525402 1956944.15306
955519.578656 1956944.20825
955519.614258 1956944.26353
955519.658745 1956944.32986
955519.703173 1956944.3851
955519.756427 1956944.44029
955519.800854 1956944.49552
955519.836456 1956944.55081
955519.88971 1956944.60599
955519.942964 1956944.66118
955519.987392 1956944.71642
955520.031879 1956944.78275
955520.085133 1956944.83794
955520.138447 1956944.90422
955520.182874 1956944.95946
955520.227302 1956945.01469
955520.280556 1956945.06988
955520.324984 1956945.12512
955520.369412 1956945.18035
955520.422725 1956945.24664
955520.476039 1956945.31292
955520.529292 1956945.36811
955520.582546 1956945.4233
955520.635919 1956945.50068
955520.689173 1956945.55586
955520.742487 1956945.62215
955520.786914 1956945.67738
955520.849054 1956945.74362
955520.902367 1956945.8099
955520.955681 1956945.87619
955521.008994 1956945.94247
955521.062307 1956946.00875
955521.115561 1956946.06394
955521.168815 1956946.11913
955521.231014 1956946.19646
955521.284268 1956946.25165
955521.328755 1956946.31798
955521.382009 1956946.37317
955521.435323 1956946.43945
955521.488636 1956946.50573
955521.533123 1956946.57207
955521.595263 1956946.6383
955521.648517 1956946.69349
955521.684178 1956946.75987
955521.737491 1956946.82615
955521.790745 1956946.88134
955521.844059 1956946.94762
955521.897372 1956947.01391
955521.950626 1956947.06909
955521.995113 1956947.13543
955522.048367 1956947.19061
955522.10168 1956947.2569
955522.146168 1956947.32323
955522.199481 1956947.38951
955522.243969 1956947.45584
955522.297282 1956947.52212
955522.350595 1956947.58841
955522.395023 1956947.64364
955522.430684 1956947.71002
955522.492764 1956947.76516
955522.537252 1956947.83149
955522.581739 1956947.89782
955522.634993 1956947.95301
955522.67948 1956948.01934
955522.723908 1956948.07458
955522.768395 1956948.14091
955522.821649 1956948.1961
955522.866077 1956948.25134
955522.910564 1956948.31767
955523.017132 1956948.43914
955523.061679 1956948.51656
955523.106106 1956948.5718
955523.15942 1956948.63808
955523.203788 1956948.68222
955523.248275 1956948.74855
955523.301589 1956948.81484
955523.346016 1956948.87007
955523.39927 1956948.92526
955523.443758 1956948.99159
955523.479419 1956949.05797
955523.532732 1956949.12425
955523.585927 1956949.16835
955523.630354 1956949.22358
955523.674842 1956949.28991
955523.728155 1956949.3562
955523.781409 1956949.41139
955523.834722 1956949.47767
955523.87921 1956949.544
955523.932463 1956949.59919
955523.994603 1956949.66542
955524.03909 1956949.73176
955524.083518 1956949.78699
955524.136772 1956949.84218
955524.1812 1956949.89742
955524.225627 1956949.95265
955524.270115 1956950.01898
955524.323368 1956950.07417
955524.367796 1956950.12941
955524.412165 1956950.17355
955524.456652 1956950.23988
955524.50108 1956950.29512
955524.545567 1956950.36145
955524.598821 1956950.41664
955524.652075 1956950.47182
955524.687676 1956950.52711
955524.732104 1956950.58234
955524.785358 1956950.63753
955524.829786 1956950.69277
955524.874213 1956950.748
955524.918641 1956950.80324
955524.963069 1956950.85848
955525.007497 1956950.91371
955525.114004 1956951.02409
955525.149547 1956951.06828
955525.185148 1956951.12356
955525.229517 1956951.1677
955525.273885 1956951.21184
955525.309487 1956951.26713
955525.353855 1956951.31127
955525.398283 1956951.36651
955525.442651 1956951.41065
955525.487019 1956951.45479
955525.531447 1956951.51002
955525.575815 1956951.55417
955525.602531 1956951.5984
955525.638074 1956951.64259
955525.682442 1956951.68673
955525.72681 1956951.73087
955525.753526 1956951.77511
955525.797894 1956951.81925
955525.842322 1956951.87449
955525.869038 1956951.91872
955525.904521 1956951.95182
955525.948949 1956952.00705
955525.993377 1956952.06229
955526.028978 1956952.11757
955526.064521 1956952.16176
955526.117774 1956952.21695
955526.153317 1956952.26114
955526.188859 1956952.30533
955526.233287 1956952.36056
955526.277714 1956952.4158
955526.313257 1956952.45999
955526.348858 1956952.51527
955526.393227 1956952.55941
955526.437654 1956952.61465
955526.517624 1956952.71408
955526.570878 1956952.76926
955526.597594 1956952.8135
955526.642022 1956952.86874
955526.68645 1956952.92397
955526.721992 1956952.96816
955526.76636 1956953.0123
955526.810847 1956953.07863
955526.855275 1956953.13387
955526.899703 1956953.18911
955526.953016 1956953.25539
955527.00627 1956953.31058
955527.050638 1956953.35472
955527.103952 1956953.421
955527.148379 1956953.47624
955527.210459 1956953.53138
955527.254827 1956953.57552
955527.299255 1956953.63076
955527.352568 1956953.69704
955527.414648 1956953.75218
955527.467902 1956953.80737
955527.521215 1956953.87365
955527.574409 1956953.91775
955527.645375 1956953.98394
955527.707514 1956954.05017
955527.760708 1956954.09427
955527.814021 1956954.16055
955527.876101 1956954.21569
955527.947007 1956954.27079
955528.009146 1956954.33702
955528.06234 1956954.38112
955528.133246 1956954.43621
955528.195385 1956954.50244
955528.266291 1956954.55754
955528.319545 1956954.61273
955528.381684 1956954.67896
955528.443764 1956954.7341
955528.505784 1956954.77815
955528.567804 1956954.8222
955528.621058 1956954.87739
955528.674312 1956954.93258
955528.736332 1956954.97662
955528.789526 1956955.02072
955528.833835 1956955.05376
955528.887029 1956955.09786
955528.94899 1956955.13081
955528.993358 1956955.17495
955529.046493 1956955.20795
955529.090801 1956955.241
955529.143936 1956955.274
955529.188244 1956955.30704
955529.250265 1956955.35109
955529.294573 1956955.38414
955529.347708 1956955.41714
955529.400843 1956955.45014
955529.462803 1956955.48309
955529.515938 1956955.51609
955529.569072 1956955.54909
955529.631033 1956955.58204
955529.692994 1956955.61499
955529.746128 1956955.64799
955529.808089 1956955.68094
955529.86999 1956955.7028
955529.940717 1956955.72461
955530.002678 1956955.75756
955530.055812 1956955.79056
955530.108947 1956955.82356
955530.170848 1956955.84542
955530.232749 1956955.86728
955530.285884 1956955.90028
955530.347785 1956955.92214
955530.40092 1956955.95513
955530.453995 1956955.97704
955530.515955 1956956.00999
955530.568971 1956956.0208
955530.630872 1956956.04266
955530.684007 1956956.07566
955530.745908 1956956.09752
955530.798983 1956956.11942
955530.860884 1956956.14128
955530.922785 1956956.16314
955530.984686 1956956.18499
955531.037761 1956956.2069
955531.099662 1956956.22876
955531.161563 1956956.25061
955531.214638 1956956.27252
955531.276539 1956956.29438
955531.338381 1956956.30514
955531.391516 1956956.33814
955531.453417 1956956.36
955531.515258 1956956.37076
955531.5771 1956956.38152
955531.63906 1956956.41448
955531.692076 1956956.42529
955531.745151 1956956.44719
955531.815938 1956956.4801
955531.877839 1956956.50195
955531.930854 1956956.51276
955531.98387 1956956.52357
955532.045771 1956956.54543
955532.107672 1956956.56729
955532.178339 1956956.578
955532.24024 1956956.59986
955532.310908 1956956.61058
955532.372809 1956956.63244
955532.452303 1956956.6431
955532.52297 1956956.65382
955532.593638 1956956.66454
955532.664365 1956956.68635
955532.752684 1956956.69697
955532.823352 1956956.70768
955532.902905 1956956.72945
955532.973572 1956956.74016
955533.053066 1956956.75083
955533.141445 1956956.77254
955533.212112 1956956.78326
955533.291666 1956956.80502
955533.353567 1956956.82688
955533.441886 1956956.8375
955533.512554 1956956.84822
955533.600873 1956956.85884
955533.689252 1956956.88055
955533.75992 1956956.89127
955533.84818 1956956.8908
955533.927673 1956956.90146
955534.015993 1956956.91208
955534.086601 1956956.91171
955534.166094 1956956.92237
955534.245528 1956956.92195
955534.30731 1956956.92162
955534.377918 1956956.92124
955534.448586 1956956.93195
955534.501542 1956956.93167
955534.57215 1956956.93129
955534.633932 1956956.93096
955534.686888 1956956.93067
955534.757555 1956956.94139
955534.810511 1956956.94111
955534.872234 1956956.92968
955534.942842 1956956.9293
955534.995738 1956956.91792
955535.048694 1956956.91764
955535.119302 1956956.91726
955535.172199 1956956.90588
955535.225095 1956956.8945
955535.295703 1956956.89412
955535.348599 1956956.88274
955535.401496 1956956.87136
955535.463278 1956956.87103
955535.525 1956956.85961
955535.577897 1956956.84823
955535.639679 1956956.8479
955535.701461 1956956.84757
955535.763183 1956956.83614
955535.81608 1956956.82476
955535.886688 1956956.82438
955535.939525 1956956.80191
955535.992421 1956956.79053
955536.062969 1956956.77906
955536.115866 1956956.76768
955536.177588 1956956.75625
955536.239251 1956956.73373
955536.300974 1956956.7223
955536.362637 1956956.69978
955536.424359 1956956.68836
955536.486082 1956956.67693
955536.547745 1956956.65441
955536.600581 1956956.63194
955536.662304 1956956.62051
955536.724086 1956956.62018
955536.768156 1956956.60885
955536.820993 1956956.58637
955536.882656 1956956.56385
955536.935612 1956956.56357
955536.988568 1956956.56329
955537.041405 1956956.54081
955537.094302 1956956.52943
955537.147198 1956956.51805
955537.200094 1956956.50668
955537.244046 1956956.47316
955537.296942 1956956.46178
955537.349839 1956956.4504
955537.402735 1956956.43902
955537.464458 1956956.42759
955537.517295 1956956.40512
955537.570191 1956956.39374
955537.631913 1956956.38232
955537.68475 1956956.35984
955537.737647 1956956.34846
955537.79931 1956956.32594
955537.860973 1956956.30342
955537.922695 1956956.292
955537.984358 1956956.26947
955538.045961 1956956.23586
955538.098858 1956956.22448
955538.160521 1956956.20196
955538.222184 1956956.17944
955538.283906 1956956.16801
955538.345569 1956956.14549
955538.398406 1956956.12302
955538.451243 1956956.10055
955538.512906 1956956.07803
955538.565743 1956956.05555
955538.61858 1956956.03308
955538.680183 1956955.99946
955538.724194 1956955.97704
955538.785917 1956955.96561
955538.838813 1956955.95423
955538.882824 1956955.93181
955538.93572 1956955.92043
955538.979731 1956955.898
955539.023802 1956955.88667
955539.067813 1956955.86424
955539.111824 1956955.84182
955539.155835 1956955.81939
955539.199905 1956955.80806
955539.243916 1956955.78564
955539.27916 1956955.77435
955539.331997 1956955.75188
955539.367242 1956955.74059
955539.402427 1956955.71822
955539.446497 1956955.70688
955539.490508 1956955.68446
955539.525693 1956955.66208
955539.560878 1956955.6397
955539.604949 1956955.62837
955539.640133 1956955.60599
955539.675378 1956955.59471
955539.719389 1956955.57228
955539.754574 1956955.5499
955539.798585 1956955.52748
955539.833829 1956955.51619
955539.8779 1956955.50486
955539.92197 1956955.49353
955539.957155 1956955.47115
955540.001166 1956955.44872
955540.03641 1956955.43744
955540.080421 1956955.41501
955540.115666 1956955.40373
955540.159677 1956955.3813
955540.203747 1956955.36997
955540.238992 1956955.35869
955540.274177 1956955.33631
955540.309362 1956955.31393
955540.344606 1956955.30265
955540.370965 1956955.28032
955540.406209 1956955.26903
955540.432568 1956955.2467
955540.459046 1956955.24656
955540.485405 1956955.22423
955540.511824 1956955.21299
955540.538242 1956955.20175
955540.564661 1956955.19052
955540.582253 1956955.17933
955540.608612 1956955.157
955540.63509 1956955.15686
955540.661509 1956955.14562
955540.687927 1956955.13438
955540.714286 1956955.11205
955540.749531 1956955.10077
955540.775949 1956955.08953
955540.802367 1956955.07829
955540.828726 1956955.05596
955540.863971 1956955.04468
955540.907982 1956955.02225
955540.9344 1956955.01102
955540.960759 1956954.98868
955540.995944 1956954.96631
955541.031129 1956954.94393
955541.066314 1956954.92155
955541.101499 1956954.89917
955541.136684 1956954.87679
955541.171869 1956954.85441
955541.21582 1956954.82089
955541.251005 1956954.79851
955541.28619 1956954.77614
955541.330201 1956954.75371
955541.374153 1956954.72019
955541.409278 1956954.68672
955541.453289 1956954.66429
955541.506007 1956954.61963
955541.541192 1956954.59725
955541.593969 1956954.56368
955541.637861 1956954.51907
955541.690638 1956954.4855
955541.73459 1956954.45198
955541.778541 1956954.41846
955541.822493 1956954.38494
955541.875211 1956954.34027
955541.919162 1956954.30675
955541.971939 1956954.27319
955542.024717 1956954.23962
955542.068609 1956954.195
955542.11256 1956954.16148
955542.165278 1956954.11682
955542.20917 1956954.0722
955542.261947 1956954.03864
955542.305899 1956954.00512
955542.358617 1956953.96045
955542.411394 1956953.92689
955542.455286 1956953.88227
955542.499237 1956953.84875
955542.551955 1956953.80409
955542.604673 1956953.75942
955542.648625 1956953.7259
955542.692516 1956953.68129
955542.75406 1956953.63658
955542.806838 1956953.60301
955542.850789 1956953.56949
955542.903507 1956953.52483
955542.947399 1956953.48021
955543.000176 1956953.44665
955543.052894 1956953.40198
955543.096846 1956953.36846
955543.149564 1956953.3238
955543.202282 1956953.27914
955543.255059 1956953.24557
955543.298951 1956953.20095
955543.351728 1956953.16739
955543.404446 1956953.12272
955543.448398 1956953.0892
955543.509942 1956953.04449
955543.553893 1956953.01097
955543.606611 1956952.96631
955543.659388 1956952.93274
955543.712106 1956952.88808
955543.764824 1956952.84342
955543.817602 1956952.80985
955543.87032 1956952.76519
955543.923097 1956952.73162
955543.975815 1956952.68696
955544.028533 1956952.64229
955544.081251 1956952.59763
955544.134028 1956952.56406
955544.186746 1956952.5194
955544.239464 1956952.47474
955544.292241 1956952.44117
955544.344959 1956952.39651
955544.397737 1956952.36294
955544.45934 1956952.32933
955544.512058 1956952.28466
955544.573662 1956952.25105
955544.626379 1956952.20639
955544.679097 1956952.16172
955544.731815 1956952.11706
955544.784593 1956952.08349
955544.854963 1956952.03874
955544.916507 1956951.99403
955544.960398 1956951.94941
955545.021942 1956951.9047
955545.083486 1956951.85999
955545.14509 1956951.82638
955545.206693 1956951.79276
955545.259411 1956951.7481
955545.320955 1956951.70339
955545.382499 1956951.65868
955545.444102 1956951.62506
955545.505646 1956951.58035
955545.56725 1956951.54674
955545.619968 1956951.50208
955545.690338 1956951.45732
955545.751882 1956951.41261
955545.822252 1956951.36785
955545.87497 1956951.32319
955545.936513 1956951.27848
955546.006883 1956951.23372
955546.068487 1956951.20011
955546.130031 1956951.1554
955546.191575 1956951.11069
955546.253059 1956951.05488
955546.314663 1956951.02127
955546.376207 1956950.97656
955546.446576 1956950.9318
955546.499235 1956950.87604
955546.560838 1956950.84243
955546.631208 1956950.79767
955546.692752 1956950.75296
955546.754237 1956950.69716
955546.807014 1956950.66359
955546.88621 1956950.61879
955546.947754 1956950.57408
955547.009298 1956950.52937
955547.062016 1956950.4847
955547.132386 1956950.43995
955547.19393 1956950.39524
955547.255474 1956950.35053
955547.317018 1956950.30582
955547.378562 1956950.26111
955547.43128 1956950.21644
955547.492883 1956950.18283
955547.554427 1956950.13812
955547.615971 1956950.09341
955547.677515 1956950.0487
955547.739059 1956950.00399
955547.791777 1956949.95933
955547.853321 1956949.91462
955547.914865 1956949.86991
955547.967642 1956949.83634
955548.029186 1956949.79163
955548.081904 1956949.74697
955548.143448 1956949.70226
955548.205052 1956949.66864
955548.257769 1956949.62398
955548.310487 1956949.57932
955548.372091 1956949.5457
955548.424809 1956949.50104
955548.486353 1956949.45633
955548.539071 1956949.41167
955548.591848 1956949.3781
955548.653392 1956949.33339
955548.70617 1956949.29982
955548.767714 1956949.25511
955548.820432 1956949.21045
955548.873209 1956949.17688
955548.934694 1956949.12108
955548.987411 1956949.07642
955549.048955 1956949.03171
955549.110499 1956948.987
955549.18081 1956948.93114
955549.242354 1956948.88644
955549.295072 1956948.84177
955549.365442 1956948.79702
955549.426926 1956948.74121
955549.497296 1956948.69645
955549.550014 1956948.65179
955549.611558 1956948.60708
955549.673043 1956948.55128
955549.743413 1956948.50652
955549.796131 1956948.46186
955549.857675 1956948.41715
955549.928045 1956948.37239
955549.980762 1956948.32773
955550.042247 1956948.27192
955550.103791 1956948.22721
955550.165335 1956948.1825
955550.226879 1956948.13779
955550.288423 1956948.09309
955550.349967 1956948.04838
955550.402625 1956947.99262
955550.473055 1956947.95896
955550.534599 1956947.91425
955550.587257 1956947.85849
955550.639975 1956947.81383
955550.701519 1956947.76912
955550.763063 1956947.72441
955550.815781 1956947.67974
955550.868499 1956947.63508
955550.930043 1956947.59037
955550.982761 1956947.54571
955551.044365 1956947.51209
955551.105909 1956947.46739
955551.158567 1956947.41163
955551.211345 1956947.37806
955551.272889 1956947.33335
955551.325607 1956947.28869
955551.378325 1956947.24403
955551.431043 1956947.19936
955551.492587 1956947.15465
955551.545305 1956947.10999
955551.598023 1956947.06533
955551.659566 1956947.02062
955551.712284 1956946.97596
955551.765002 1956946.93129
955551.81772 1956946.88663
955551.870498 1956946.85306
955551.932042 1956946.80835
955551.98476 1956946.76369
955552.037478 1956946.71903
955552.090196 1956946.67437
955552.151799 1956946.64075
955552.204517 1956946.59609
955552.257176 1956946.54033
955552.318779 1956946.50672
955552.371497 1956946.46205
955552.424215 1956946.41739
955552.485759 1956946.37268
955552.547303 1956946.32797
955552.600021 1956946.28331
955552.65268 1956946.22755
955552.714224 1956946.18284
955552.766942 1956946.13818
955552.837312 1956946.09342
955552.88997 1956946.03767
955552.951514 1956945.99296
955553.013058 1956945.94825
955553.074602 1956945.90354
955553.136146 1956945.85883
955553.188864 1956945.81417
955553.241582 1956945.7695
955553.311833 1956945.70256
955553.373437 1956945.66894
955553.434981 1956945.62423
955553.48764 1956945.56848
955553.549124 1956945.51267
955553.610668 1956945.46796
955553.672212 1956945.42325
955553.716104 1956945.37864
955553.786474 1956945.33388
955553.847959 1956945.27807
955553.900677 1956945.23341
955553.962221 1956945.1887
955554.023705 1956945.1329
955554.076423 1956945.08824
955554.137967 1956945.04353
955554.199511 1956944.99882
955554.25217 1956944.94306
955554.313714 1956944.89835
955554.366432 1956944.85369
955554.427976 1956944.80898
955554.480694 1956944.76432
955554.533352 1956944.70856
955554.58607 1956944.6639
955554.647674 1956944.63028
955554.700392 1956944.58562
955554.761876 1956944.52981
955554.814594 1956944.48515
955554.876138 1956944.44044
955554.92003 1956944.39583
955554.981574 1956944.35112
955555.043119 1956944.30641
955555.095896 1956944.27284
955555.148614 1956944.22818
955555.210099 1956944.17237
955555.262817 1956944.12771
955555.32442 1956944.0941
955555.377138 1956944.04943
955555.429797 1956943.99368
955555.491341 1956943.94897
955555.544118 1956943.9154
955555.605662 1956943.87069
955555.667147 1956943.81488
955555.728691 1956943.77017
955555.781409 1956943.72551
955555.834127 1956943.68085
955555.895671 1956943.63614
955555.957215 1956943.59143
955556.009933 1956943.54677
955556.071477 1956943.50206
955556.133021 1956943.45735
955556.185799 1956943.42378
955556.238457 1956943.36802
955556.299942 1956943.31222
955556.370312 1956943.26746
955556.42303 1956943.2228
955556.475748 1956943.17814
955556.537292 1956943.13343
955556.598836 1956943.08872
955556.651495 1956943.03296
955556.713039 1956942.98825
955556.774642 1956942.95464
955556.82736 1956942.90997
955556.880078 1956942.86531
955556.941563 1956942.80951
955556.994281 1956942.76485
955557.055884 1956942.73123
955557.108602 1956942.68657
955557.170087 1956942.63076
955557.231631 1956942.58605
955557.284349 1956942.54139
955557.337067 1956942.49673
955557.380959 1956942.45211
955557.451329 1956942.40736
955557.504047 1956942.36269
955557.556765 1956942.31803
955557.61825 1956942.26223
955557.670968 1956942.21757
955557.723746 1956942.184
955557.767697 1956942.15048
955557.829182 1956942.09467
955557.890726 1956942.04996
955557.95227 1956942.00525
955558.005047 1956941.97169
955558.066532 1956941.91588
955558.11925 1956941.87122
955558.171968 1956941.82656
955558.224627 1956941.7708
955558.286171 1956941.72609
955558.347715 1956941.68138
955558.400433 1956941.63672
955558.453151 1956941.59206
955558.514695 1956941.54735
955558.567413 1956941.50268
955558.620131 1956941.45802
955558.672909 1956941.42445
955558.734453 1956941.37974
955558.778345 1956941.33513
955558.831063 1956941.29047
955558.892607 1956941.24576
955558.936499 1956941.20114
955558.998102 1956941.16753
955559.041995 1956941.12291
955559.094653 1956941.06715
955559.156197 1956941.02244
955559.217801 1956940.98883
955559.270519 1956940.94417
955559.323237 1956940.8995
955559.384781 1956940.8548
955559.437499 1956940.81013
955559.490158 1956940.75438
955559.551702 1956940.70967
955559.613305 1956940.67605
955559.666023 1956940.63139
955559.718682 1956940.57563
955559.780226 1956940.53092
955559.84177 1956940.48621
955559.903314 1956940.4415
955559.956032 1956940.39684
955560.017517 1956940.34104
955560.087887 1956940.29628
955560.140605 1956940.25162
955560.202149 1956940.20691
955560.263693 1956940.1622
955560.325237 1956940.11749
955560.377896 1956940.06173
955560.430614 1956940.01707
955560.492158 1956939.97236
955560.553702 1956939.92765
955560.60642 1956939.88299
955560.667964 1956939.83828
955560.720682 1956939.79361
955560.782286 1956939.76
955560.834945 1956939.70424
955560.896489 1956939.65953
955560.949266 1956939.62596
955561.001984 1956939.5813
955561.063469 1956939.5255
955561.125073 1956939.49188
955561.17785 1956939.45832
955561.230509 1956939.40256
955561.292053 1956939.35785
955561.344771 1956939.31319
955561.397489 1956939.26852
955561.459033 1956939.22381
955561.511811 1956939.19025
955561.564529 1956939.14558
955561.617247 1956939.10092
955561.670024 1956939.06735
955561.713917 1956939.02274
955561.775461 1956938.97803
955561.828238 1956938.94446
955561.87219 1956938.91094
955561.924908 1956938.86628
955561.977626 1956938.82162
955562.030344 1956938.77695
955562.083062 1956938.73229
955562.13584 1956938.69872
955562.188558 1956938.65406
955562.241276 1956938.6094
955562.294054 1956938.57583
955562.346772 1956938.53117
955562.399549 1956938.4976
955562.452267 1956938.45294
955562.504926 1956938.39718
955562.557704 1956938.36361
955562.601655 1956938.33009
955562.654373 1956938.28543
955562.715917 1956938.24072
955562.759809 1956938.19611
955562.812587 1956938.16254
955562.865305 1956938.11788
955562.926849 1956938.07317
955562.979567 1956938.0285
955563.023519 1956937.99498
955563.093889 1956937.95023
955563.155374 1956937.89442
955563.216918 1956937.84971
955563.278462 1956937.805
955563.331121 1956937.74925
955563.383898 1956937.71568
955563.445442 1956937.67097
955563.489334 1956937.62635
955563.550938 1956937.59274
955563.603656 1956937.54808
955563.647548 1956937.50346
955563.6915 1956937.46994
955563.744218 1956937.42528
955563.796996 1956937.39171
955563.840947 1956937.35819
955563.884839 1956937.31358
955563.928791 1956937.28006
955563.981569 1956937.24649
955564.02552 1956937.21297
955564.060646 1956937.17949
955564.104597 1956937.14597
955564.157375 1956937.11241
955564.201327 1956937.07889
955564.245278 1956937.04537
955564.28917 1956937.00075
955564.333122 1956936.96723
955564.377133 1956936.9448
955564.429851 1956936.90014
955564.473743 1956936.85553
955564.517754 1956936.8331
955564.570472 1956936.78844
955564.623131 1956936.73268
955564.667142 1956936.71026
955564.711094 1956936.67674
955564.763812 1956936.63207
955564.81653 1956936.58741
955564.860482 1956936.55389
955564.913259 1956936.52032
955564.965977 1956936.47566
955565.009869 1956936.43105
955565.053821 1956936.39753
955565.106599 1956936.36396
955565.15055 1956936.33044
955565.194442 1956936.28582
955565.238394 1956936.2523
955565.282405 1956936.22988
955565.317531 1956936.1964
955565.361423 1956936.15179
955565.396608 1956936.12941
955565.431793 1956936.10703
955565.466919 1956936.07356
955565.502104 1956936.05118
955565.537229 1956936.01771
955565.572414 1956935.99533
955565.60754 1956935.96185
955565.633958 1956935.95062
955565.669084 1956935.91714
955565.70421 1956935.88367
955565.748221 1956935.86125
955565.77452 1956935.82782
955565.809646 1956935.79435
955565.853597 1956935.76083
955565.888783 1956935.73845
955565.923968 1956935.71607
955565.96786 1956935.67145
955566.003045 1956935.64908
955566.03817 1956935.6156
955566.082063 1956935.57099
955566.126014 1956935.53747
955566.169966 1956935.50395
955566.213917 1956935.47043
955566.248984 1956935.42586
955566.301761 1956935.39229
955566.345713 1956935.35877
955566.389664 1956935.32525
955566.433557 1956935.28064
955566.477508 1956935.24712
955566.52146 1956935.2136
955566.556585 1956935.18012
955566.600537 1956935.1466
955566.644489 1956935.11308
955566.670788 1956935.07966
955566.714799 1956935.05723
955566.749925 1956935.02376
955566.78511 1956935.00138
955566.820236 1956934.9679
955566.855361 1956934.93443
955566.88172 1956934.9121
955566.908139 1956934.90086
955566.934498 1956934.87853
955566.960797 1956934.84511
955566.987157 1956934.82278
955567.013575 1956934.81154
955567.039934 1956934.78921
955567.075119 1956934.76683
955567.092652 1956934.74455
955567.119071 1956934.73331
955567.14537 1956934.69988
955567.17173 1956934.67755
955567.198089 1956934.65522
955567.215681 1956934.64403
955567.250866 1956934.62165
955567.277225 1956934.59932
955567.294758 1956934.57704
955567.321177 1956934.5658
955567.356362 1956934.54342
955567.382721 1956934.52109
955567.40908 1956934.49876
955567.435439 1956934.47643
955567.470565 1956934.44296
955567.50575 1956934.42058
955567.532109 1956934.39825
955567.558468 1956934.37592
955567.593653 1956934.35354
955567.628838 1956934.33116
955567.655197 1956934.30883
955567.681497 1956934.2754
955567.716682 1956934.25302
955567.743041 1956934.23069
955567.778226 1956934.20831
955567.804645 1956934.19708
955567.831004 1956934.17475
955567.857363 1956934.15242
955567.883722 1956934.13008
955567.910081 1956934.10775
955567.927674 1956934.09656
955567.945207 1956934.07428
955567.971625 1956934.06304
955567.980392 1956934.0519
955567.997984 1956934.04071
955568.006751 1956934.02957
955568.024343 1956934.01838
955568.03311 1956934.00724
955568.041936 1956934.00719
955568.050703 1956933.99605
955568.050703 1956933.99605
955568.050703 1956933.99605
955568.059529 1956933.996
955568.059529 1956933.996
955568.068295 1956933.98486
955568.068295 1956933.98486
955568.068295 1956933.98486
955568.068295 1956933.98486
955568.068355 1956933.99596
955568.068295 1956933.98486
955568.068295 1956933.98486
955568.068295 1956933.98486
955568.068295 1956933.98486
955568.068295 1956933.98486
955568.068355 1956933.99596
955568.077181 1956933.99591
955568.068295 1956933.98486
955568.068355 1956933.99596
955568.068355 1956933.99596
955568.068355 1956933.99596
955568.068355 1956933.99596
955568.068355 1956933.99596
955568.068355 1956933.99596
955568.077181 1956933.99591
955568.077181 1956933.99591
955568.068295 1956933.98486
955568.068295 1956933.98486
955568.077121 1956933.98481
955568.077181 1956933.99591
955568.077121 1956933.98481
955568.077121 1956933.98481
955568.077121 1956933.98481
955568.068295 1956933.98486
955568.077121 1956933.98481
955568.068295 1956933.98486
955568.077181 1956933.99591
955568.077181 1956933.99591
955568.068355 1956933.99596
955568.068355 1956933.99596
955568.068355 1956933.99596
955568.068355 1956933.99596
955568.068355 1956933.99596
955568.077181 1956933.99591
955568.068355 1956933.99596
955568.068355 1956933.99596
955568.077181 1956933.99591
955568.068355 1956933.99596
955568.068355 1956933.99596
955568.068355 1956933.99596
955568.068355 1956933.99596
955568.068355 1956933.99596
955568.068355 1956933.99596
955568.068355 1956933.99596
955568.068355 1956933.99596
955568.068295 1956933.98486
955568.068355 1956933.99596
955568.068355 1956933.99596
955568.068355 1956933.99596
955568.068355 1956933.99596
955568.068355 1956933.99596
955568.068355 1956933.99596
955568.068414 1956934.00705
955568.068355 1956933.99596
955568.068355 1956933.99596
955568.068355 1956933.99596
955568.077181 1956933.99591
955568.07724 1956934.007
955568.068414 1956934.00705
955568.068414 1956934.00705
955568.07724 1956934.007
955568.07724 1956934.007
955568.068355 1956933.99596
955568.068355 1956933.99596
955568.068355 1956933.99596
955568.068355 1956933.99596
955568.068355 1956933.99596
955568.068355 1956933.99596
955568.068355 1956933.99596
955568.068355 1956933.99596
955568.068355 1956933.99596
955568.068355 1956933.99596
955568.077181 1956933.99591
955568.07724 1956934.007
955568.07724 1956934.007
955568.077181 1956933.99591
955568.077181 1956933.99591
955568.077181 1956933.99591
955568.077181 1956933.99591
955568.077181 1956933.99591
955568.077181 1956933.99591
955568.077181 1956933.99591
955568.077181 1956933.99591
955568.077181 1956933.99591
955568.077181 1956933.99591
955568.077181 1956933.99591
955568.077181 1956933.99591
955568.077181 1956933.99591
955568.077181 1956933.99591
955568.077181 1956933.99591
955568.077181 1956933.99591
955568.077181 1956933.99591
955568.077181 1956933.99591
955568.07724 1956934.007
955568.07724 1956934.007
955568.07724 1956934.007
955568.077181 1956933.99591
955568.077181 1956933.99591
955568.077181 1956933.99591
955568.07724 1956934.007
955568.077181 1956933.99591