955584.06012 1956932.07956 0
955584.06012 1956932.07956 0
955584.06012 1956932.07956 0
955584.06012 1956932.07956 0
955584.06012 1956932.07956 0
955584.060061 1956932.06846 0
955584.06012 1956932.07956 0
955584.06012 1956932.07956 0
955584.06012 1956932.07956 0
955584.06012 1956932.07956 0
955584.06012 1956932.07956 0
955584.06012 1956932.07956 0
955584.06012 1956932.07956 0
955584.06012 1956932.07956 0
955584.06012 1956932.07956 0
955584.06012 1956932.07956 0
955584.06012 1956932.07956 0
955584.06012 1956932.07956 0
955584.06012 1956932.07956 0
955584.06012 1956932.07956 0
955584.06012 1956932.07956 0
955584.060061 1956932.06846 0
955584.060061 1956932.06846 0
955584.060061 1956932.06846 0
955584.060061 1956932.06846 0
955584.060061 1956932.06846 0
955584.068887 1956932.06842 0
955584.068887 1956932.06842 0
955584.068887 1956932.06842 0
955584.077653 1956932.05727 0
955584.068887 1956932.06842 0
955584.077713 1956932.06837 0
955584.068887 1956932.06842 0
955584.068887 1956932.06842 0
955584.068887 1956932.06842 0
955584.068887 1956932.06842 0
955584.068887 1956932.06842 0
955584.068887 1956932.06842 0
955584.068887 1956932.06842 0
955584.068887 1956932.06842 0
955584.068887 1956932.06842 0
955584.068887 1956932.06842 0
955584.068887 1956932.06842 0
955584.068887 1956932.06842 0
955584.06012 1956932.07956 0
955584.051354 1956932.0907 0
955584.024935 1956932.10194 0
955584.007342 1956932.11313 0
955583.980983 1956932.13546 0
955583.954565 1956932.14669 0
955583.928205 1956932.16902 0
955583.901846 1956932.19135 0
955583.857835 1956932.21378 0
955583.831476 1956932.23611 0
955583.805117 1956932.25844 0
955583.769991 1956932.29192 0
955583.734747 1956932.3032 0
955583.699621 1956932.33667 0
955583.655669 1956932.37019 0
955583.629251 1956932.38143 0
955583.576473 1956932.415 0
955583.541347 1956932.44847 0
955583.488629 1956932.49313 0
955583.444618 1956932.51556 0
955583.383133 1956932.57136 0
955583.330355 1956932.60493 0
955583.260044 1956932.66078 0
955583.1985 1956932.70549 0
955583.119363 1956932.76139 0
955583.057879 1956932.81719 0
955582.969856 1956932.86205 0
955582.899545 1956932.9179 0
955582.820349 1956932.9627 0
955582.732446 1956933.02974 0
955582.662075 1956933.0745 0
955582.582998 1956933.14149 0
955582.503861 1956933.19739 0
955582.424724 1956933.25329 0
955582.345588 1956933.30919 0
955582.266451 1956933.36509 0
955582.187314 1956933.42099 0
955582.117003 1956933.47684 0
955582.037866 1956933.53274 0
955581.967555 1956933.58859 0
955581.888419 1956933.64449 0
955581.818048 1956933.68924 0
955581.747738 1956933.74509 0
955581.677367 1956933.78985 0
955581.607056 1956933.8457 0
955581.536686 1956933.89046 0
955581.475142 1956933.93517 0
955581.404772 1956933.97993 0
955581.343227 1956934.02463 0
955581.281683 1956934.06934 0
955581.228965 1956934.11401 0
955581.158654 1956934.16986 0
955581.079458 1956934.21466 0
955581.009147 1956934.27051 0
955580.938777 1956934.31527 0
955580.85964 1956934.37117 0
955580.780503 1956934.42707 0
955580.69254 1956934.48301 0
955580.62223 1956934.53887 0
955580.534267 1956934.59481 0
955580.463896 1956934.63957 0
955580.384819 1956934.70656 0
955580.323275 1956934.75127 0
955580.244079 1956934.79608 0
955580.112224 1956934.89664 0
955580.050679 1956934.94135 0
955579.989076 1956934.97496 0
955579.918705 1956935.01972 0
955579.857221 1956935.07552 0
955579.804443 1956935.10909 0
955579.725306 1956935.16499 0
955579.663762 1956935.2097 0
955579.584625 1956935.2656 0
955579.514314 1956935.32145 0
955579.426352 1956935.37739 0
955579.338389 1956935.43334 0
955579.232893 1956935.51157 0
955579.136163 1956935.57866 0
955579.030608 1956935.64579 0
955578.925112 1956935.72402 0
955578.714061 1956935.86939 0
955578.617391 1956935.94757 0
955578.485417 1956936.02594 0
955578.388688 1956936.09303 0
955578.265599 1956936.18245 0
955578.16887 1956936.24954 0
955578.054608 1956936.33891 0
955577.949052 1956936.40605 0
955577.83473 1956936.48432 0
955577.73806 1956936.5625 0
955577.632565 1956936.64073 0
955577.518183 1956936.70792 0
955577.421513 1956936.7861 0
955577.316018 1956936.86433 0
955577.219348 1956936.94251 0
955577.113792 1956937.00965 0
955577.017123 1956937.08783 0
955576.911627 1956937.16606 0
955576.814957 1956937.24424 0
955576.709402 1956937.31138 0
955576.612732 1956937.38956 0
955576.507236 1956937.46779 0
955576.410566 1956937.54597 0
955576.296244 1956937.62425 0
955576.190748 1956937.70248 0
955576.094079 1956937.78066 0
955575.979816 1956937.87004 0
955575.87432 1956937.94826 0
955575.768824 1956938.02649 0
955575.654562 1956938.11587 0
955575.549007 1956938.183 0
955575.44363 1956938.28342 0
955575.346901 1956938.35051 0
955575.223812 1956938.43993 0
955575.135969 1956938.51806 0
955575.01288 1956938.60748 0
955574.925036 1956938.68562 0
955574.810774 1956938.77499 0
955574.705278 1956938.85322 0
955574.599782 1956938.93145 0
955574.494287 1956939.00968 0
955574.397676 1956939.09896 0
955574.29218 1956939.17719 0
955574.204277 1956939.24423 0
955574.098841 1956939.33355 0
955574.002171 1956939.41173 0
955573.914268 1956939.47878 0
955573.808832 1956939.5681 0
955573.729754 1956939.63509 0
955573.624259 1956939.71332 0
955573.545181 1956939.78032 0
955573.430919 1956939.86969 0
955573.342956 1956939.92563 0
955573.255172 1956940.01486 0
955573.158443 1956940.08195 0
955573.061832 1956940.17123 0
955572.973929 1956940.23827 0
955572.859607 1956940.31655 0
955572.771764 1956940.39468 0
955572.666268 1956940.47291 0
955572.569598 1956940.5511 0
955572.455336 1956940.64047 0
955572.358666 1956940.71865 0
955572.25323 1956940.80798 0
955572.138908 1956940.88625 0
955572.042238 1956940.96444 0
955571.936862 1956941.06485 0
955571.831306 1956941.13199 0
955571.717044 1956941.22136 0
955571.611608 1956941.31069 0
955571.48852 1956941.40011 0
955571.39185 1956941.47829 0
955571.268821 1956941.5788 0
955571.154499 1956941.65708 0
955571.040237 1956941.74645 0
955570.917149 1956941.83587 0
955570.802827 1956941.91415 0
955570.688624 1956942.01461 0
955570.574362 1956942.10399 0
955570.46004 1956942.18226 0
955570.354604 1956942.27159 0
955570.240282 1956942.34987 0
955570.12602 1956942.43924 0
955570.020584 1956942.52856 0
955569.915088 1956942.60679 0
955569.800826 1956942.69616 0
955569.704156 1956942.77435 0
955569.589894 1956942.86372 0
955569.50205 1956942.94185 0
955569.387847 1956943.04232 0
955569.299944 1956943.10936 0
955569.194508 1956943.19869 0
955569.106664 1956943.27682 0
955568.992402 1956943.36619 0
955568.904558 1956943.44433 0
955568.799122 1956943.53365 0
955568.702453 1956943.61184 0
955568.605783 1956943.69002 0
955568.509173 1956943.7793 0
955568.412503 1956943.85748 0
955568.307007 1956943.93571 0
955568.219164 1956944.01384 0
955568.113728 1956944.10317 0
955568.025824 1956944.17021 0
955567.920388 1956944.25953 0
955567.832545 1956944.33767 0
955567.718223 1956944.41595 0
955567.524884 1956944.57231 0
955567.428214 1956944.65049 0
955567.331544 1956944.72868 0
955567.234875 1956944.80686 0
955567.138205 1956944.88504 0
955567.050421 1956944.97427 0
955566.944866 1956945.04141 0
955566.857022 1956945.11954 0
955566.74276 1956945.20892 0
955566.654857 1956945.27596 0
955566.540595 1956945.36533 0
955566.452691 1956945.43237 0
955566.347196 1956945.5106 0
955566.250586 1956945.59988 0
955566.14503 1956945.66701 0
955566.030768 1956945.75638 0
955565.934039 1956945.82347 0
955565.810951 1956945.91289 0
955565.723048 1956945.97993 0
955565.608786 1956946.0693 0
955565.529709 1956946.1363 0
955565.415447 1956946.22567 0
955565.327484 1956946.28162 0
955565.213222 1956946.37099 0
955565.125319 1956946.43803 0
955565.010997 1956946.51631 0
955564.923094 1956946.58335 0
955564.808772 1956946.66162 0
955564.720929 1956946.73976 0
955564.615374 1956946.80689 0
955564.518644 1956946.87398 0
955564.430741 1956946.94102 0
955564.334012 1956947.00811 0
955564.254876 1956947.06401 0
955564.158147 1956947.1311 0
955564.07901 1956947.187 0
955563.982281 1956947.25409 0
955563.91197 1956947.30994 0
955563.815301 1956947.38812 0
955563.74499 1956947.44397 0
955563.657087 1956947.51101 0
955563.577951 1956947.56691 0
955563.490047 1956947.63395 0
955563.410851 1956947.67876 0
955563.322948 1956947.7458 0
955563.243812 1956947.8017 0
955563.155909 1956947.86874 0
955563.068006 1956947.93578 0
955562.980043 1956947.99172 0
955562.900907 1956948.04762 0
955562.813063 1956948.12576 0
955562.7251 1956948.18171 0
955562.637197 1956948.24875 0
955562.549235 1956948.30469 0
955562.470217 1956948.38278 0
955562.382195 1956948.42763 0
955562.303118 1956948.49463 0
955562.215215 1956948.56167 0
955562.136078 1956948.61757 0
955562.048175 1956948.68461 0
955561.969039 1956948.74051 0
955561.87231 1956948.80759 0
955561.793173 1956948.86349 0
955561.70527 1956948.93053 0
955561.626134 1956948.98643 0
955561.529405 1956949.05352 0
955561.459094 1956949.10937 0
955561.362365 1956949.17646 0
955561.292054 1956949.23231 0
955561.204151 1956949.29935 0
955561.125074 1956949.36635 0
955561.037171 1956949.43339 0
955560.958035 1956949.48929 0
955560.878958 1956949.55628 0
955560.799821 1956949.61218 0
955560.711918 1956949.67922 0
955560.632782 1956949.73512 0
955560.544879 1956949.80216 0
955560.465802 1956949.86915 0
955560.386665 1956949.92505 0
955560.307529 1956949.98095 0
955560.228452 1956950.04794 0
955560.158141 1956950.1038 0
955560.070238 1956950.17084 0
955560.008694 1956950.21555 0
955559.929558 1956950.27145 0
955559.876839 1956950.31611 0
955559.806469 1956950.36086 0
955559.753751 1956950.40553 0
955559.692207 1956950.45024 0
955559.648256 1956950.48376 0
955559.595538 1956950.52842 0
955559.560353 1956950.5508 0
955559.516401 1956950.58432 0
955559.481216 1956950.6067 0
955559.446091 1956950.64017 0
955559.419732 1956950.6625 0
955559.384487 1956950.67379 0
955559.366954 1956950.69607 0
