955558.7675 1956950.83242 6
955558.7675 1956950.83242 6
955558.7675 1956950.83242 6
955558.7675 1956950.83242 6
955558.7675 1956950.83242 6
955558.7675 1956950.83242 6
955558.7675 1956950.83242 6
955558.758674 1956950.83247 6
955558.7675 1956950.83242 6
955558.7675 1956950.83242 6
955558.758674 1956950.83247 6
955558.7675 1956950.83242 6
955558.758674 1956950.83247 6
955558.758674 1956950.83247 6
955558.7675 1956950.83242 6
955558.758674 1956950.83247 6
955558.758674 1956950.83247 6
955558.758734 1956950.84357 6
955558.749908 1956950.84361 6
955558.741141 1956950.85475 6
955558.741141 1956950.85475 6
955558.723549 1956950.86594 6
955558.714782 1956950.87709 6
955558.69719 1956950.88827 6
955558.679657 1956950.91056 6
955558.662064 1956950.92175 6
955558.635705 1956950.94408 6
955558.609346 1956950.96641 6
955558.574161 1956950.98879 6
955558.547862 1956951.02221 6
955558.50391 1956951.05574 6
955558.459959 1956951.08926 6
955558.407241 1956951.13392 6
955558.354523 1956951.17858 6
955558.301805 1956951.22324 6
955558.240261 1956951.26795 6
955558.16995 1956951.3238 6
955558.108466 1956951.37961 6
955558.038155 1956951.43546 6
955557.967845 1956951.49131 6
955557.888768 1956951.55831 6
955557.809631 1956951.6142 6
955557.748147 1956951.67001 6
955557.660244 1956951.73705 6
955557.598759 1956951.79285 6
955557.519623 1956951.84875 6
955557.449312 1956951.9046 6
955557.387828 1956951.96041 6
955557.308691 1956952.01631 6
955557.247207 1956952.07211 6
955557.16807 1956952.12801 6
955557.106586 1956952.18382 6
955557.018623 1956952.23976 6
955556.948372 1956952.30671 6
955556.869236 1956952.36261 6
955556.798925 1956952.41846 6
955556.702197 1956952.48555 6
955556.62312 1956952.55254 6
955556.535217 1956952.61958 6
955556.447314 1956952.68662 6
955556.350644 1956952.7648 6
955556.253856 1956952.8208 6
955556.174838 1956952.89889 6
955556.078109 1956952.96597 6
955555.990266 1956953.04411 6
955555.893537 1956953.1112 6
955555.805634 1956953.17824 6
955555.708905 1956953.24533 6
955555.621002 1956953.31237 6
955555.515507 1956953.3906 6
955555.418718 1956953.44659 7
955555.322108 1956953.53587 7
955555.225379 1956953.60296 7
955555.12865 1956953.67005 7
955555.031981 1956953.74823 7
955554.917659 1956953.82651 7
955554.82093 1956953.8936 7
955554.715435 1956953.97183 7
955554.60988 1956954.03896 7
955554.504385 1956954.11719 7
955554.407715 1956954.19537 7
955554.293334 1956954.26256 7
955554.196665 1956954.34074 7
955554.082284 1956954.40792 7
955553.871234 1956954.55329 7
955553.756853 1956954.62047 7
955553.651238 1956954.67651 7
955553.536857 1956954.7437 7
955553.431243 1956954.79974 7
955553.316802 1956954.85583 7
955553.211188 1956954.91187 7
955553.105574 1956954.96791 7
955552.991133 1956955.024 7
955552.876633 1956955.06899 7
955552.770959 1956955.11394 7
955552.656459 1956955.15893 7
955552.550785 1956955.20388 7
955552.427459 1956955.24892 7
955552.312959 1956955.29391 7
955552.1984 1956955.32781 7
955552.075074 1956955.37285 7
955551.960515 1956955.40675 7
955551.83707 1956955.4296 7
955551.704918 1956955.47469 7
955551.590299 1956955.4975 7
955551.466913 1956955.53144 7
955551.343468 1956955.55429 7
955551.202431 1956955.58834 7
955551.078926 1956955.60009 7
955550.946596 1956955.6119 7
955550.823151 1956955.63475 7
955550.673169 1956955.64665 7
955550.549605 1956955.64731 7
955550.399682 1956955.67031 7
955550.267292 1956955.67102 7
955550.126135 1956955.68287 7
955549.976093 1956955.68367 7
955549.834937 1956955.69553 7
955549.693661 1956955.68519 7
955549.561212 1956955.67481 7
955549.402284 1956955.66456 7
955549.261009 1956955.65423 7
955549.102081 1956955.64398 7
955548.969572 1956955.6225 7
955548.810645 1956955.61226 7
955548.660424 1956955.57978 7
955548.501437 1956955.55845 7
955548.360042 1956955.52592 7
955548.201055 1956955.50458 7
955548.050835 1956955.4721 7
955547.891788 1956955.43967 7
955547.750394 1956955.40715 7
955547.600173 1956955.37467 7
955547.449893 1956955.3311 7
955547.308499 1956955.29857 7
955547.158218 1956955.255 7
955547.02565 1956955.22242 7
955546.87537 1956955.17885 7
955546.733916 1956955.13523 7
955546.592402 1956955.08051 7
955546.450888 1956955.0258 7
955546.309375 1956954.97108 7
955546.167861 1956954.91637 7
955546.035174 1956954.8616 7
955545.8936 1956954.79579 7
955545.778505 1956954.72984 7
955545.645699 1956954.65289 7
955545.530604 1956954.58694 7
955545.397737 1956954.49889 7
955545.300235 1956954.42175 7
955545.158483 1956954.32266 7
955545.052154 1956954.24556 7
955544.919228 1956954.14642 7
955544.804074 1956954.06938 7
955544.68886 1956953.98124 7
955544.56476 1956953.88205 7
955544.449486 1956953.78281 7
955544.334212 1956953.68358 7
955544.210113 1956953.58439 7
955544.086013 1956953.4852 7
955543.961913 1956953.38601 7
955543.84658 1956953.27568 7
955543.740132 1956953.1764 7
955543.624858 1956953.07716 7
955543.509465 1956952.95574 7
955543.403018 1956952.85645 7
955543.287625 1956952.73503 7
955543.172291 1956952.6247 7
955543.074491 1956952.49208 7
955542.959158 1956952.38175 7
955542.861417 1956952.26024 7
955542.763676 1956952.13872 7
955542.665935 1956952.0172 7
955542.559368 1956951.89572 7
955542.470394 1956951.76306 7
955542.372713 1956951.65264 7
955542.274912 1956951.52002 7
955542.177231 1956951.4096 7
955542.088197 1956951.26584 7
955541.990516 1956951.15542 7
955541.901601 1956951.03385 8
955541.812686 1956950.91228 8
955541.706 1956950.76862 8
955541.617085 1956950.64706 8
955541.52817 1956950.52549 8
955541.43037 1956950.39288 8
955541.341395 1956950.26021 8
955541.234829 1956950.13874 8
955541.137028 1956950.00613 8
955541.039228 1956949.87351 8
955540.950372 1956949.76304 8
955540.843746 1956949.63047 8
955540.763717 1956949.51995 8
955540.65709 1956949.38739 8
955540.577061 1956949.27687 8
955540.461608 1956949.14435 8
955540.381579 1956949.03383 8
955540.266067 1956948.89022 8
955540.194923 1956948.79074 8
955540.097123 1956948.65813 8
955540.026038 1956948.56975 8
955539.937064 1956948.43709 8
955539.857094 1956948.33766 8
955539.777005 1956948.21605 8
955539.68809 1956948.09448 8
955539.599175 1956947.97292 8
955539.519146 1956947.8624 8
955539.430231 1956947.74083 8
955539.341316 1956947.61926 8
955539.252401 1956947.4977 8
955539.163546 1956947.38722 8
955539.07469 1956947.27675 8
955538.976949 1956947.15523 8
955538.879208 1956947.03371 8
955538.781467 1956946.91219 8
955538.692612 1956946.80172 8
955538.594871 1956946.6802 8
955538.514842 1956946.56968 8
955538.425927 1956946.44812 8
955538.337071 1956946.33764 8
955538.239271 1956946.20503 8
955538.14153 1956946.08351 8
955538.052615 1956945.96194 8
955537.954874 1956945.84042 8
955537.857133 1956945.7189 8
955537.776984 1956945.5862 8
955537.670417 1956945.46472 8
955537.572617 1956945.33211 8
955537.46599 1956945.19954 8
955537.377135 1956945.08907 8
955537.270508 1956944.9565 8
955537.181593 1956944.83494 8
955537.083852 1956944.71342 8
955536.986052 1956944.5808 8
955536.897137 1956944.45924 8
955536.79057 1956944.33777 8
955536.683943 1956944.2052 8
955536.586142 1956944.07258 8
955536.488401 1956943.95106 8
955536.39066 1956943.82955 8
955536.301745 1956943.70798 8
955536.204004 1956943.58646 8
955536.097437 1956943.46499 8
955536.008582 1956943.35452 8
955535.910781 1956943.2219 8
955535.8131 1956943.11148 8
955535.724185 1956942.98991 8
955535.626444 1956942.86839 8
955535.528643 1956942.73578 8
955535.422076 1956942.6143 8
955535.333101 1956942.48164 8
955535.226534 1956942.36017 8
955535.128734 1956942.22756 8
955535.031052 1956942.11713 8
955534.942137 1956941.99556 8
955534.853281 1956941.88509 8
955534.764366 1956941.76353 8
955534.666625 1956941.64201 8
955534.568825 1956941.50939 8
955534.462198 1956941.37683 8
955534.364457 1956941.25531 8
955534.257771 1956941.11165 8
955534.15997 1956940.97903 8
955534.053343 1956940.84646 8
955533.955543 1956940.71385 8
955533.848857 1956940.57019 8
955533.750996 1956940.42648 8
955533.635484 1956940.28287 8
955533.537684 1956940.15025 8
955533.430938 1956939.9955 8
955533.324252 1956939.85184 8
955533.226451 1956939.71922 8
955533.110879 1956939.56451 8
955533.004193 1956939.42085 8
955532.888621 1956939.26614 8
955532.790701 1956939.11134 8
955532.666304 1956938.95668 8
955532.559617 1956938.81302 8
955532.452871 1956938.65826 8
955532.337359 1956938.51465 8
955532.221787 1956938.35994 8
955532.115101 1956938.21628 8
955531.999589 1956938.07267 8
955531.892962 1956937.9401 8
955531.786276 1956937.79644 8
955531.661878 1956937.64178 8
955531.555251 1956937.50921 8
955531.448505 1956937.35445 8
955531.341938 1956937.23298 8
955531.235252 1956937.08932 8
955531.137451 1956936.95671 8
955531.030884 1956936.83524 8
955530.924198 1956936.69157 8
955530.826456 1956936.57006 8
955530.710944 1956936.42644 8
955530.622029 1956936.30487 8
955530.506517 1956936.16126 8
955530.417601 1956936.03969 8
955530.31986 1956935.91817 8
955530.222119 1956935.79666 8
955530.133204 1956935.67509 8
955530.035463 1956935.55357 8
955529.946547 1956935.432 8
955529.866518 1956935.32148 8
955529.777662 1956935.21101 8
955529.706399 1956935.08935 8
955529.617603 1956934.98997 8
955529.537573 1956934.87945 8
955529.466429 1956934.77998 8
955529.386459 1956934.68056 8
955529.315374 1956934.59218 8
955529.24423 1956934.49271 8
955529.182031 1956934.41537 8
955529.128599 1956934.3269 8
955529.075226 1956934.24952 8
955529.013027 1956934.17219 8
955528.96854 1956934.10586 8
955528.915226 1956934.03958 8
955528.861913 1956933.9733 8
955528.772938 1956933.84064 8
955528.719684 1956933.78545 8
955528.684082 1956933.73016 8
955528.64848 1956933.67488 8
955528.64848 1956933.67488 8
955528.657425 1956933.69702 8
955528.657425 1956933.69702 8
955528.64848 1956933.67488 8
955528.657366 1956933.68593 8
955528.657425 1956933.69702 8
955528.657425 1956933.69702 8
955528.657425 1956933.69702 8
955528.657366 1956933.68593 8
955528.657366 1956933.68593 8
955528.657366 1956933.68593 8
955528.657366 1956933.68593 8
