955524.481669 1956930.23564 0
955524.490495 1956930.23559 0
955524.490495 1956930.23559 0
955524.490495 1956930.23559 0
955524.490495 1956930.23559 0
955524.490495 1956930.23559 0
955524.490495 1956930.23559 0
955524.481669 1956930.23564 0
955524.490495 1956930.23559 0
955524.481669 1956930.23564 0
955524.490495 1956930.23559 0
955524.490495 1956930.23559 0
955524.490555 1956930.24668 0
955524.490495 1956930.23559 0
955524.490555 1956930.24668 0
955524.490555 1956930.24668 0
955524.490495 1956930.23559 0
955524.490495 1956930.23559 0
955524.499321 1956930.23554 0
955524.508088 1956930.2244 0
955524.516854 1956930.21326 0
955524.525621 1956930.20211 0
955524.534387 1956930.19097 0
955524.552039 1956930.19088 0
955524.569572 1956930.16859 0
955524.587165 1956930.1574 0
955524.613524 1956930.13507 0
955524.631116 1956930.12388 0
955524.666242 1956930.09041 0
955524.69266 1956930.07917 0
955524.719019 1956930.05684 0
955524.754145 1956930.02337 0
955524.780504 1956930.00104 0
955524.824455 1956929.96752 0
955524.85964 1956929.94514 0
955524.903532 1956929.90052 0
955524.947483 1956929.867 0
955524.991435 1956929.83348 0
955525.044212 1956929.79991 0
955525.105756 1956929.7552 0
955525.149648 1956929.71059 0
955525.202366 1956929.66593 0
955525.26391 1956929.62122 0
955525.316688 1956929.58765 0
955525.369406 1956929.54299 0
955525.422183 1956929.50942 0
955525.483727 1956929.46471 0
955525.545212 1956929.4089 0
955525.606756 1956929.36419 0
955525.677066 1956929.30834 0
955525.73861 1956929.26363 0
955525.817747 1956929.20773 0
955525.888057 1956929.15188 0
955525.97596 1956929.08484 0
955526.046271 1956929.02899 0
955526.143 1956928.9619 0
955526.21331 1956928.90605 0
955526.310039 1956928.83896 0
955526.38029 1956928.77201 0
955526.468253 1956928.71607 0
955526.538563 1956928.66021 0
955526.6177 1956928.60431 0
955526.687951 1956928.53737 0
955526.767087 1956928.48147 0
955526.846224 1956928.42557 0
955526.916474 1956928.35862 0
955526.995671 1956928.31382 0
955527.065921 1956928.24687 0
955527.145058 1956928.19097 0
955527.215368 1956928.13512 0
955527.285619 1956928.06817 0
955527.373582 1956928.01223 0
955527.443892 1956927.95638 0
955527.522969 1956927.88938 0
955527.59328 1956927.83353 0
955527.663531 1956927.76658 0
955527.742727 1956927.72178 0
955527.813037 1956927.66593 0
955527.883288 1956927.59898 0
955527.953599 1956927.54313 0
955528.032735 1956927.48723 0
955528.103046 1956927.43138 0
955528.191009 1956927.37543 0
955528.252493 1956927.31963 0
955528.33157 1956927.25263 0
955528.410707 1956927.19673 0
955528.49861 1956927.12969 0
955528.56892 1956927.07384 0
955528.656823 1956927.0068 0
955528.7359 1956926.9398 0
955528.832629 1956926.87272 0
955528.90294 1956926.81686 0
955528.999669 1956926.74978 0
955529.078746 1956926.68278 0
955529.175534 1956926.62679 0
955529.245785 1956926.55984 0
955529.342514 1956926.49275 0
955529.430417 1956926.42571 0
955529.51832 1956926.35867 0
955529.597397 1956926.29168 0
955529.694126 1956926.22459 1
955529.782029 1956926.15755 1
955529.878759 1956926.09046 1
955529.966662 1956926.02342 1
955530.063331 1956925.94523 1
955530.151234 1956925.87819 1
955530.25673 1956925.79996 1
955530.344633 1956925.73292 1
955530.450188 1956925.66578 1
955530.529205 1956925.5877 1
955530.634761 1956925.52056 1
955530.722664 1956925.45352 1
955530.828159 1956925.37529 1
955530.916062 1956925.30825 1
955531.021558 1956925.23002 1
955531.118346 1956925.17402 1
955531.232608 1956925.08465 1
955531.320512 1956925.01761 1
955531.434833 1956924.93933 1
955531.531562 1956924.87224 1
955531.637058 1956924.79401 1
955531.724961 1956924.72697 1
955531.839283 1956924.64869 1
955531.936012 1956924.58161 1
955532.050333 1956924.50333 1
955532.147003 1956924.42514 1
955532.261325 1956924.34687 1
955532.358054 1956924.27978 1
955532.463549 1956924.20155 1
955532.577811 1956924.11217 1
955532.683366 1956924.04504 1
955532.797629 1956923.95567 1
955532.894417 1956923.89967 1
955533.008679 1956923.8103 1
955533.105408 1956923.74321 1
955533.210845 1956923.65389 1
955533.307574 1956923.5868 1
955533.413069 1956923.50857 1
955533.518565 1956923.43034 1
955533.606409 1956923.3522 1
955533.711904 1956923.27397 1
955533.799807 1956923.20693 1
955533.905303 1956923.1287 1
955533.993206 1956923.06166 1
955534.098702 1956922.98343 1
955534.186605 1956922.91639 1
955534.283274 1956922.8382 1
955534.371118 1956922.76007 1
955534.459021 1956922.69303 1
955534.546924 1956922.62599 1
955534.634827 1956922.55894 1
955534.72273 1956922.4919 1
955534.810633 1956922.42486 1
955534.889711 1956922.35787 1
955534.977614 1956922.29083 1
955535.065517 1956922.22379 1
955535.15342 1956922.15674 1
955535.241323 1956922.0897 1
955535.329226 1956922.02266 1
955535.417129 1956921.95562 1
955535.505032 1956921.88858 1
955535.601762 1956921.82149 1
955535.689665 1956921.75445 1
955535.786394 1956921.68736 1
955535.874238 1956921.60923 1
955535.970967 1956921.54214 1
955536.067636 1956921.46395 1
955536.164366 1956921.39687 1
955536.252269 1956921.32983 1
955536.36659 1956921.25155 1
955536.454553 1956921.1956 1
955536.559989 1956921.10628 1
955536.639126 1956921.05038 1
955536.753388 1956920.961 1
955536.832525 1956920.90511 1
955536.93802 1956920.82687 1
955537.017157 1956920.77098 1
955537.113827 1956920.69279 1
955537.201789 1956920.63685 1
955537.289693 1956920.5698 1
955537.377596 1956920.50276 1
955537.465499 1956920.43572 1
955537.553462 1956920.37978 1
955537.641365 1956920.31273 1
955537.720442 1956920.24574 1
955537.817231 1956920.18975 1
955537.896308 1956920.12275 1
955537.993037 1956920.05567 1
955538.081 1956919.99972 1
955538.177669 1956919.92154 1
955538.265632 1956919.86559 1
955538.362361 1956919.7985 1
955538.441438 1956919.73151 1
955538.538227 1956919.67551 1
955538.608538 1956919.61966 1
955538.705327 1956919.56367 1
955538.784404 1956919.49667 1
955538.872307 1956919.42963 1
955538.951503 1956919.38483 1
955539.039406 1956919.31779 1
955539.118543 1956919.26189 1
955539.215272 1956919.1948 1
955539.294349 1956919.12781 1
955539.391079 1956919.06072 1
955539.479041 1956919.00477 1
955539.575771 1956918.93768 1
955539.654848 1956918.87069 1
955539.751577 1956918.8036 1
955539.83948 1956918.73656 1
955539.927383 1956918.66952 1
955540.006461 1956918.60252 1
955540.103249 1956918.54653 1
955540.191152 1956918.47949 1
955540.296648 1956918.40126 1
955540.384611 1956918.34531 1
955540.481281 1956918.26713 1
955540.578069 1956918.21114 1
955540.67468 1956918.12186 1
955540.771468 1956918.06586 1
955540.876964 1956917.98763 1
955540.964867 1956917.92059 1
955541.061537 1956917.84241 1
955541.1495 1956917.78646 1
955541.246229 1956917.71937 1
955541.325306 1956917.65238 1
955541.421976 1956917.5742 1
955541.509939 1956917.51825 1
955541.597783 1956917.44012 1
955541.685745 1956917.38417 1
955541.782415 1956917.30599 1
955541.870378 1956917.25004 1
955541.975814 1956917.16071 1
955542.063777 1956917.10477 1
955542.160447 1956917.02659 1
955542.24835 1956916.95954 1
955542.353905 1956916.89241 1
955542.424156 1956916.82546 1
955542.529652 1956916.74723 1
955542.599963 1956916.69138 1
955542.696692 1956916.62429 1
955542.775769 1956916.5573 1
955542.872499 1956916.49021 1
955542.951576 1956916.42322 1
955543.048305 1956916.35613 1
955543.127442 1956916.30023 1
955543.232938 1956916.222 1
955543.303189 1956916.15505 1
955543.399918 1956916.08796 1
955543.478995 1956916.02097 1
955543.566899 1956915.95393 1
955543.645976 1956915.88693 2
955543.733939 1956915.83099 2
955543.813016 1956915.76399 2
955543.892153 1956915.7081 2
955543.980056 1956915.64105 2
955544.050367 1956915.5852 2
955544.147096 1956915.51811 2
955544.226233 1956915.46222 2
955544.30531 1956915.39522 2
955544.402039 1956915.32813 2
955544.489942 1956915.26109 2
955544.577846 1956915.19405 2
955544.665749 1956915.12701 2
955544.762419 1956915.04883 2
955544.850322 1956914.98179 2
955544.947051 1956914.9147 2
955545.026129 1956914.8477 2
955545.114032 1956914.78066 2
955545.201935 1956914.71362 2
955545.272186 1956914.64668 2
955545.36009 1956914.57963 2
955545.439167 1956914.51264 2
955545.518244 1956914.44565 2
955545.597381 1956914.38975 2
955545.667692 1956914.3339 2
955545.746769 1956914.2669 2
955545.834732 1956914.21096 2
955545.905042 1956914.1551 2
955545.993005 1956914.09916 2
955546.072142 1956914.04326 2
955546.160164 1956913.99841 2
955546.239301 1956913.94251 2
955546.309671 1956913.89775 2
955546.397753 1956913.86399 2
955546.47695 1956913.81919 2
955546.547379 1956913.78553 2
955546.626576 1956913.74072 2
955546.705832 1956913.70701 2
955546.785087 1956913.6733 2
955546.873169 1956913.63954 2
955546.961251 1956913.60579 2
955547.066985 1956913.57194 2
955547.163953 1956913.54923 2
955547.260801 1956913.50433 2
955547.366654 1956913.49266 2
955547.472388 1956913.45881 2
955547.569355 1956913.4361 2
955547.657497 1956913.41344 2
955547.763409 1956913.41287 2
955547.851551 1956913.39021 2
955547.939752 1956913.37864 2
955548.028012 1956913.37817 2
955548.107387 1956913.36665 2
955548.195647 1956913.36617 2
955548.283908 1956913.3657 2
955548.372168 1956913.36523 2
955548.460488 1956913.37585 2
955548.557575 1956913.37533 2
955548.637069 1956913.38599 2
955548.751867 1956913.39647 2
955548.849013 1956913.40705 2
955548.955044 1956913.42867 2
955549.061076 1956913.45029 2
955549.149455 1956913.472 2
955549.255487 1956913.49363 2
955549.352752 1956913.52639 2
955549.450017 1956913.55915 2
955549.538516 1956913.60306 2
955549.635781 1956913.63582 2
955549.72422 1956913.66863 2
955549.812778 1956913.72363 2
955549.901217 1956913.75644 2
955549.989775 1956913.81144 2
955550.078273 1956913.85534 2
955550.158005 1956913.91039 2
955550.246563 1956913.96539 2
955550.308584 1956914.00944 2
955550.397201 1956914.07553 2
955550.468048 1956914.11953 2
955550.538953 1956914.17462 2
955550.609919 1956914.24081 2
955550.680825 1956914.29591 2
955550.75179 1956914.3621 2
955550.805104 1956914.42838 2
955550.876069 1956914.49457 2
955550.938268 1956914.5719 2
955551.000407 1956914.63813 2
955551.053721 1956914.70442 2
955551.11592 1956914.78175 2
955551.178178 1956914.87017 2
955551.240437 1956914.9586 3
955551.311461 1956915.03588 3
955551.373779 1956915.1354 3
955551.444923 1956915.23487 3
955551.516067 1956915.33435 3
955551.587152 1956915.42273 3
955551.658355 1956915.53329 3
955551.720554 1956915.61062 3
955551.791698 1956915.7101 3
955551.845012 1956915.77638 3
955551.916096 1956915.86476 3
955551.978295 1956915.94209 3
955552.040613 1956916.04161 3
955552.093926 1956916.10789 3
955552.16507 1956916.20736 3
955552.218443 1956916.28474 3
955552.280701 1956916.37317 3
955552.3429 1956916.4505 3
955552.405159 1956916.53892 3
955552.467358 1956916.61625 3
955552.529616 1956916.70468 3
955552.591815 1956916.78201 3
955552.662899 1956916.87039 3
955552.716332 1956916.95886 3
955552.796242 1956917.04719 3
955552.849674 1956917.13566 3
955552.920759 1956917.22404 3
955552.983017 1956917.31247 3
955553.054161 1956917.41194 3
955553.125246 1956917.50032 3
955553.19639 1956917.59979 3
955553.258589 1956917.67712 3
955553.329673 1956917.7655 3
955553.391872 1956917.84283 3
955553.45413 1956917.93125 3
955553.51627 1956917.99749 3
955553.569702 1956918.08596 3
955553.640727 1956918.16324 3
955553.6941 1956918.24062 3
955553.765125 1956918.31791 3
955553.827383 1956918.40633 3
955553.889582 1956918.48366 3
955553.960666 1956918.57204 3
955554.022865 1956918.64937 3
955554.093949 1956918.73775 3
955554.156148 1956918.81508 3
955554.227233 1956918.90346 3
955554.289491 1956918.99188 3
955554.369401 1956919.08021 3
955554.440486 1956919.16859 3
955554.502685 1956919.24592 3
955554.573769 1956919.3343 3
955554.644854 1956919.42268 3
955554.715878 1956919.49996 3
955554.778137 1956919.58839 3
955554.840276 1956919.65462 3
955554.91136 1956919.743 3
955554.982445 1956919.83138 3
955555.053529 1956919.91976 3
955555.13344 1956920.00809 3
955555.204465 1956920.08537 3
955555.293201 1956920.17365 3
955555.373052 1956920.25089 3
955555.452962 1956920.33922 3
955555.523928 1956920.40541 3
955555.603779 1956920.48264 3
955555.674684 1956920.53774 3
955555.763302 1956920.60383 3
955555.825441 1956920.67007 3
955555.913999 1956920.72507 3
955555.984905 1956920.78016 3
955556.064696 1956920.8463 3
955556.144369 1956920.89026 3
955556.232927 1956920.94526 3
955556.33037 1956921.0113 3
955556.418928 1956921.0663 3
955556.516252 1956921.11016 3
955556.622403 1956921.15397 3
955556.719787 1956921.20892 3
955556.817111 1956921.25278 3
955556.914436 1956921.29664 3
955557.038238 1956921.34035 3
955557.117911 1956921.38431 3
955557.232828 1956921.41697 3
955557.330092 1956921.44974 3
955557.445009 1956921.4824 3
955557.542215 1956921.50407 3
955557.657132 1956921.53674 3
955557.763163 1956921.55836 3
955557.878021 1956921.57994 3
955557.983993 1956921.59046 3
955558.09885 1956921.61204 3
955558.213648 1956921.62252 3
955558.337332 1956921.64404 3
955558.45213 1956921.65452 4
955558.566928 1956921.665 4
955558.699378 1956921.67539 4
955558.805231 1956921.66372 4
955558.928795 1956921.66306 4
955559.05236 1956921.6624 4
955559.158213 1956921.65073 4
955559.290544 1956921.63893 4
955559.396456 1956921.63836 4
955559.528787 1956921.62656 4
955559.643466 1956921.61485 4
955559.766971 1956921.60309 4
955559.88159 1956921.58029 4
955560.005036 1956921.55743 4
955560.128481 1956921.53458 4
955560.260753 1956921.51168 4
955560.375313 1956921.47778 4
955560.498758 1956921.45493 4
955560.622144 1956921.42098 4
955560.736764 1956921.39818 4
955560.851264 1956921.35319 4
955560.97465 1956921.31924 4
955561.080325 1956921.27429 4
955561.186059 1956921.24044 4
955561.291733 1956921.1955 4
955561.406233 1956921.1505 4
955561.503082 1956921.1056 4
955561.608756 1956921.06066 4
955561.705664 1956921.02685 4
955561.811279 1956920.97081 4
955561.899242 1956920.91486 4
955561.996031 1956920.85887 4
955562.092879 1956920.81397 4
955562.180842 1956920.75803 4
955562.268864 1956920.71317 4
955562.356827 1956920.65723 4
955562.44479 1956920.60128 4
955562.541579 1956920.54529 4
955562.629482 1956920.47825 4
955562.717445 1956920.4223 4
955562.814175 1956920.35521 4
955562.893252 1956920.28822 4
955562.998867 1956920.23218 4
955563.077944 1956920.16518 4
955563.1835 1956920.09805 4
955563.262577 1956920.03106 4
955563.376959 1956919.96387 4
955563.464862 1956919.89683 4
955563.570358 1956919.8186 4
955563.658321 1956919.76266 4
955563.772643 1956919.68438 4
955563.860665 1956919.63953 4
955563.957335 1956919.56134 4
955564.054183 1956919.51644 4
955564.150913 1956919.44936 4
955564.256528 1956919.39332 4
955564.34455 1956919.34846 4
955564.458991 1956919.29238 4
955564.564666 1956919.24743 4
955564.67034 1956919.20248 4
955564.776015 1956919.15754 4
955564.881749 1956919.12369 4
955564.987423 1956919.07874 4
955565.101983 1956919.04484 4
955565.216543 1956919.01094 4
955565.322218 1956918.96599 4
955565.436778 1956918.9321 4
955565.551338 1956918.8982 4
955565.665898 1956918.8643 4
955565.780517 1956918.84149 4
955565.903963 1956918.81864 4
955566.027408 1956918.79579 4
955566.15962 1956918.7618 4
955566.283185 1956918.76113 4
955566.415456 1956918.73823 4
955566.530195 1956918.73762 4
955566.662526 1956918.72581 4
955566.777205 1956918.7141 4
955566.909536 1956918.7023 4
955567.024275 1956918.70168 4
955567.138954 1956918.68997 4
955567.253692 1956918.68936 4
955567.377257 1956918.6887 4
955567.500821 1956918.68803 4
955567.633212 1956918.68732 4
955567.756836 1956918.69776 4
955567.8804 1956918.69709 4
955567.995198 1956918.70757 4
955568.127589 1956918.70686 4
955568.242446 1956918.72844 4
955568.374837 1956918.72773 4
955568.49852 1956918.74925 4
955568.622204 1956918.77078 4
955568.754654 1956918.78116 4
955568.878397 1956918.81379 4
955569.019733 1956918.83522 4
955569.143476 1956918.86784 4
955569.284811 1956918.88927 4
955569.417321 1956918.91075 4
955569.558835 1956918.96547 4
955569.70023 1956918.99799 4
955569.83268 1956919.00838 4
955569.965309 1956919.05205 4
955570.11553 1956919.08452 4
955570.239273 1956919.11715 4
955570.389494 1956919.14962 4
955570.522063 1956919.1822 4
955570.654691 1956919.22587 4
955570.822565 1956919.25825 4
955570.946367 1956919.30197 4
955571.096588 1956919.33445 4
955571.237983 1956919.36697 4
955571.379438 1956919.41059 4
955571.520892 1956919.45422 4
955571.662347 1956919.49784 4
955571.803802 1956919.54146 4
955571.936371 1956919.57403 4
955572.077885 1956919.62875 4
955572.201687 1956919.67246 4
955572.343142 1956919.71608 4
955572.47583 1956919.77085 4
955572.608518 1956919.82561 4
955572.73232 1956919.86933 4
955572.856182 1956919.92414 4
955572.979925 1956919.95676 4
955573.094961 1956920.01162 4
955573.209997 1956920.06647 4
955573.324973 1956920.11024 4
955573.448835 1956920.16505 4
955573.54616 1956920.2089 4
955573.661136 1956920.25267 4
955573.767346 1956920.30757 4
955573.882322 1956920.35134 4
955573.979647 1956920.39519 4
955574.094742 1956920.46115 4
955574.192066 1956920.505 4
955574.307102 1956920.55986 4
955574.413312 1956920.61477 4
955574.519522 1956920.66967 4
955574.625732 1956920.72458 4
955574.723116 1956920.77953 4
955574.829266 1956920.82334 4
955574.935535 1956920.88934 4
955575.032919 1956920.94429 4
955575.130363 1956921.01034 4
955575.236572 1956921.06524 4
955575.342842 1956921.13124 4
955575.440226 1956921.1862 4
955575.55538 1956921.26324 4
955575.652824 1956921.32929 4
955575.759093 1956921.39529 4
955575.856536 1956921.46134 4
955575.962806 1956921.52734 4
955576.060249 1956921.59338 4
955576.166578 1956921.67048 4
955576.272907 1956921.74757 4
955576.379235 1956921.82467 4
955576.494509 1956921.9239 4
955576.592012 1956922.00104 4
955576.6984 1956922.08923 4
955576.804729 1956922.16633 4
955576.902232 1956922.24347 4
955576.999794 1956922.3317 4
955577.097297 1956922.40885 4
955577.203685 1956922.49703 4
955577.292362 1956922.57422 4
955577.389983 1956922.67355 5
955577.487486 1956922.7507 5
955577.593934 1956922.84998 5
955577.691496 1956922.93821 5
955577.789118 1956923.03755 5
955577.886621 1956923.11469 5
955577.966531 1956923.20302 5
955578.064093 1956923.29125 5
955578.152829 1956923.37954 5
955578.250391 1956923.46777 5
955578.330301 1956923.5561 5
955578.427864 1956923.64434 5
955578.498888 1956923.72162 5
955578.587624 1956923.80991 5
955578.667475 1956923.88714 5
955578.747445 1956923.98657 5
955578.827236 1956924.05271 5
955578.915972 1956924.14099 5
955578.995823 1956924.21823 5
955579.066907 1956924.30661 5
955579.155583 1956924.3838 5
955579.217782 1956924.46113 5
955579.288807 1956924.53841 5
955579.359831 1956924.6157 5
955579.430796 1956924.68188 5
955579.492995 1956924.75922 5
955579.56402 1956924.8365 5
955579.626218 1956924.91383 5
955579.697243 1956924.99111 5
955579.768208 1956925.0573 5
955579.839232 1956925.13459 5
955579.892546 1956925.20087 5
955579.96357 1956925.27815 5
955580.034535 1956925.34434 5
955580.096734 1956925.42167 5
955580.150106 1956925.49905 5
955580.22119 1956925.58743 5
955580.28327 1956925.64257 5
955580.36318 1956925.7309 5
955580.425379 1956925.80823 5
955580.505289 1956925.89656 5
955580.576313 1956925.97385 5
955580.656283 1956926.07327 5
955580.736193 1956926.1616 5
955580.816103 1956926.24993 5
955580.878361 1956926.33836 5
955580.967157 1956926.43774 5
955581.029355 1956926.51507 5
955581.126977 1956926.6144 5
955581.198061 1956926.70278 5
955581.286916 1956926.81325 5
955581.357941 1956926.89053 5
955581.464448 1956927.00091 5
955581.526706 1956927.08934 5
955581.624387 1956927.19976 5
955581.677759 1956927.27714 5
955581.757729 1956927.37657 5
955581.828813 1956927.46494 5
955581.89113 1956927.56446 5
955581.97104 1956927.6528 5
955582.042184 1956927.75227 5
955582.113387 1956927.86284 5
955582.184471 1956927.95121 5
955582.246848 1956928.06183 5
955582.317991 1956928.1613 5
955582.380309 1956928.26082 5
955582.4338 1956928.36039 5
955582.495999 1956928.43772 5
955582.540724 1956928.54843 5
955582.594096 1956928.62581 5
955582.629936 1956928.72547 5
955582.665596 1956928.79185 5
955582.701376 1956928.88041 5
955582.728211 1956928.94684 5
955582.763932 1956929.02431 5
955582.781941 1956929.09079 5
955582.79989 1956929.14616 5
955582.826725 1956929.21259 5
955582.835848 1956929.26802 5
955582.853738 1956929.3123 5
955582.862802 1956929.35663 5
955582.871866 1956929.40096 5
955582.889697 1956929.43415 5
955582.889875 1956929.46743 5
955582.89888 1956929.50067 5
955582.907884 1956929.53391 5
955582.908062 1956929.56719 5
955582.917067 1956929.60043 5
955582.926071 1956929.63366 5
955582.926309 1956929.67804 5
955582.944318 1956929.74451 5
955582.953501 1956929.81103 5
955582.953858 1956929.8776 5
955582.971926 1956929.95517 5
955582.972342 1956930.03283 5
955582.972759 1956930.11049 5
955582.982061 1956930.1992 5
955582.97371 1956930.28801 5
955582.974127 1956930.36567 5
955582.974602 1956930.45443 5
955582.957426 1956930.54328 5
955582.949076 1956930.63208 5
955582.9319 1956930.72093 5
955582.92349 1956930.79864 5
955582.906373 1956930.89859 5
955582.889137 1956930.97634 5
955582.863135 1956931.06524 5
955582.845899 1956931.143 5
955582.828723 1956931.23185 5
955582.802602 1956931.29856 5
955582.7766 1956931.38746 5
955582.750478 1956931.45417 5
955582.724417 1956931.53197 5
955582.689469 1956931.59873 5
955582.663408 1956931.67653 5
955582.62846 1956931.74329 5
955582.584747 1956931.82119 5
955582.549859 1956931.89904 5
955582.506086 1956931.96584 5
955582.462372 1956932.04374 5
955584.06012 1956932.07956 6
955584.06012 1956932.07956 6
955584.06012 1956932.07956 6
955584.06012 1956932.07956 6
955584.06012 1956932.07956 6
955584.060061 1956932.06846 6
955584.06012 1956932.07956 6
955584.06012 1956932.07956 6
955584.06012 1956932.07956 6
955584.06012 1956932.07956 6
955584.06012 1956932.07956 6
955584.06012 1956932.07956 6
955584.06012 1956932.07956 6
955584.06012 1956932.07956 6
955584.06012 1956932.07956 6
955584.06012 1956932.07956 6
955584.06012 1956932.07956 6
955584.06012 1956932.07956 6
955584.06012 1956932.07956 6
955584.06012 1956932.07956 6
955584.06012 1956932.07956 6
955584.060061 1956932.06846 6
955584.060061 1956932.06846 6
955584.060061 1956932.06846 6
955584.060061 1956932.06846 6
955584.060061 1956932.06846 6
955584.068887 1956932.06842 6
955584.068887 1956932.06842 6
955584.068887 1956932.06842 6
955584.077653 1956932.05727 6
955584.068887 1956932.06842 6
955584.077713 1956932.06837 6
955584.068887 1956932.06842 6
955584.068887 1956932.06842 6
955584.068887 1956932.06842 6
955584.068887 1956932.06842 6
955584.068887 1956932.06842 6
955584.068887 1956932.06842 6
955584.068887 1956932.06842 6
955584.068887 1956932.06842 6
955584.068887 1956932.06842 6
955584.068887 1956932.06842 6
955584.068887 1956932.06842 6
955584.068887 1956932.06842 6
955584.06012 1956932.07956 6
955584.051354 1956932.0907 6
955584.024935 1956932.10194 6
955584.007342 1956932.11313 6
955583.980983 1956932.13546 6
955583.954565 1956932.14669 6
955583.928205 1956932.16902 6
955583.901846 1956932.19135 6
955583.857835 1956932.21378 6
955583.831476 1956932.23611 6
955583.805117 1956932.25844 6
955583.769991 1956932.29192 6
955583.734747 1956932.3032 6
955583.699621 1956932.33667 6
955583.655669 1956932.37019 6
955583.629251 1956932.38143 6
955583.576473 1956932.415 6
955583.541347 1956932.44847 6
955583.488629 1956932.49313 6
955583.444618 1956932.51556 6
955583.383133 1956932.57136 6
955583.330355 1956932.60493 6
955583.260044 1956932.66078 6
955583.1985 1956932.70549 6
955583.119363 1956932.76139 6
955583.057879 1956932.81719 6
955582.969856 1956932.86205 6
955582.899545 1956932.9179 6
955582.820349 1956932.9627 6
955582.732446 1956933.02974 6
955582.662075 1956933.0745 6
955582.582998 1956933.14149 6
955582.503861 1956933.19739 6
955582.424724 1956933.25329 6
955582.345588 1956933.30919 6
955582.266451 1956933.36509 6
955582.187314 1956933.42099 6
955582.117003 1956933.47684 6
955582.037866 1956933.53274 6
955581.967555 1956933.58859 6
955581.888419 1956933.64449 6
955581.818048 1956933.68924 6
955581.747738 1956933.74509 6
955581.677367 1956933.78985 6
955581.607056 1956933.8457 6
955581.536686 1956933.89046 6
955581.475142 1956933.93517 6
955581.404772 1956933.97993 6
955581.343227 1956934.02463 6
955581.281683 1956934.06934 6
955581.228965 1956934.11401 6
955581.158654 1956934.16986 6
955581.079458 1956934.21466 6
955581.009147 1956934.27051 6
955580.938777 1956934.31527 6
955580.85964 1956934.37117 6
955580.780503 1956934.42707 6
955580.69254 1956934.48301 6
955580.62223 1956934.53887 6
955580.534267 1956934.59481 6
955580.463896 1956934.63957 6
955580.384819 1956934.70656 6
955580.323275 1956934.75127 6
955580.244079 1956934.79608 6
955580.112224 1956934.89664 6
955580.050679 1956934.94135 6
955579.989076 1956934.97496 6
955579.918705 1956935.01972 6
955579.857221 1956935.07552 6
955579.804443 1956935.10909 6
955579.725306 1956935.16499 6
955579.663762 1956935.2097 6
955579.584625 1956935.2656 6
955579.514314 1956935.32145 6
955579.426352 1956935.37739 6
955579.338389 1956935.43334 6
955579.232893 1956935.51157 6
955579.136163 1956935.57866 6
955579.030608 1956935.64579 6
955578.925112 1956935.72402 6
955578.714061 1956935.86939 6
955578.617391 1956935.94757 6
955578.485417 1956936.02594 6
955578.388688 1956936.09303 6
955578.265599 1956936.18245 6
955578.16887 1956936.24954 6
955578.054608 1956936.33891 6
955577.949052 1956936.40605 6
955577.83473 1956936.48432 6
955577.73806 1956936.5625 6
955577.632565 1956936.64073 6
955577.518183 1956936.70792 6
955577.421513 1956936.7861 6
955577.316018 1956936.86433 6
955577.219348 1956936.94251 6
955577.113792 1956937.00965 6
955577.017123 1956937.08783 6
955576.911627 1956937.16606 6
955576.814957 1956937.24424 6
955576.709402 1956937.31138 6
955576.612732 1956937.38956 6
955576.507236 1956937.46779 6
955576.410566 1956937.54597 6
955576.296244 1956937.62425 6
955576.190748 1956937.70248 6
955576.094079 1956937.78066 6
955575.979816 1956937.87004 6
955575.87432 1956937.94826 6
955575.768824 1956938.02649 6
955575.654562 1956938.11587 6
955575.549007 1956938.183 6
955575.44363 1956938.28342 6
955575.346901 1956938.35051 6
955575.223812 1956938.43993 6
955575.135969 1956938.51806 6
955575.01288 1956938.60748 6
955574.925036 1956938.68562 6
955574.810774 1956938.77499 6
955574.705278 1956938.85322 6
955574.599782 1956938.93145 6
955574.494287 1956939.00968 6
955574.397676 1956939.09896 6
955574.29218 1956939.17719 6
955574.204277 1956939.24423 6
955574.098841 1956939.33355 6
955574.002171 1956939.41173 6
955573.914268 1956939.47878 6
955573.808832 1956939.5681 6
955573.729754 1956939.63509 6
955573.624259 1956939.71332 6
955573.545181 1956939.78032 6
955573.430919 1956939.86969 6
955573.342956 1956939.92563 6
955573.255172 1956940.01486 6
955573.158443 1956940.08195 6
955573.061832 1956940.17123 6
955572.973929 1956940.23827 6
955572.859607 1956940.31655 6
955572.771764 1956940.39468 6
955572.666268 1956940.47291 6
955572.569598 1956940.5511 6
955572.455336 1956940.64047 6
955572.358666 1956940.71865 6
955572.25323 1956940.80798 6
955572.138908 1956940.88625 6
955572.042238 1956940.96444 6
955571.936862 1956941.06485 6
955571.831306 1956941.13199 6
955571.717044 1956941.22136 6
955571.611608 1956941.31069 6
955571.48852 1956941.40011 6
955571.39185 1956941.47829 6
955571.268821 1956941.5788 6
955571.154499 1956941.65708 6
955571.040237 1956941.74645 6
955570.917149 1956941.83587 6
955570.802827 1956941.91415 6
955570.688624 1956942.01461 6
955570.574362 1956942.10399 6
955570.46004 1956942.18226 6
955570.354604 1956942.27159 6
955570.240282 1956942.34987 6
955570.12602 1956942.43924 6
955570.020584 1956942.52856 6
955569.915088 1956942.60679 6
955569.800826 1956942.69616 6
955569.704156 1956942.77435 6
955569.589894 1956942.86372 6
955569.50205 1956942.94185 6
955569.387847 1956943.04232 6
955569.299944 1956943.10936 6
955569.194508 1956943.19869 6
955569.106664 1956943.27682 6
955568.992402 1956943.36619 6
955568.904558 1956943.44433 6
955568.799122 1956943.53365 6
955568.702453 1956943.61184 6
955568.605783 1956943.69002 6
955568.509173 1956943.7793 6
955568.412503 1956943.85748 6
955568.307007 1956943.93571 6
955568.219164 1956944.01384 6
955568.113728 1956944.10317 6
955568.025824 1956944.17021 6
955567.920388 1956944.25953 6
955567.832545 1956944.33767 6
955567.718223 1956944.41595 6
955567.524884 1956944.57231 6
955567.428214 1956944.65049 6
955567.331544 1956944.72868 6
955567.234875 1956944.80686 6
955567.138205 1956944.88504 6
955567.050421 1956944.97427 6
955566.944866 1956945.04141 6
955566.857022 1956945.11954 6
955566.74276 1956945.20892 6
955566.654857 1956945.27596 6
955566.540595 1956945.36533 6
955566.452691 1956945.43237 6
955566.347196 1956945.5106 6
955566.250586 1956945.59988 6
955566.14503 1956945.66701 6
955566.030768 1956945.75638 6
955565.934039 1956945.82347 6
955565.810951 1956945.91289 6
955565.723048 1956945.97993 6
955565.608786 1956946.0693 6
955565.529709 1956946.1363 6
955565.415447 1956946.22567 6
955565.327484 1956946.28162 6
955565.213222 1956946.37099 6
955565.125319 1956946.43803 6
955565.010997 1956946.51631 6
955564.923094 1956946.58335 6
955564.808772 1956946.66162 6
955564.720929 1956946.73976 6
955564.615374 1956946.80689 6
955564.518644 1956946.87398 6
955564.430741 1956946.94102 6
955564.334012 1956947.00811 6
955564.254876 1956947.06401 6
955564.158147 1956947.1311 6
955564.07901 1956947.187 6
955563.982281 1956947.25409 6
955563.91197 1956947.30994 6
955563.815301 1956947.38812 6
955563.74499 1956947.44397 6
955563.657087 1956947.51101 6
955563.577951 1956947.56691 6
955563.490047 1956947.63395 6
955563.410851 1956947.67876 6
955563.322948 1956947.7458 6
955563.243812 1956947.8017 6
955563.155909 1956947.86874 6
955563.068006 1956947.93578 6
955562.980043 1956947.99172 6
955562.900907 1956948.04762 6
955562.813063 1956948.12576 6
955562.7251 1956948.18171 6
955562.637197 1956948.24875 6
955562.549235 1956948.30469 6
955562.470217 1956948.38278 6
955562.382195 1956948.42763 6
955562.303118 1956948.49463 6
955562.215215 1956948.56167 6
955562.136078 1956948.61757 6
955562.048175 1956948.68461 6
955561.969039 1956948.74051 6
955561.87231 1956948.80759 6
955561.793173 1956948.86349 6
955561.70527 1956948.93053 6
955561.626134 1956948.98643 6
955561.529405 1956949.05352 6
955561.459094 1956949.10937 6
955561.362365 1956949.17646 6
955561.292054 1956949.23231 6
955561.204151 1956949.29935 6
955561.125074 1956949.36635 6
955561.037171 1956949.43339 6
955560.958035 1956949.48929 6
955560.878958 1956949.55628 6
955560.799821 1956949.61218 6
955560.711918 1956949.67922 6
955560.632782 1956949.73512 6
955560.544879 1956949.80216 6
955560.465802 1956949.86915 6
955560.386665 1956949.92505 6
955560.307529 1956949.98095 6
955560.228452 1956950.04794 6
955560.158141 1956950.1038 6
955560.070238 1956950.17084 6
955560.008694 1956950.21555 6
955559.929558 1956950.27145 6
955559.876839 1956950.31611 6
955559.806469 1956950.36086 6
955559.753751 1956950.40553 6
955559.692207 1956950.45024 6
955559.648256 1956950.48376 6
955559.595538 1956950.52842 6
955559.560353 1956950.5508 6
955559.516401 1956950.58432 6
955559.481216 1956950.6067 6
955559.446091 1956950.64017 6
955559.419732 1956950.6625 6
955559.384487 1956950.67379 6
955559.366954 1956950.69607 6
955558.7675 1956950.83242 6
955558.7675 1956950.83242 6
955558.7675 1956950.83242 6
955558.7675 1956950.83242 6
955558.7675 1956950.83242 6
955558.7675 1956950.83242 6
955558.7675 1956950.83242 6
955558.758674 1956950.83247 6
955558.7675 1956950.83242 6
955558.7675 1956950.83242 6
955558.758674 1956950.83247 6
955558.7675 1956950.83242 6
955558.758674 1956950.83247 6
955558.758674 1956950.83247 6
955558.7675 1956950.83242 6
955558.758674 1956950.83247 6
955558.758674 1956950.83247 6
955558.758734 1956950.84357 6
955558.749908 1956950.84361 6
955558.741141 1956950.85475 6
955558.741141 1956950.85475 6
955558.723549 1956950.86594 6
955558.714782 1956950.87709 6
955558.69719 1956950.88827 6
955558.679657 1956950.91056 6
955558.662064 1956950.92175 6
955558.635705 1956950.94408 6
955558.609346 1956950.96641 6
955558.574161 1956950.98879 6
955558.547862 1956951.02221 6
955558.50391 1956951.05574 6
955558.459959 1956951.08926 6
955558.407241 1956951.13392 6
955558.354523 1956951.17858 6
955558.301805 1956951.22324 6
955558.240261 1956951.26795 6
955558.16995 1956951.3238 6
955558.108466 1956951.37961 6
955558.038155 1956951.43546 6
955557.967845 1956951.49131 6
955557.888768 1956951.55831 6
955557.809631 1956951.6142 6
955557.748147 1956951.67001 6
955557.660244 1956951.73705 6
955557.598759 1956951.79285 6
955557.519623 1956951.84875 6
955557.449312 1956951.9046 6
955557.387828 1956951.96041 6
955557.308691 1956952.01631 6
955557.247207 1956952.07211 6
955557.16807 1956952.12801 6
955557.106586 1956952.18382 6
955557.018623 1956952.23976 6
955556.948372 1956952.30671 6
955556.869236 1956952.36261 6
955556.798925 1956952.41846 6
955556.702197 1956952.48555 6
955556.62312 1956952.55254 6
955556.535217 1956952.61958 6
955556.447314 1956952.68662 6
955556.350644 1956952.7648 6
955556.253856 1956952.8208 6
955556.174838 1956952.89889 6
955556.078109 1956952.96597 6
955555.990266 1956953.04411 6
955555.893537 1956953.1112 6
955555.805634 1956953.17824 6
955555.708905 1956953.24533 6
955555.621002 1956953.31237 6
955555.515507 1956953.3906 6
955555.418718 1956953.44659 7
955555.322108 1956953.53587 7
955555.225379 1956953.60296 7
955555.12865 1956953.67005 7
955555.031981 1956953.74823 7
955554.917659 1956953.82651 7
955554.82093 1956953.8936 7
955554.715435 1956953.97183 7
955554.60988 1956954.03896 7
955554.504385 1956954.11719 7
955554.407715 1956954.19537 7
955554.293334 1956954.26256 7
955554.196665 1956954.34074 7
955554.082284 1956954.40792 7
955553.871234 1956954.55329 7
955553.756853 1956954.62047 7
955553.651238 1956954.67651 7
955553.536857 1956954.7437 7
955553.431243 1956954.79974 7
955553.316802 1956954.85583 7
955553.211188 1956954.91187 7
955553.105574 1956954.96791 7
955552.991133 1956955.024 7
955552.876633 1956955.06899 7
955552.770959 1956955.11394 7
955552.656459 1956955.15893 7
955552.550785 1956955.20388 7
955552.427459 1956955.24892 7
955552.312959 1956955.29391 7
955552.1984 1956955.32781 7
955552.075074 1956955.37285 7
955551.960515 1956955.40675 7
955551.83707 1956955.4296 7
955551.704918 1956955.47469 7
955551.590299 1956955.4975 7
955551.466913 1956955.53144 7
955551.343468 1956955.55429 7
955551.202431 1956955.58834 7
955551.078926 1956955.60009 7
955550.946596 1956955.6119 7
955550.823151 1956955.63475 7
955550.673169 1956955.64665 7
955550.549605 1956955.64731 7
955550.399682 1956955.67031 7
955550.267292 1956955.67102 7
955550.126135 1956955.68287 7
955549.976093 1956955.68367 7
955549.834937 1956955.69553 7
955549.693661 1956955.68519 7
955549.561212 1956955.67481 7
955549.402284 1956955.66456 7
955549.261009 1956955.65423 7
955549.102081 1956955.64398 7
955548.969572 1956955.6225 7
955548.810645 1956955.61226 7
955548.660424 1956955.57978 7
955548.501437 1956955.55845 7
955548.360042 1956955.52592 7
955548.201055 1956955.50458 7
955548.050835 1956955.4721 7
955547.891788 1956955.43967 7
955547.750394 1956955.40715 7
955547.600173 1956955.37467 7
955547.449893 1956955.3311 7
955547.308499 1956955.29857 7
955547.158218 1956955.255 7
955547.02565 1956955.22242 7
955546.87537 1956955.17885 7
955546.733916 1956955.13523 7
955546.592402 1956955.08051 7
955546.450888 1956955.0258 7
955546.309375 1956954.97108 7
955546.167861 1956954.91637 7
955546.035174 1956954.8616 7
955545.8936 1956954.79579 7
955545.778505 1956954.72984 7
955545.645699 1956954.65289 7
955545.530604 1956954.58694 7
955545.397737 1956954.49889 7
955545.300235 1956954.42175 7
955545.158483 1956954.32266 7
955545.052154 1956954.24556 7
955544.919228 1956954.14642 7
955544.804074 1956954.06938 7
955544.68886 1956953.98124 7
955544.56476 1956953.88205 7
955544.449486 1956953.78281 7
955544.334212 1956953.68358 7
955544.210113 1956953.58439 7
955544.086013 1956953.4852 7
955543.961913 1956953.38601 7
955543.84658 1956953.27568 7
955543.740132 1956953.1764 7
955543.624858 1956953.07716 7
955543.509465 1956952.95574 7
955543.403018 1956952.85645 7
955543.287625 1956952.73503 7
955543.172291 1956952.6247 7
955543.074491 1956952.49208 7
955542.959158 1956952.38175 7
955542.861417 1956952.26024 7
955542.763676 1956952.13872 7
955542.665935 1956952.0172 7
955542.559368 1956951.89572 7
955542.470394 1956951.76306 7
955542.372713 1956951.65264 7
955542.274912 1956951.52002 7
955542.177231 1956951.4096 7
955542.088197 1956951.26584 7
955541.990516 1956951.15542 7
955541.901601 1956951.03385 8
955541.812686 1956950.91228 8
955541.706 1956950.76862 8
955541.617085 1956950.64706 8
955541.52817 1956950.52549 8
955541.43037 1956950.39288 8
955541.341395 1956950.26021 8
955541.234829 1956950.13874 8
955541.137028 1956950.00613 8
955541.039228 1956949.87351 8
955540.950372 1956949.76304 8
955540.843746 1956949.63047 8
955540.763717 1956949.51995 8
955540.65709 1956949.38739 8
955540.577061 1956949.27687 8
955540.461608 1956949.14435 8
955540.381579 1956949.03383 8
955540.266067 1956948.89022 8
955540.194923 1956948.79074 8
955540.097123 1956948.65813 8
955540.026038 1956948.56975 8
955539.937064 1956948.43709 8
955539.857094 1956948.33766 8
955539.777005 1956948.21605 8
955539.68809 1956948.09448 8
955539.599175 1956947.97292 8
955539.519146 1956947.8624 8
955539.430231 1956947.74083 8
955539.341316 1956947.61926 8
955539.252401 1956947.4977 8
955539.163546 1956947.38722 8
955539.07469 1956947.27675 8
955538.976949 1956947.15523 8
955538.879208 1956947.03371 8
955538.781467 1956946.91219 8
955538.692612 1956946.80172 8
955538.594871 1956946.6802 8
955538.514842 1956946.56968 8
955538.425927 1956946.44812 8
955538.337071 1956946.33764 8
955538.239271 1956946.20503 8
955538.14153 1956946.08351 8
955538.052615 1956945.96194 8
955537.954874 1956945.84042 8
955537.857133 1956945.7189 8
955537.776984 1956945.5862 8
955537.670417 1956945.46472 8
955537.572617 1956945.33211 8
955537.46599 1956945.19954 8
955537.377135 1956945.08907 8
955537.270508 1956944.9565 8
955537.181593 1956944.83494 8
955537.083852 1956944.71342 8
955536.986052 1956944.5808 8
955536.897137 1956944.45924 8
955536.79057 1956944.33777 8
955536.683943 1956944.2052 8
955536.586142 1956944.07258 8
955536.488401 1956943.95106 8
955536.39066 1956943.82955 8
955536.301745 1956943.70798 8
955536.204004 1956943.58646 8
955536.097437 1956943.46499 8
955536.008582 1956943.35452 8
955535.910781 1956943.2219 8
955535.8131 1956943.11148 8
955535.724185 1956942.98991 8
955535.626444 1956942.86839 8
955535.528643 1956942.73578 8
955535.422076 1956942.6143 8
955535.333101 1956942.48164 8
955535.226534 1956942.36017 8
955535.128734 1956942.22756 8
955535.031052 1956942.11713 8
955534.942137 1956941.99556 8
955534.853281 1956941.88509 8
955534.764366 1956941.76353 8
955534.666625 1956941.64201 8
955534.568825 1956941.50939 8
955534.462198 1956941.37683 8
955534.364457 1956941.25531 8
955534.257771 1956941.11165 8
955534.15997 1956940.97903 8
955534.053343 1956940.84646 8
955533.955543 1956940.71385 8
955533.848857 1956940.57019 8
955533.750996 1956940.42648 8
955533.635484 1956940.28287 8
955533.537684 1956940.15025 8
955533.430938 1956939.9955 8
955533.324252 1956939.85184 8
955533.226451 1956939.71922 8
955533.110879 1956939.56451 8
955533.004193 1956939.42085 8
955532.888621 1956939.26614 8
955532.790701 1956939.11134 8
955532.666304 1956938.95668 8
955532.559617 1956938.81302 8
955532.452871 1956938.65826 8
955532.337359 1956938.51465 8
955532.221787 1956938.35994 8
955532.115101 1956938.21628 8
955531.999589 1956938.07267 8
955531.892962 1956937.9401 8
955531.786276 1956937.79644 8
955531.661878 1956937.64178 8
955531.555251 1956937.50921 8
955531.448505 1956937.35445 8
955531.341938 1956937.23298 8
955531.235252 1956937.08932 8
955531.137451 1956936.95671 8
955531.030884 1956936.83524 8
955530.924198 1956936.69157 8
955530.826456 1956936.57006 8
955530.710944 1956936.42644 8
955530.622029 1956936.30487 8
955530.506517 1956936.16126 8
955530.417601 1956936.03969 8
955530.31986 1956935.91817 8
955530.222119 1956935.79666 8
955530.133204 1956935.67509 8
955530.035463 1956935.55357 8
955529.946547 1956935.432 8
955529.866518 1956935.32148 8
955529.777662 1956935.21101 8
955529.706399 1956935.08935 8
955529.617603 1956934.98997 8
955529.537573 1956934.87945 8
955529.466429 1956934.77998 8
955529.386459 1956934.68056 8
955529.315374 1956934.59218 8
955529.24423 1956934.49271 8
955529.182031 1956934.41537 8
955529.128599 1956934.3269 8
955529.075226 1956934.24952 8
955529.013027 1956934.17219 8
955528.96854 1956934.10586 8
955528.915226 1956934.03958 8
955528.861913 1956933.9733 8
955528.772938 1956933.84064 8
955528.719684 1956933.78545 8
955528.684082 1956933.73016 8
955528.64848 1956933.67488 8
955528.64848 1956933.67488 8
955528.657425 1956933.69702 8
955528.657425 1956933.69702 8
955528.64848 1956933.67488 8
955528.657366 1956933.68593 8
955528.657425 1956933.69702 8
955528.657425 1956933.69702 8
955528.657425 1956933.69702 8
955528.657366 1956933.68593 8
955528.657366 1956933.68593 8
955528.657366 1956933.68593 8
955528.657366 1956933.68593 8
