955582.456329 1956937.50247 12
955582.456329 1956937.50247 12
955582.456329 1956937.50247 12
955582.447503 1956937.50251 12
955582.456329 1956937.50247 12
955582.456329 1956937.50247 12
955582.447503 1956937.50251 12
955582.456389 1956937.51356 12
955582.456329 1956937.50247 12
955582.456329 1956937.50247 12
955582.456329 1956937.50247 12
955582.456329 1956937.50247 12
955582.456329 1956937.50247 12
955582.456329 1956937.50247 12
955582.456329 1956937.50247 12
955582.456329 1956937.50247 12
955582.456329 1956937.50247 12
955582.447503 1956937.50251 12
955582.447503 1956937.50251 12
955582.456329 1956937.50247 12
955582.456329 1956937.50247 12
955582.447503 1956937.50251 12
955582.447563 1956937.51361 12
955582.429911 1956937.5137 12
955582.421204 1956937.53594 12
955582.394844 1956937.55827 12
955582.377252 1956937.56946 12
955582.3333 1956937.60298 12
955582.289349 1956937.6365 12
955582.245337 1956937.65893 12
955582.201445 1956937.70354 12
955582.139901 1956937.74825 12
955582.087123 1956937.78182 12
955582.034405 1956937.82648 12
955581.972861 1956937.87119 12
955581.911317 1956937.9159 12
955581.849832 1956937.9717 12
955581.779521 1956938.02756 12
955581.718036 1956938.08336 12
955581.647666 1956938.12812 12
955581.586181 1956938.18392 12
955581.507104 1956938.25091 12
955581.436734 1956938.29567 12
955581.357657 1956938.36266 12
955581.27852 1956938.41856 12
955581.199442 1956938.48556 12
955581.120365 1956938.55255 12
955581.032462 1956938.61959 12
955580.962151 1956938.67544 12
955580.812763 1956938.79829 12
955580.724919 1956938.87642 12
955580.654549 1956938.92118 12
955580.575472 1956938.98817 12
955580.50522 1956939.05512 12
955580.417317 1956939.12216 12
955580.355832 1956939.17796 12
955580.26787 1956939.23391 12
955580.197618 1956939.30085 12
955580.109715 1956939.3679 12
955580.039404 1956939.42375 12
955579.960327 1956939.49074 12
955579.88125 1956939.55773 12
955579.802172 1956939.62473 12
955579.731862 1956939.68058 12
955579.652725 1956939.73648 12
955579.582474 1956939.80342 12
955579.503337 1956939.85932 12
955579.424319 1956939.93741 12
955579.336356 1956939.99336 12
955579.257339 1956940.07144 12
955579.169435 1956940.13848 12
955579.081592 1956940.21662 12
955578.993748 1956940.29475 12
955578.897078 1956940.37294 12
955578.809234 1956940.45107 12
955578.712624 1956940.54035 12
955578.615954 1956940.61853 12
955578.519225 1956940.68562 12
955578.422555 1956940.7638 12
955578.334711 1956940.84194 12
955578.229215 1956940.92017 12
955578.141312 1956940.98721 12
955578.053468 1956941.06534 12
955577.965565 1956941.13238 12
955577.860069 1956941.21061 12
955577.781051 1956941.2887 12
955577.578886 1956941.44512 12
955577.464564 1956941.52339 12
955577.367894 1956941.60158 12
955577.253632 1956941.69095 12
955577.165788 1956941.76908 12
955577.051466 1956941.84736 12
955576.945971 1956941.92559 12
955576.849301 1956942.00377 12
955576.743805 1956942.082 12
955576.629483 1956942.16028 12
955576.532813 1956942.23846 12
955576.418551 1956942.32783 12
955576.313055 1956942.40606 12
955576.198793 1956942.49544 12
955576.093297 1956942.57367 12
955575.961383 1956942.66313 12
955575.864713 1956942.74131 12
955575.732858 1956942.84188 12
955575.636189 1956942.92006 12
955575.495508 1956943.02067 12
955575.390012 1956943.0989 12
955575.249331 1956943.1995 12
955575.143835 1956943.27773 12
955575.003273 1956943.40053 12
955574.889011 1956943.4899 12
955574.74839 1956943.60161 12
955574.616416 1956943.67998 12
955574.475795 1956943.79168 12
955574.361532 1956943.88105 12
955574.220911 1956943.99276 12
955574.106649 1956944.08213 12
955573.98362 1956944.18264 12
955573.860532 1956944.27206 12
955573.737444 1956944.36148 12
955573.632007 1956944.45081 12
955573.500152 1956944.55137 12
955573.394657 1956944.6296 12
955573.280395 1956944.71897 12
955573.157306 1956944.80839 12
955573.05187 1956944.89771 12
955572.946434 1956944.98704 12
955572.832112 1956945.06531 12
955572.726676 1956945.15464 12
955572.62118 1956945.23287 12
955572.506918 1956945.32224 12
955572.401482 1956945.41156 12
955572.28716 1956945.48984 12
955572.172898 1956945.57921 12
955572.067402 1956945.65744 12
955571.962025 1956945.75786 12
955571.847704 1956945.83614 12
955571.724615 1956945.92556 12
955571.61912 1956946.00379 12
955571.504858 1956946.09316 12
955571.390536 1956946.17144 12
955571.276274 1956946.26081 12
955571.170837 1956946.35014 12
955571.047749 1956946.43955 12
955570.942254 1956946.51778 12
955570.819106 1956946.59611 12
955570.71361 1956946.67434 12
955570.590522 1956946.76376 12
955570.493852 1956946.84194 12
955570.379531 1956946.92022 12
955570.265209 1956946.9985 12
955570.159713 1956947.07673 12
955570.045392 1956947.155 12
955569.922303 1956947.24442 12
955569.825634 1956947.3226 12
955569.69372 1956947.41207 12
955569.579457 1956947.50144 12
955569.447543 1956947.59091 12
955569.333281 1956947.68028 12
955569.1926 1956947.78089 12
955569.078338 1956947.87026 12
955568.946543 1956947.98192 12
955568.814629 1956948.07138 12
955568.682774 1956948.17195 12
955568.559746 1956948.27246 12
955568.410239 1956948.37312 12
955568.278384 1956948.47368 12
955568.146589 1956948.58533 12
955568.023441 1956948.66366 12
955567.88282 1956948.77536 12
955567.768558 1956948.86473 12
955567.627937 1956948.97644 12
955567.513615 1956949.05471 12
955567.372994 1956949.16642 12
955567.267499 1956949.24465 12
955567.118051 1956949.3564 12
955567.003789 1956949.44577 12
955566.863109 1956949.54638 12
955566.740021 1956949.6358 12
955566.608166 1956949.73636 12
955566.476252 1956949.82582 12
955566.344338 1956949.91529 12
955566.212424 1956950.00476 12
955566.089395 1956950.10527 12
955565.95754 1956950.20583 12
955565.834393 1956950.28416 12
955565.693712 1956950.38477 12
955565.561798 1956950.47423 12
955565.429944 1956950.57479 12
955565.306855 1956950.66421 12
955565.166175 1956950.76482 12
955565.051853 1956950.8431 12
955564.911232 1956950.9548 12
955564.796911 1956951.03308 12
955564.65623 1956951.13369 12
955564.533142 1956951.22311 12
955564.392461 1956951.32372 12
955564.286966 1956951.40195 12
955564.137519 1956951.5137 12
955564.023197 1956951.59197 12
955563.891343 1956951.69254 12
955563.759488 1956951.7931 12
955563.636341 1956951.87142 12
955563.522138 1956951.97189 12
955563.390224 1956952.06135 12
955563.275903 1956952.13963 12
955563.152874 1956952.24015 12
955563.012193 1956952.34075 12
955562.906638 1956952.40789 12
955562.766077 1956952.53069 12
955562.660581 1956952.60892 12
955562.519901 1956952.70953 12
955562.423231 1956952.78771 12
955562.291377 1956952.88827 12
955562.194648 1956952.95536 12
955562.071619 1956953.05587 12
955561.983657 1956953.11182 12
955561.860569 1956953.20124 12
955561.781432 1956953.25714 12
955561.667111 1956953.33541 12
955561.5968 1956953.39127 12
955561.500012 1956953.44726 12
955561.420875 1956953.50316 12
955561.350565 1956953.55901 12
955561.271428 1956953.61491 12
955561.209825 1956953.64852 12
955561.139514 1956953.70438 12
955561.095563 1956953.7379 12
955561.025133 1956953.77156 12
955560.981182 1956953.80508 12
955560.93723 1956953.8386 12
955560.893219 1956953.86103 12
955560.858094 1956953.8945 12
955560.822909 1956953.91688 12
