955535.419273 1956922.35503 1
955535.419273 1956922.35503 1
955535.419273 1956922.35503 1
955535.419273 1956922.35503 1
955535.419273 1956922.35503 1
955535.419273 1956922.35503 1
955535.419273 1956922.35503 1
955535.419273 1956922.35503 1
955535.419273 1956922.35503 1
955535.419273 1956922.35503 1
955535.419273 1956922.35503 1
955535.419273 1956922.35503 1
955535.419273 1956922.35503 1
955535.428099 1956922.35498 1
955535.436865 1956922.34384 1
955535.436865 1956922.34384 1
955535.445632 1956922.3327 1
955535.463224 1956922.32151 1
955535.471991 1956922.31036 1
955535.480817 1956922.31032 1
955535.49835 1956922.28803 1
955535.515942 1956922.27684 1
955535.542301 1956922.25451 1
955535.56872 1956922.24328 1
955535.603905 1956922.2209 1
955535.639031 1956922.18742 1
955535.674156 1956922.15395 1
955535.718108 1956922.12043 1
955535.762059 1956922.08691 1
955535.814777 1956922.04225 1
955535.867555 1956922.00868 1
955535.929039 1956921.95287 1
955535.981757 1956921.90821 1
955536.043361 1956921.8746 1
955536.09602 1956921.81884 1
955536.157564 1956921.77413 1
955536.210282 1956921.72947 1
955536.271826 1956921.68476 1
955536.33331 1956921.62895 1
955536.386029 1956921.58429 1
955536.447573 1956921.53958 1
955536.509117 1956921.49487 1
955536.561835 1956921.45021 1
955536.623379 1956921.4055 1
955536.676037 1956921.34974 1
955536.737582 1956921.30503 1
955536.799126 1956921.26032 1
955536.86061 1956921.20452 1
955536.913328 1956921.15985 1
955536.983699 1956921.1151 1
955537.045183 1956921.05929 1
955537.115494 1956921.00344 1
955537.177038 1956920.95873 1
955537.247348 1956920.90288 1
955537.308833 1956920.84707 1
955537.379144 1956920.79122 1
955537.440688 1956920.74651 1
955537.510998 1956920.69066 1
955537.581309 1956920.63481 1
955537.651679 1956920.59005 1
955537.713104 1956920.52315 1
955537.783415 1956920.4673 1
955537.862552 1956920.4114 1
955537.924036 1956920.3556 1
955538.003173 1956920.2997 1
955538.082309 1956920.2438 1
955538.152561 1956920.17685 1
955538.222871 1956920.121 1
955538.302008 1956920.0651 1
955538.381085 1956919.99811 1
955538.451396 1956919.94226 1
955538.530532 1956919.88636 1
955538.600843 1956919.83051 1
955538.67992 1956919.76351 1
955538.759116 1956919.71871 1
955538.838193 1956919.65171 1
955538.908564 1956919.60696 1
955538.987581 1956919.52887 1
955539.057951 1956919.48411 1
955539.137029 1956919.41712 1
955539.207339 1956919.36127 1
955539.286416 1956919.29427 1
955539.356786 1956919.24951 1
955539.515 1956919.12662 1
955539.602904 1956919.05958 1
955539.664388 1956919.00378 1
955539.743465 1956918.93678 1
955539.804831 1956918.85879 1
955539.883968 1956918.80289 1
955539.936567 1956918.73604 1
955540.006877 1956918.68019 1
955540.068302 1956918.61329 1
955540.120901 1956918.54644 1
955540.1735 1956918.47958 1
955540.226099 1956918.41273 1
955540.269872 1956918.34593 1
955540.322472 1956918.27908 1
955540.366245 1956918.21227 1
955540.418784 1956918.13433 1
955540.462617 1956918.07862 1
955540.50633 1956918.00072 1
955540.550103 1956917.93391 1
955540.584991 1956917.85606 1
955540.628764 1956917.78926 1
955540.672537 1956917.72245 1
955540.707424 1956917.6446 1
955540.751138 1956917.5667 1
955540.786085 1956917.49995 1
955540.820972 1956917.42209 1
955540.847093 1956917.35538 1
955540.88198 1956917.27753 1
955540.916868 1956917.19968 1
955540.977876 1956917.05512 1
955541.003938 1956916.97732 1
955541.021233 1956916.91065 1
955541.05618 1956916.8439 1
955541.073415 1956916.76614 1
955541.099536 1956916.69943 1
955541.125657 1956916.63272 1
955541.134066 1956916.55501 1
955541.151301 1956916.47725 1
955541.168477 1956916.3884 1
955541.185713 1956916.31065 1
955541.202889 1956916.2218 1
955541.220124 1956916.14404 1
955541.228474 1956916.05523 1
955541.236824 1956915.96643 1
955541.245233 1956915.88872 1
955541.253583 1956915.79992 1
955541.261932 1956915.71111 1
955541.270342 1956915.6334 1
955541.269866 1956915.54465 1
955541.278275 1956915.46694 1
955541.277858 1956915.38928 1
955541.277442 1956915.31161 1
955541.268199 1956915.234 1
955541.276608 1956915.15629 1
955541.267365 1956915.07867 1
955541.275775 1956915.00096 1
955541.257765 1956914.93449 1
955541.257349 1956914.85683 1
955541.256932 1956914.77917 1
955541.256515 1956914.70151 1
955541.247273 1956914.62389 1
955541.246796 1956914.53513 1
955541.237494 1956914.44643 1
955541.228132 1956914.34662 1
955541.21883 1956914.25791 1
955541.218294 1956914.15806 1
955541.200166 1956914.0694 1
955541.19969 1956913.98064 1
955541.190447 1956913.90303 1
955541.189911 1956913.80318 1
955541.171842 1956913.72561 1
955541.171366 1956913.63685 1
955541.162123 1956913.55924 1
955541.144055 1956913.48167 1
955541.143697 1956913.4151 1
955541.125688 1956913.34863 1
955541.12539 1956913.29316 1
955541.125093 1956913.23768 1
955541.116029 1956913.19335 1
955541.115791 1956913.14897 1
955541.106845 1956913.12683 1
955541.106667 1956913.09355 1
955541.106548 1956913.07136 1
955541.097662 1956913.06031 1
955541.097603 1956913.04922 1
955541.097543 1956913.03812 1
955541.097543 1956913.03812 1
955541.097543 1956913.03812 1
955541.097603 1956913.04922 1
955541.097603 1956913.04922 1
955541.097603 1956913.04922 1
955541.097603 1956913.04922 1
955541.097603 1956913.04922 1
955541.097662 1956913.06031 1
955541.097603 1956913.04922 1
955541.106429 1956913.04917 1
955541.097603 1956913.04922 1
955541.097603 1956913.04922 1
955541.097662 1956913.06031 1
955541.097603 1956913.04922 1