935626.475088659 1916017.66315425
935627.141445642 1916019.01530994
935627.808817913 1916020.36648205
935628.879395873 1916022.51680505
935630.13414775 1916024.96795713
935631.488594647 1916027.62562737
935632.847023466 1916030.28436045
935632.860587936 1916030.31156728
935634.190603177 1916032.9338609
935635.523887397 1916035.60219241
935636.506621004 1916037.5551825
935637.814808158 1916040.23011409
935637.896131608 1916040.39735285
935639.192008537 1916043.09208325
935639.90040817 1916044.5668685
935640.57246072 1916045.93810884
935641.50355715 1916047.9322677
935642.435653018 1916049.92644242
935643.265136055 1916051.77203514
935644.095634373 1916053.61664427
935645.130781382 1916056.23626324
935646.165928374 1916058.85588223
935646.889536172 1916060.82175964
935647.612144516 1916062.78762122
935648.335752295 1916064.75349865
935649.060082256 1916067.11526739
935649.786395247 1916069.47806726
935650.469606646 1916071.91116236
935651.153801626 1916074.34527276
935651.532343215 1916076.13273272
935651.910868949 1916077.92119214
935652.212544323 1916079.5124928
935652.514219687 1916081.10379345
935652.832163388 1916083.81301278
935653.151106509 1916086.52224796
935653.308064222 1916088.66608616
935653.466037209 1916090.80894076
935653.62299489 1916092.95277896
935653.690865903 1916095.41910665
935653.758752735 1916097.8844349
935653.82663955 1916100.34976314
