935494.678429921 1915766.51365723
935495.232134315 1915769.23360966
935495.908180835 1915772.56031745
935496.829854513 1915775.96889501
935498.101234691 1915779.20007144
935499.164657265 1915781.99108437
935500.409041345 1915784.71798614
935501.648570762 1915787.4358137
935501.905804887 1915787.98372581
935503.168606675 1915790.68392777
935504.431424291 1915793.38313031
935504.649550561 1915793.81245838
935506.005045838 1915796.46714397
935507.361556385 1915799.12084599
935508.327489225 1915800.99859093
935509.69396251 1915803.6544503
935509.802716026 1915803.85711309
935511.207564262 1915806.48858837
935512.61242832 1915809.11906423
935513.006604969 1915809.79410909
935513.021153056 1915809.82233118
935513.390676269 1915810.47599164
935514.00316928 1915811.56837126
935514.487363461 1915812.42978679
935514.885841635 1915813.21186732
935515.375525526 1915814.10536014
935516.081336774 1915815.42814939
935516.453652364 1915816.09485017
935516.658736927 1915816.46398979
935516.688816704 1915816.52144927
935517.130541698 1915817.35020135
935517.494513191 1915818.03876318
935517.675832869 1915818.39353035
935517.931336013 1915818.86143938
935518.546923765 1915820.01085077
935518.799650367 1915820.46472005
935519.043017585 1915820.94143398
935519.492674763 1915821.77431059
935519.921088742 1915822.55986476
935520.551636474 1915823.71151269
935520.641018938 1915823.87488028
935521.048888158 1915824.6321173
935521.137255333 1915824.7964685
935521.382874918 1915825.257223
935521.810099339 1915826.05475468
935522.010457362 1915826.46980541
935522.119845938 1915826.69547128
935522.380298771 1915827.16645788
935522.760896437 1915827.87827629
935523.018034082 1915828.36920426
935523.468437211 1915829.21808786
935524.170218951 1915830.5428127
935524.470175677 1915831.10739723
935524.679845551 1915831.50260164
935525.120539388 1915832.33333681
935525.475737646 1915833.00776387
935525.744805258 1915833.50287974
935526.009859246 1915833.99893168
935526.274929078 1915834.49398418
935526.451631738 1915834.82468548
935526.554483624 1915835.02125656
935526.729155707 1915835.35392506
935526.837814156 1915835.56258454
935527.182509629 1915836.20585454
935527.368921573 1915836.55470428
935527.713632889 1915837.19697484
935527.890335546 1915837.52767614
935528.192354521 1915838.08829458
935528.527324866 1915838.7144156
935528.919551475 1915839.44941139
935529.1350279 1915839.85670421
935529.66413642 1915840.84879228
935529.839839628 1915841.17947774
935530.02052422 1915841.51124186
935530.199257449 1915841.83997596
935530.495358961 1915842.39550214
935531.201170127 1915843.71829152
935531.489466187 1915844.26169762
935531.853611905 1915844.93926562
935532.559423062 1915846.26205502
935533.138902612 1915847.35591087
935533.843714316 1915848.67868443
935534.328179118 1915849.58609039
935534.636052166 1915850.15579892
935535.341863306 1915851.47858834
935535.915710554 1915852.54936192
935535.924483763 1915852.56349673
935536.46699831 1915853.59278611
935537.17280944 1915854.91557555
935537.455552409 1915855.43090215
935537.698824534 1915855.91361281
935538.404635659 1915857.23640225
935538.690345276 1915857.75377528
935538.995394247 1915858.3124424
935539.701205362 1915859.63523186
935539.944429958 1915860.12094086
935540.451707701 1915861.03970513
935541.157518811 1915862.36249461
935541.59597606 1915863.20818986
935541.842658421 1915863.66496249
935542.548469521 1915864.98775197
935542.772671605 1915865.41217798
935543.226294795 1915866.24711699
935543.932105888 1915867.56990648
935544.379510607 1915868.41874267
935544.676326364 1915868.99227475
935545.38213745 1915870.31506426
935545.830144182 1915871.12592154
935545.992013563 1915871.44639079
935546.149408523 1915871.73379914
935546.854220156 1915873.05657282
935547.134837471 1915873.57986333
935547.537772752 1915874.33302349
935548.243583819 1915875.65581302
935548.408815914 1915875.95334257
935548.806532168 1915876.72041575
935549.487070577 1915877.99781836
935549.748554487 1915878.46682199
935549.928239606 1915878.79857032
935550.173700707 1915879.26931936
935550.749182395 1915880.36311197
935551.031798593 1915880.88643418
935551.143391983 1915881.09913899
935551.406161862 1915881.61314935
935551.935777252 1915882.57325532
935552.210714738 1915883.07646189
935552.426555504 1915883.46076754
935553.01739324 1915884.53181057
935553.325218716 1915885.10451751
935553.526940509 1915885.49659692
935553.959572596 1915886.20524152
935554.275377787 1915886.77907465
935554.58599564 1915887.36482191
935554.812164909 1915887.79127853
935554.884952849 1915887.9293907
935555.011268585 1915888.15932374
935556.37447368 1915890.83212696
935556.779726029 1915891.62831083
935557.740505968 1915894.39870346
935558.36063217 1915897.09071841
935558.252975829 1915899.21536583
935557.730624899 1915901.13949864
935556.487072003 1915903.09018777
935554.763137248 1915905.13723051
935553.082022508 1915906.56414063
935552.840001073 1915906.69626291
935552.61614392 1915906.81767647
935551.223552912 1915907.57536485
935551.097497443 1915907.64434511
935550.577221068 1915907.92401046
935549.958127724 1915908.25709269
935548.903471849 1915908.82319769
935548.647410658 1915908.95809651
935547.321717759 1915909.65786323
935545.997960385 1915910.36165941
935545.334606297 1915910.71203457
935544.671268051 1915911.06141028
935544.008881723 1915911.41380017
935543.347494841 1915911.7662059
935542.685156043 1915912.11559745
935542.021817802 1915912.46497315
935541.358416191 1915912.81834663
935540.698044603 1915913.16976875
935539.984338042 1915913.54333844
935538.660564846 1915914.24813403
935537.33293646 1915914.94387125
935536.009163273 1915915.64866683
935534.681534895 1915916.34440402
935534.09777069 1915916.65605293
935533.433353803 1915917.01041
935532.774965275 1915917.36286323
935532.111642889 1915917.71123947
935531.447321062 1915918.05959986
935531.37169729 1915918.10038834
935530.58081303 1915918.54971123
935529.805047187 1915918.99127619
935529.470031201 1915919.18790429
935528.897642477 1915919.53872165
935528.450404831 1915919.81454625
935528.025679134 1915920.12071858
935527.495680365 1915920.50919665
935527.096892713 1915920.81877923
935526.69260087 1915921.16026483
935526.244033781 1915921.58302368
935525.845724114 1915921.98858467
935525.292678792 1915922.56963876
935524.981224434 1915922.91959385
935524.541845164 1915923.4564637
935524.313772496 1915923.78074873
935523.981031481 1915924.27532233
935523.725880092 1915924.66815714
935523.489640293 1915925.12927108
935523.258999743 1915925.55248531
935523.023903322 1915926.06760096
935522.818980364 1915926.57119855
935522.625450072 1915927.17594604
935522.473419833 1915927.7483614
935522.328673579 1915928.4288594
935522.256567251 1915929.00454108
935522.200456092 1915929.76941887
935522.184713405 1915930.25802073
935522.16784453 1915930.75460231
935522.182324183 1915931.29166866
935522.216504867 1915931.72108012
935522.259536624 1915932.0966483
935522.329050466 1915932.6935691
935522.463876777 1915933.2695319
935522.608826978 1915933.96361932
935522.821310331 1915934.62278819
935523.058608235 1915935.41930878
935523.247419065 1915935.93214677
935523.431676271 1915936.41692108
935523.657244766 1915936.94433748
935523.84876741 1915937.41223214
935524.053043854 1915937.83234354
935524.391379405 1915938.56148671
935524.631447098 1915939.05714268
935525.154892668 1915940.09112839
935525.390137405 1915940.57571125
935525.482312187 1915940.75211919
935525.83168781 1915941.41545743
935526.182062876 1915942.07881152
935526.535436278 1915942.74221313
935526.886874158 1915943.40158528
935527.237249223 1915944.06493937
935527.586624841 1915944.72827762
935527.939998238 1915945.39167923
935528.291436114 1915946.05105139
935528.641811175 1915946.71440548
935528.991186789 1915947.37774374
935529.344560183 1915948.04114536
935529.6969975 1915948.70053337
935529.999920666 1915949.26716444
935530.705731371 1915950.58995408
935531.059136446 1915951.25135683
935531.412557361 1915951.91176013
935532.02698677 1915953.07115046
935532.538405934 1915954.04396411
935532.821752106 1915954.58429277
935534.369708578 1915957.14306028
935535.916665596 1915959.70181198
935536.562567569 1915960.76772979
935537.996295128 1915962.27100686
935539.317622447 1915962.91876166
935541.184229495 1915963.34922873
935543.270454273 1915963.48426795
935545.809587195 1915962.92270041
935548.550102151 1915961.70252619
935549.524694303 1915961.26811182
935550.239368708 1915960.89655697
935550.635667754 1915960.68090641
935551.958441667 1915959.97609515
935553.148053084 1915959.34714933
935554.209879459 1915958.7701615
935555.532669227 1915958.06435077
935556.490618031 1915957.54469838
935556.850604359 1915957.34946582
935557.811440598 1915956.83685706
935558.174393577 1915956.64367092
935559.286334807 1915956.05848021
935560.609124591 1915955.35266946
935561.348150079 1915954.95850756
935562.671939313 1915954.25271264
935563.706368777 1915953.70128259
935563.801172136 1915953.64880178
935565.123961932 1915952.94299101
935565.405151872 1915952.79949329
935568.044798178 1915951.38377888
935570.684444499 1915949.96806445
935573.32309139 1915948.55233416
935575.962737742 1915947.13661968
935578.602384111 1915945.72090517
935581.242030495 1915944.30519064
935583.880677449 1915942.88946024
935586.520323862 1915941.47374566
935589.159970295 1915940.05803106
935591.799616742 1915938.64231643
935594.438279599 1915937.22558649
935597.077926078 1915935.80987181
935597.732285302 1915935.45935406
935599.184065659 1915934.68860818
935600.513677408 1915933.99390203
935601.634883079 1915933.39186317
935601.690327851 1915933.36275116
935602.718649837 1915932.81822203
935603.016052725 1915932.66098552
935604.042407509 1915932.11442581
935604.338826796 1915931.95617401
935605.399400364 1915931.39516127
935605.664535834 1915931.2554078
935606.723158042 1915930.69136503
935606.987325755 1915930.54959683
935607.084096328 1915930.49914658
935608.406886253 1915929.79333561
935609.728692579 1915929.08650934
935610.613905142 1915928.61468889
935611.751212863 1915928.00590736
935612.504278203 1915927.60896879
935615.182888661 1915926.25785215
935617.86149914 1915924.90673549
935619.386239073 1915924.13714603
935621.673858161 1915923.42363602
935624.277261217 1915923.03303516
935626.156398135 1915923.30374926
935627.554287144 1915923.97771009
935629.446249716 1915925.33129881
935630.577104812 1915926.39090838
935631.890747868 1915928.21718356
935633.473923312 1915930.76151457
935634.255770061 1915932.01753053
935634.952934625 1915933.3181902
935635.308354597 1915933.97862538
935635.66379041 1915934.63806112
935636.372615612 1915935.95989926
935637.083471389 1915937.2797702
935637.791297138 1915938.60159251
935638.154506707 1915939.27514725
935638.50792778 1915939.93555076
935638.862332449 1915940.59696956
935639.217768254 1915941.25640532
935639.573188212 1915941.91684053
935639.62368599 1915942.01061277
935639.975124008 1915942.66998516
935640.327482259 1915943.33437063
935640.683917501 1915943.99382223
935641.039337456 1915944.65425744
935641.347052013 1915945.23396073
935641.743133717 1915945.97801531
935642.055861341 1915946.55679836
935642.367573679 1915947.13656502
935642.801730707 1915947.93820587
935643.5055428 1915949.2609643
935643.804262343 1915949.840525
935644.048978801 1915950.35824818
935644.441317545 1915951.14922918
935644.675896963 1915951.67578895
935644.973998629 1915952.29432803
935645.166124706 1915952.78722485
935645.387156831 1915953.34855925
935645.706347285 1915954.21335797
935645.923019926 1915954.92357805
935646.154256494 1915955.6610208
935646.301601667 1915956.33015407
935646.450660562 1915957.01730903
935646.546733005 1915957.70462377
935646.603269886 1915958.30033942
935646.669438179 1915958.98218165
935646.714557432 1915959.79365077
935646.715011779 1915960.26951353
935646.70250502 1915960.74317144
935646.682706503 1915961.48763153
935646.661646991 1915961.87018148
935646.604244403 1915962.33812923
935646.511660636 1915963.07043889
935646.40425543 1915963.60257429
935646.253905758 1915964.13202956
935646.082096469 1915964.8800782
935645.873811989 1915965.46959659
935645.640129457 1915966.08470448
935645.393183461 1915966.65361609
935645.186291813 1915967.09220238
935644.913453948 1915967.59172449
935644.610743625 1915968.0837752
935644.332843822 1915968.52423497
935644.085909641 1915968.90320442
935643.767111791 1915969.3380174
935643.427278057 1915969.77549603
935643.071071626 1915970.17372694
935642.72029152 1915970.60803295
935642.345190683 1915970.99996618
935641.955685693 1915971.41766319
935641.580266658 1915971.76660442
935641.234053338 1915972.10201287
935640.850908068 1915972.43383678
935640.487306763 1915972.73098112
935640.101701816 1915973.02877637
935639.723599963 1915973.29470025
935639.331410817 1915973.56639901
935638.999711208 1915973.80606665
935638.433874732 1915974.18497942
935638.050140595 1915974.427821
935637.618163747 1915974.6868927
935637.007684932 1915975.04410417
935636.165590956 1915975.50761076
935635.436322068 1915975.91692282
935635.403055199 1915975.93439002
935634.078329529 1915976.6361714
935632.758442657 1915977.34802644
935632.632418822 1915977.4150078
935631.312531957 1915978.12686283
935629.985870781 1915978.82461472
935629.947559154 1915978.84500104
935628.628671742 1915979.5568719
935627.307817128 1915980.26671219
935626.873253873 1915980.49975075
935625.554366471 1915981.2116216
935624.891995727 1915981.56301199
935624.229624987 1915981.91440238
935622.909738146 1915982.62625737
935622.247383249 1915982.97664831
935622.146567354 1915983.03003351
935621.585012512 1915983.32803869
935621.377352363 1915983.43671291
935618.830974735 1915985.02285449
935616.284581276 1915986.60999548
935614.101679557 1915987.96996916
935612.692382869 1915989.4661682
935611.921679047 1915991.48033586
935612.233888134 1915993.79458371
935613.424015603 1915996.53862187
935614.529297098 1915999.08537459
935615.890547476 1916001.62918703
935617.252781443 1916004.17401478
935618.411359529 1916006.38571439
935619.570921203 1916008.59842932
935620.616730885 1916010.54542121
935621.661541115 1916012.49239727
935622.536312223 1916014.1297711
935623.411067482 1916015.76814438
935624.107106809 1916017.13976481
935624.803146132 1916018.51138525
935625.561217097 1916020.00595199
935626.319288058 1916021.50051873
935627.505632712 1916023.91559703
935628.820594257 1916026.60463161
935630.128638884 1916029.28855809
935630.586610751 1916030.22753496
935631.85120391 1916032.94076358
935632.480359559 1916034.30632537
935633.109499359 1916035.67288662
935633.561697673 1916036.66075712
935634.189552843 1916038.04529255
935634.817408009 1916039.42982799
935635.42741574 1916040.80508324
935636.036424021 1916042.18032266
935636.936776628 1916044.22197957
935638.09001933 1916046.95943529
935638.666158121 1916048.39013669
935639.242296902 1916049.8208381
935640.337239024 1916052.57836331
935640.862516982 1916054.00126062
935641.386811326 1916055.42314264
935642.427197155 1916058.21679184
935642.9728614 1916059.6780008
935643.461889956 1916061.11731834
935643.950902664 1916062.55763534
935644.414865861 1916064.00155404
935644.879828494 1916065.44548859
935645.065578799 1916066.02525802
935645.505412701 1916067.47779151
935645.945246596 1916068.930325
935646.083560868 1916069.41237191
935646.873627097 1916072.29402521
935647.410465265 1916074.24894441
935647.7901106 1916075.71451955
935648.170771216 1916077.1791111
935648.244180939 1916077.46718771
935648.542476418 1916079.01944661
935648.840771887 1916080.5717055
935648.98156824 1916081.40168618
935649.377234979 1916084.31607565
935649.538685619 1916085.86116679
935649.700136246 1916087.40625794
935649.889972647 1916089.93550049
935650.051691175 1916092.91416078
935650.071767194 1916093.28736585
935650.126720739 1916094.80277729
935650.181674278 1916096.31818874
935650.245027343 1916098.18662623
935650.306118741 1916100.38692713
935650.343747502 1916103.37361731
935650.380376785 1916106.36029165
935650.418005489 1916109.34698183
935650.455634162 1916112.33367201
935650.492263358 1916115.32034635
935650.529907815 1916118.30603709
935650.567536399 1916121.29272728
935650.60435563 1916124.26740828
935650.852001126 1916126.80756424
935651.018130599 1916128.30974264
935651.184260066 1916129.81192104
935651.306152581 1916130.95150803
935651.615931227 1916133.92351819
935651.829268173 1916135.97927715
935652.147216612 1916138.94042017
935652.464118044 1916141.90454568
935652.510355172 1916142.3301497
935652.819324384 1916145.29015069
935653.132180443 1916148.25721119
935653.22690837 1916149.15544069
935653.340329749 1916151.08165462
935653.346675886 1916152.63628343
935653.353006174 1916154.19191168
935653.351602614 1916154.59576686
935653.323999275 1916156.14785809
935653.297395374 1916157.69996517
935653.256940083 1916160.69341517
935653.215485314 1916163.68684932
935653.175029961 1916166.68029932
935653.150842032 1916168.45837613
935652.243123279 1916169.97152303
935651.364133644 1916171.43813962
935650.540522585 1916173.51045051
935649.985510392 1916174.90922504
935649.520525942 1916176.99821767
935649.470584832 1916178.50896722
935649.420627869 1916180.02071622
935649.342078633 1916182.83161752
935649.281602499 1916185.8267495
935649.221126334 1916188.82188148
935649.19036475 1916190.32093871
935649.159587317 1916191.82099539
935649.156528197 1916191.95090745
935649.093259604 1916194.93299911
935649.029990979 1916197.91509076
935648.965722882 1916200.89716657
935648.902454201 1916203.87925822
935648.864321348 1916205.65411486
935648.84986701 1916208.64697731
935648.836412085 1916211.6398556
935648.821957687 1916214.63271805
935648.808502705 1916217.62559634
935648.79586641 1916220.31457985
935648.634461761 1916223.30711215
935648.553474237 1916224.82136833
935648.345380799 1916227.79516596
935648.320750953 1916228.1506675
935647.510196571 1916231.03893763
935647.279230508 1916231.8610256
935646.04524138 1916234.59562778
935645.656728626 1916235.45520609
935643.777791006 1916237.94665484
935641.342766057 1916239.69751023
935640.666262708 1916240.18363509
935637.819693643 1916241.40912389
935634.833008689 1916241.69867489
935631.847323208 1916241.98824173
935629.929482 1916242.38422
935629.707746 1916242.38592
935629.512619 1916242.38741
935629.308537 1916242.37788
935629.113324 1916242.36829
935628.900373 1916242.35882
935628.7229 1916242.34909
935628.509948 1916242.33963
935628.323605 1916242.32996
935628.119609 1916242.33153
935627.933266 1916242.32186
935627.720314 1916242.3124
935627.534057 1916242.31383
935627.338844 1916242.30423
935627.152586 1916242.30566
935626.94859 1916242.30722
935626.753377 1916242.29762
935626.567204 1916242.31014
935626.363122 1916242.30061
935626.176865 1916242.30204
935625.972868 1916242.30361
935625.786525 1916242.29394
935625.582443 1916242.28441
935625.396185 1916242.28584
935625.200973 1916242.27624
935625.01463 1916242.26657
935624.819502 1916242.26807
935624.62412 1916242.23628
935624.428907 1916242.22669
935624.23361 1916242.20599
935624.047097 1916242.17414
935623.851799 1916242.15345
935623.665371 1916242.13269
935623.470074 1916242.112
935623.283561 1916242.08014
935623.088263 1916242.05945
935622.910535 1916242.01643
935622.715152 1916241.98465
935622.528639 1916241.95279
935622.35091 1916241.90978
935622.164397 1916241.87792
935621.977714 1916241.82388
935621.782331 1916241.7921
935621.604603 1916241.74908
935621.409135 1916241.7062
935621.222622 1916241.67435
935621.027069 1916241.62037
935620.84934 1916241.57736
935620.662742 1916241.53441
935620.485013 1916241.49139
935620.29833 1916241.43735
935620.120601 1916241.39433
935619.933918 1916241.34029
935619.747405 1916241.30844
935619.560637 1916241.2433
935619.382908 1916241.20029
935619.187355 1916241.14631
935619.009541 1916241.0922
935618.822943 1916241.04925
935618.63626 1916240.99521
935618.458446 1916240.9411
935618.262893 1916240.88713
935618.084994 1916240.82192
935617.889527 1916240.77904
935617.702758 1916240.71391
935617.524945 1916240.6598
935617.338261 1916240.60576
935617.151578 1916240.55171
935616.96481 1916240.48658
935616.778126 1916240.43254
935616.582574 1916240.37856
935616.395805 1916240.31343
935616.209037 1916240.24829
935616.022354 1916240.19425
935615.83567 1916240.14021
935615.657686 1916240.06391
935615.470918 1916239.99877
935615.097381 1916239.8685
935614.901828 1916239.81453
935614.723844 1916239.73823
935614.528206 1916239.67316
935614.341438 1916239.60803
935614.145715 1916239.53186
935613.958947 1916239.46673
935613.763309 1916239.40166
935613.57654 1916239.33653
935613.389772 1916239.27139
935613.194134 1916239.20632
935613.007366 1916239.14119
935612.811813 1916239.08721
935612.624959 1916239.01098
935612.429492 1916238.9681
935612.233854 1916238.90303
935612.064824 1916238.83776
935611.878141 1916238.78372
935611.682673 1916238.74084
935611.478336 1916238.69803
935611.291653 1916238.64399
935611.087315 1916238.60118
935610.900632 1916238.54713
935610.687426 1916238.50439
935610.491703 1916238.42823
935610.28728 1916238.37432
935610.091813 1916238.33144
935609.887475 1916238.28863
935609.692093 1916238.25685
935609.478886 1916238.2141
935609.283418 1916238.17122
935609.079166 1916238.1395
935608.874829 1916238.09669
935608.670577 1916238.06498
935608.46641 1916238.04435
935608.262158 1916238.01263
935608.049121 1916237.99208
935607.853909 1916237.98248
935607.649742 1916237.96186
935607.445575 1916237.94123
935607.241408 1916237.92061
935607.046195 1916237.91101
935606.833329 1916237.91265
935606.638116 1916237.90305
935606.434034 1916237.89352
935606.238907 1916237.89501
935606.034825 1916237.88549
935605.839698 1916237.88698
935605.635616 1916237.87745
935605.440573 1916237.89004
935605.236491 1916237.88051
935605.050233 1916237.88194
935604.837282 1916237.87248
935604.642069 1916237.86288
935604.446942 1916237.86438
935604.251729 1916237.85478
935604.047732 1916237.85635
935603.85252 1916237.84675
935603.657392 1916237.84825
935603.453396 1916237.84981
935603.258098 1916237.82912
935603.063056 1916237.84171
935602.858974 1916237.83218
935602.663761 1916237.82258
935602.468634 1916237.82408
935602.282376 1916237.82551
935602.087163 1916237.81591
935601.900905 1916237.81734
935601.705692 1916237.80774
935601.510565 1916237.80924
935601.324307 1916237.81067
935601.129094 1916237.80107
935600.942751 1916237.7914
935600.756493 1916237.79283
935600.561366 1916237.79433
935600.357284 1916237.7848
935600.171026 1916237.78623
935599.966944 1916237.7767
935599.780601 1916237.76703
935599.585473 1916237.76853
935599.39913 1916237.75886
935599.204088 1916237.77145
935599.008875 1916237.76186
935598.831487 1916237.76322
935598.654098 1916237.76458
935598.4588 1916237.74389
935598.281412 1916237.74525
935598.095069 1916237.73558
935597.92655 1916237.73687
935597.749076 1916237.72714
935597.571687 1916237.7285
935597.403083 1916237.7187
935597.216825 1916237.72013
935597.048221 1916237.71033
935596.861963 1916237.71176
935596.702143 1916237.69079
935596.524754 1916237.69215
935596.356235 1916237.69345
935596.187631 1916237.68364
935596.019112 1916237.68494
935595.850592 1916237.68623
935595.673034 1916237.6654
935595.504515 1916237.66669
935595.318171 1916237.65703
935595.158437 1916237.64716
935594.972179 1916237.64859
935594.794705 1916237.63886
935594.617316 1916237.64022
935594.439843 1916237.63048
935594.244715 1916237.63198
935594.102634 1916237.61088
935593.880898 1916237.61258
935593.738902 1916237.60258
935593.543775 1916237.60407
935593.366301 1916237.59434
935593.215436 1916237.5844
935593.002569 1916237.58603
935592.869358 1916237.56487
935592.665361 1916237.56643
935592.523365 1916237.55643
935592.354761 1916237.54662
935592.186156 1916237.53682
935592.017637 1916237.53812
935591.857817 1916237.51715
935591.689298 1916237.51845
935591.520694 1916237.50864
935591.35209 1916237.49884
935591.183485 1916237.48904
935591.02375 1916237.47917
935590.846362 1916237.48053
935590.695326 1916237.44841
935590.526637 1916237.42751
935590.375771 1916237.41757
935590.198298 1916237.40784
935590.038393 1916237.37578
935589.869788 1916237.36598
935589.709883 1916237.33393
935589.549978 1916237.30187
935589.372419 1916237.28104
935589.20373 1916237.26015
935589.03487 1916237.21706
935588.866096 1916237.18507
935588.697236 1916237.14199
935588.528377 1916237.09891
935588.359602 1916237.06692
935588.190658 1916237.01274
935588.021713 1916236.95856
935587.852768 1916236.90439
935587.674954 1916236.85028
935587.497055 1916236.78507
935587.328025 1916236.7198
935587.15891 1916236.64344
935586.99875 1916236.5781
935586.838504 1916236.50166
935586.687043 1916236.41407
935586.526797 1916236.33763
935586.38412 1916236.23888
935586.232574 1916236.14019
935586.081113 1916236.05259
935585.94722 1916235.94267
935585.795589 1916235.83289
935585.670566 1916235.7229
935585.527804 1916235.61305
935585.402695 1916235.49197
935585.277587 1916235.37089
935585.14361 1916235.24987
935585.027286 1916235.11763
935584.910962 1916234.98539
935584.794553 1916234.84205
935584.687013 1916234.69864
935584.570604 1916234.5553
935584.462979 1916234.4008
935584.373008 1916234.23507
935584.274168 1916234.06941
935584.184197 1916233.90368
935584.094311 1916233.74905
935583.986431 1916233.56127
935583.905329 1916233.39547
935583.815273 1916233.21864
935583.725217 1916233.04182
935583.635246 1916232.87609
935583.54519 1916232.69927
935583.455048 1916232.51135
935583.382816 1916232.34548
935583.292675 1916232.15756
935583.229227 1916231.98054
935583.14804 1916231.80364
935583.075553 1916231.6045
935583.003321 1916231.43863
935582.939703 1916231.23941
935582.885124 1916231.06232
935582.821591 1916230.8742
935582.766928 1916230.68601
935582.712264 1916230.49782
935582.657601 1916230.30963
935582.620761 1916230.13239
935582.583751 1916229.93297
935582.538127 1916229.7669
935582.518941 1916229.57844
935582.473062 1916229.37909
935582.453962 1916229.20172
935582.425821 1916229.00223
935582.406635 1916228.81377
935582.369711 1916228.62544
935582.359479 1916228.44801
935582.313685 1916228.25975
935582.312238 1916228.07115
935582.293138 1916227.89378
935582.265082 1916227.70539
935582.245812 1916227.50583
935582.23558 1916227.3284
935582.216309 1916227.12884
935582.197209 1916226.95147
935582.178023 1916226.76301
935582.167706 1916226.57448
935582.148606 1916226.39711
935582.138204 1916226.19749
935582.127888 1916226.00896
935582.108702 1916225.82049
935582.107255 1916225.6319
935582.088154 1916225.45453
935582.077838 1916225.266
935582.067522 1916225.07747
935582.057205 1916224.88894
935582.046889 1916224.70041
935582.036573 1916224.51188
935582.026256 1916224.32335
935582.024894 1916224.14584
935582.014578 1916223.95731
935582.004262 1916223.76878
935582.0029 1916223.59128
935581.992583 1916223.40275
935581.973398 1916223.21428
935581.98082 1916223.02562
935581.961634 1916222.83715
935581.951318 1916222.64862
935581.949871 1916222.46003
935581.939555 1916222.2715
935581.929238 1916222.08297
935581.918837 1916221.88334
935581.90852 1916221.69481
935581.906988 1916221.49512
935581.905626 1916221.31761
935582.279027336 1916221.13654937
935582.280717461 1916220.77768517
935582.292160514 1916220.2450284
935582.3118132 1916219.3206208
935582.340576037 1916217.82153221
935582.348151923 1916217.46975918
935582.379501147 1916215.9967037
935582.408263965 1916214.4976151
935582.440248216 1916213.0475627
935582.468011575 1916211.54845826
935582.48354358 1916210.82092553
935582.499346219 1916210.13938311
935582.521392568 1916209.12704018
935582.554153135 1916207.62801496
935582.567593762 1916207.03240899
935582.584155598 1916206.23991231
935582.617915595 1916204.74090294
935582.622955183 1916204.48606025
935582.647490264 1916203.37978531
935582.680250802 1916201.88076009
935582.703596306 1916200.78646265
935582.711267233 1916200.42869296
935582.729604836 1916199.58723931
935582.761365911 1916198.08819824
935582.773553576 1916197.50856755
935582.782888085 1916197.04585611
935582.800384672 1916196.19439217
935582.832145727 1916194.6953511
935582.844095731 1916194.13071209
935582.855030446 1916193.56705668
935582.887790936 1916192.06803146
935582.906760966 1916191.12361911
935582.918330715 1916190.58296678
935582.928790113 1916190.04929473
935582.947839357 1916189.09988515
935582.979600378 1916187.60084409
935582.99671669 1916186.77336683
935583.002738568 1916186.45655854
935583.03350013 1916184.95750163
935583.035355132 1916184.90354744
935583.051994832 1916184.04307264
935583.082756385 1916182.54401573
935583.10495978 1916181.45869745
935583.113611693 1916180.97598126
935583.132027164 1916180.06654949
935583.151708822 1916179.01418122
935583.180471457 1916177.51509262
935583.190978364 1916176.97842223
935583.219740992 1916175.47933363
935583.241499444 1916174.35901893
935583.252006343 1916173.82234854
935583.256507223 1916173.60148699
935583.281006609 1916172.30826826
935583.285269832 1916172.10239839
935583.298443649 1916171.64974478
935583.30372216 1916171.4428913
935583.324124549 1916170.72343334
935583.330402507 1916170.51659572
935583.325633028 1916168.48413739
935583.323188161 1916167.62935824
935583.323313608 1916167.55838179
935583.337683729 1916166.65188498
935583.356870287 1916165.44155683
935583.379967366 1916164.61517408
935583.398467211 1916163.95266865
935583.412449035 1916163.44904333
935583.419550853 1916163.19023455
935583.428697791 1916162.86547823
935583.472968128 1916161.77551128
935583.490711379 1916161.3499219
935583.508723971 1916160.90734195
935583.528068719 1916160.4437895
935583.554676322 1916159.83739559
935583.580982895 1916159.24999115
935583.595269645 1916158.91631904
935583.623557963 1916158.26696484
935583.640365137 1916157.83736183
935583.655396533 1916157.4567158
935583.675454237 1916156.94818831
935583.680307567 1916156.89428165
935583.783924095 1916155.71828189
935583.803178987 1916155.51264967
935583.839040294 1916155.1423308
935583.867780038 1916154.84287748
935583.907257576 1916154.43362778
935583.970764119 1916153.76983642
935583.999456333 1916153.47338144
935584.00189884 1916153.44542866
935584.054650441 1916152.82945224
935584.106133254 1916152.23045054
935584.106133254 1916152.23045054
935584.10616494 1916152.22845165
935584.14909897 1916151.72728467
935584.195617546 1916151.18918576
935584.267972584 1916150.34558932
935584.314570374 1916149.80249318
935584.324345821 1916149.18583548
935584.343412086 1916148.29840735
935584.367177345 1916146.79923953
935584.390997956 1916145.67495873
935584.39893816 1916145.30019846
935584.414437015 1916144.51168372
935584.427958042 1916143.97406141
935584.456720506 1916142.47497281
935584.495477417 1916140.97604264
935584.524239865 1916139.47695404
935584.561997315 1916137.97800803
935584.585108858 1916137.08764493
935584.614870733 1916135.58857217
935584.643688529 1916134.46437059
935584.65362761 1916134.08964201
935584.684656789 1916133.26738378
935584.698609494 1916132.89171913
935584.73927803 1916131.77670267
935584.774063413 1916130.78055681
935584.81937131 1916130.00351127
935584.819387152 1916130.00251183
935584.894259934 1916128.9370227
935584.977088591 1916128.25254402
935585.094130804 1916127.30168876
935585.191603891 1916126.70241641
935585.335365706 1916125.95792216
935585.47449862 1916125.37930414
935585.682495574 1916124.6818142
935585.866763264 1916124.15689557
935586.130063724 1916123.50226956
935586.314397403 1916123.09931493
935586.663363659 1916122.40106057
935586.868543098 1916122.00743366
935587.083431805 1916121.6319552
935587.32240095 1916121.18787941
935587.657442272 1916120.67434814
935588.032412563 1916120.10146805
935588.418664554 1916119.636734
935588.691172529 1916119.28416224
935589.067716558 1916118.86426064
935589.561177212 1916118.32125037
935589.939768972 1916117.96136301
935590.476365517 1916117.47202045
935590.972225081 1916117.09299841
935591.496655319 1916116.67744052
935591.98563098 1916116.35429235
935592.590271642 1916115.9869917
935593.111769538 1916115.69335028
935593.663965059 1916115.41819001
935594.368185848 1916115.07546093
935594.824849175 1916114.89875591
935595.775647763 1916114.57793016
935596.216828267 1916114.43197029
935596.597455854 1916114.32203929
935597.546923602 1916114.08516694
935598.65397099 1916113.87178619
935599.676130222 1916113.71604187
935600.222095363 1916113.6447209
935601.161159361 1916113.55963748
935601.69878039 1916113.51017755
935602.149006063 1916113.48732372
935603.529412952 1916113.43522866
935603.971484632 1916113.42224253
935604.404434558 1916113.41710938
935605.090101551 1916113.42497961
935606.067590723 1916113.43847556
935606.739170426 1916113.45212066
935606.767154894 1916113.45256427
935608.26535507 1916113.47431463
935608.266354515 1916113.47433047
935609.764507167 1916113.49907917
935609.765506613 1916113.49909501
935610.215193623 1916113.51022232
935610.216193069 1916113.51023816
935611.71415561 1916113.5469802
935613.213307724 1916113.57174473
935614.650462552 1916113.59752587
935616.149614681 1916113.62229041
935617.648719287 1916113.65005328
935619.147871432 1916113.67481782
935620.646991896 1916113.70158125
935622.146144055 1916113.72634579
935622.315034475 1916113.73002276
935623.814186641 1916113.7547873
935625.313227912 1916113.78654796
935626.812380092 1916113.81131249
935628.311421379 1916113.84307315
935630.084057206 1916113.89516602
935633.070631061 1916113.61260989
935634.326137793 1916113.4935546
935637.079029065 1916112.31256569
935638.512347382 1916111.69748052
935640.6732463 1916109.5813882
935641.821757268 1916106.81543969
935642.096178384 1916106.15299226
935642.438056275 1916104.07304475
935642.706241973 1916101.09220216
935642.765687255 1916100.43234508
935642.699232985 1916097.43520106
935642.665744425 1916095.9531199
935642.549016818 1916092.97417319
935642.537064424 1916092.65608022
935642.308414744 1916089.67435961
935642.091539207 1916086.83278317
935641.908197158 1916085.34432774
935641.72587039 1916083.85488871
935641.581608347 1916082.67595902
935640.994285736 1916079.74353603
935640.496811516 1916077.26040139
935639.710758976 1916074.37781207
935639.144855052 1916072.30146888
935638.708749629 1916070.86598936
935638.273643647 1916069.43052569
935638.018053634 1916068.58972807
935637.553821138 1916067.16279996
935637.089588636 1916065.73587186
935636.743520417 1916064.67470644
935635.765749852 1916061.84106229
935635.30696081 1916060.51219075
935634.232498826 1916057.72399961
935633.159036264 1916054.93582434
935632.084574239 1916052.14763324
935631.534389372 1916050.71934267
935630.367360458 1916047.9686724
935629.201315122 1916045.21901744
935628.034286166 1916042.46834721
935627.550514897 1916041.32802236
935626.297946863 1916038.61298496
935625.046378255 1916035.89796345
935624.536051035 1916034.79320673
935623.880640494 1916033.44422362
935623.224214661 1916032.09622411
935622.56880411 1916030.74724101
935621.912378269 1916029.39924152
935621.022643261 1916027.57068842
935620.353113718 1916026.2294791
935619.682584726 1916024.88825394
935619.013055173 1916023.54704463
935618.342542013 1916022.20482004
935617.426853082 1916020.37385617
935616.029350824 1916017.72050206
935614.631832708 1916015.06814741
935613.300296471 1916012.54180079
935612.592471096 1916011.2199784
935611.883662116 1916009.89714074
935611.174837289 1916008.57530252
935610.467027748 1916007.25248071
935609.323205067 1916005.11899137
935608.124955384 1916002.38282203
935606.925706235 1915999.64663686
935605.727440672 1915996.911467
935604.528191486 1915994.17528188
935603.329941727 1915991.43911263
935602.1306925 1915988.70292755
935600.932426858 1915985.96775778
935599.733177593 1915983.23157275
935598.534927757 1915980.49540358
935597.95798208 1915979.1786551
935597.313583775 1915977.95480884
935596.605774136 1915976.63198717
935595.895918072 1915975.31213215
935595.827953115 1915975.18509304
935595.121127071 1915973.86328666
935594.411270997 1915972.54343166
935594.398658441 1915972.51923901
935593.690832942 1915971.19741681
935593.065536315 1915970.02985638
935592.641231283 1915969.23736906
935591.933405775 1915967.91554687
935591.419797545 1915966.95469466
935590.994524748 1915966.16019263
935590.286699229 1915964.83837045
935589.774058753 1915963.87953299
935589.54620753 1915963.43305567
935588.133491438 1915960.79345666
935586.721758932 1915958.15487296
935585.309042809 1915955.515274
935583.896310824 1915952.87667451
935582.483594668 1915950.2370756
935581.071877942 1915947.59749255
935579.659145911 1915944.95889314
935578.246429709 1915942.3192943
935576.834697093 1915939.68071078
935575.421980858 1915937.04111199
935574.009264608 1915934.40151323
935572.596532498 1915931.76291394
935571.913979526 1915930.48647887
935571.598491251 1915929.89265676
935571.044205351 1915928.84918478
935571.044221193 1915928.84818534
935570.795666758 1915928.38338536
935570.546176246 1915927.91457176
935569.839350061 1915926.59276561
935569.467494082 1915925.89708067
935569.299548859 1915925.58151353
935569.180134203 1915925.35768804
935569.012173135 1915925.04312035
935568.30534694 1915923.72131422
935568.103403387 1915923.34322699
935568.016035696 1915923.17889158
935567.815075745 1915922.80181964
935567.77915774 1915922.73427063
935567.542279783 1915922.28964968
935566.834454134 1915920.96782771
935566.816986934 1915920.93456085
935566.54515873 1915920.42440563
935566.445162634 1915920.23687703
935566.252928358 1915919.87693824
935566.152916419 1915919.69040909
935565.446090206 1915918.36860297
935565.07521782 1915917.67393334
935564.78108361 1915917.1204376
935564.073257947 1915915.79861566
935563.811123177 1915915.30760833
935563.549987852 1915914.81661685
935563.515021761 1915914.75208202
935563.254854194 1915914.26310527
935562.54702852 1915912.94128334
935562.134415717 1915912.16797576
935562.113061633 1915912.12764942
935562.112093875 1915912.12563468
935561.742713399 1915911.46297899
935560.337008954 1915908.82249192
935558.931320335 1915906.18100544
935557.525615861 1915903.54051842
935556.119927212 1915900.89903198
935554.714222706 1915898.25854501
935553.307518736 1915895.61804223
935551.901830043 1915892.97655586
935550.693309482 1915890.69908526
935550.577797531 1915890.48131984
935550.340015153 1915890.03068644
935550.103153008 1915889.58506609
935550.021576019 1915889.43381855
935549.318303901 1915888.14006041
935549.098750532 1915887.73770138
935549.087105729 1915887.71552347
935548.781120725 1915887.15284268
935548.576147122 1915886.77670686
935548.213826097 1915886.11016435
935547.866068992 1915885.47084449
935547.595065923 1915884.97169908
935547.312386367 1915884.45237465
935547.200745452 1915884.24266816
935546.492919689 1915882.92084638
935546.326925799 1915882.60830931
935546.215269041 1915882.39960227
935546.030840184 1915882.05178362
935545.9628752 1915881.92474456
935545.789075859 1915881.60008741
935545.081250089 1915880.27826563
935544.824921838 1915879.79934676
935544.685104987 1915879.53820915
935544.41421281 1915879.03206763
935543.706387033 1915877.71024586
935543.546183854 1915877.41079665
935543.274323915 1915876.9026404
935543.148087385 1915876.66771015
935542.864566798 1915876.13837545
935542.156741012 1915874.8165537
935542.000424715 1915874.52416397
935541.834399131 1915874.2136258
935541.52463813 1915873.63688943
935540.816812334 1915872.31506769
935540.690607489 1915872.07813856
935540.387668329 1915871.51250699
935540.368249761 1915871.47621011
935539.66042396 1915870.15438838
935539.223506188 1915869.33770872
935539.202136258 1915869.29838182
935538.800152893 1915868.54823587
935538.777831045 1915868.50589479
935538.070005236 1915867.18407308
935537.844740341 1915866.76362901
935537.824369858 1915866.72431796
935537.596169999 1915866.29982858
935537.57771919 1915866.26554644
935537.17681448 1915865.51041911
935536.746671016 1915864.70784259
935536.741816374 1915864.69876837
935536.038020019 1915863.37501115
935535.543798445 1915862.45245507
935535.421464634 1915862.22358488
935535.286486571 1915861.97252094
935535.24181119 1915861.88983769
935534.538014826 1915860.56608049
935534.281718239 1915860.08516276
935534.068113985 1915859.68589716
935534.006955001 1915859.57096235
935533.749658966 1915859.09002878
935533.045862594 1915857.76627159
935532.781792239 1915857.27123491
935532.772098797 1915857.25208702
935532.298311068 1915856.36484423
935531.594514686 1915855.04108705
935531.518760087 1915854.90092847
935531.107114944 1915854.12963578
935531.05760076 1915854.03687887
935530.899364771 1915853.73946025
935530.191538918 1915852.4176386
935529.884728693 1915851.84394814
935529.530355649 1915851.18053079
935529.399296149 1915850.93452746
935528.691470286 1915849.61270582
935528.23323007 1915848.75370099
935528.109928492 1915848.52281608
935527.402102624 1915847.20099446
935527.105969436 1915846.64746718
935527.040923564 1915846.52547288
935526.750644465 1915845.98103566
935526.581715584 1915845.66445332
935525.873889707 1915844.34263172
935525.746701242 1915844.10468732
935525.391360426 1915843.43925526
935525.258333716 1915843.19122136
935525.174852876 1915843.03394548
935524.467011147 1915841.71312333
935524.21555334 1915841.2422793
935524.075752311 1915840.98014228
935523.770861749 1915840.41148075
935523.750459575 1915840.37416859
935523.239738506 1915839.42036046
935523.219352176 1915839.38204886
935523.042633681 1915839.05234701
935522.896010801 1915838.7791052
935522.719308149 1915838.4484039
935522.609602732 1915838.24272692
935522.326097943 1915837.71239284
935521.794974696 1915836.72127256
935521.632820127 1915836.41879337
935521.618272044 1915836.39057127
935521.532808152 1915836.23226427
935521.456117473 1915836.08809207
935521.356105499 1915835.90156297
935521.049295253 1915835.32787254
935520.992023144 1915835.21999723
935520.455061645 1915834.21878745
935520.284181393 1915833.89917511
935520.251150811 1915833.83866977
935520.080286399 1915833.51805798
935519.945340007 1915833.26499518
935519.773476153 1915832.94436756
935519.772508393 1915832.94235283
935519.318107499 1915832.09340586
935519.230723931 1915831.93006995
935518.776323037 1915831.08112299
935518.775339434 1915831.08010771
935518.610265739 1915830.77258376
935518.609282136 1915830.77156848
935518.353937434 1915830.29366498
935518.097609128 1915829.8147462
935517.559743228 1915828.80752394
935517.132534663 1915828.00899282
935516.580088988 1915826.97554736
935516.425724022 1915826.6861877
935516.086882624 1915826.05200779
935515.932501815 1915825.76364757
935515.506261006 1915824.9671312
935514.901572121 1915823.82389075
935514.653985334 1915823.36110568
935514.406382705 1915822.89932006
935513.890997066 1915821.92444444
935513.705616243 1915821.57361168
935513.642490043 1915821.4566463
935513.456093934 1915821.10679715
935513.261908217 1915820.74382847
935512.893970641 1915820.05320438
935512.329150016 1915818.98057464
935512.139834784 1915818.62568074
935511.778687368 1915817.94816034
935511.219689141 1915816.88661955
935511.079919781 1915816.62248366
935510.893523669 1915816.27263451
935510.752754863 1915816.00848278
935510.604101394 1915815.7372082
935510.383469303 1915815.33983065
935510.383485143 1915815.33883121
935509.898640067 1915814.45541205
935509.170650931 1915813.14426764
935508.81797571 1915812.49987152
935508.80242818 1915812.47163358
935508.601897252 1915812.13055765
935508.156191689 1915811.36372366
935507.397918191 1915810.07109344
935507.092330526 1915809.54640755
935507.074768261 1915809.51913738
935506.768673638 1915809.02643373
935506.379717387 1915808.40045674
935505.563604186 1915807.161893
935505.41709356 1915806.94463597
935505.366294758 1915806.86985324
935504.922891835 1915806.21002325
935504.571266327 1915805.6886064
935504.293840131 1915805.27933196
935503.941215177 1915804.75789927
935503.890400534 1915804.68411598
935503.730198681 1915804.44764772
935503.679368197 1915804.37486388
935503.361693505 1915803.91896544
935503.014304786 1915803.44560116
935502.905790283 1915803.29092758
935500.990946859 1915800.98426715
935500.488688951 1915800.37948723
935498.519813504 1915798.13895
935498.222273041 1915797.80033516
935496.287447592 1915795.80826231
935494.018253059 1915793.84587871
935493.067588787 1915793.02305521
935490.354935533 1915791.47651374
935488.000502354 1915790.22456264
935485.327868256 1915789.11752211
935482.729918407 1915788.53350674
935480.270025599 1915788.25858641
935477.387090742 1915788.37283998
