935523.206807 1915925.93979 4
935523.137127 1915926.10675 4
935523.058577 1915926.27377 4
935522.997851 1915926.45175 4
935522.937041 1915926.61864 4
935522.867531 1915926.80778 4
935522.824374 1915926.96344 4
935522.772604 1915927.15245 4
935522.729448 1915927.3081 4
935522.686632 1915927.50814 4
935522.643561 1915927.67489 4
935522.60953 1915927.86376 4
935522.584114 1915928.01928 4
935522.558953 1915928.20808 4
935522.533706 1915928.38579 4
935522.508545 1915928.57459 4
935522.483128 1915928.73011 4
935522.466837 1915928.91885 4
935522.450375 1915929.08539 4
935522.434084 1915929.27413 4
935522.417622 1915929.44068 4
935522.401246 1915929.61832 4
935522.384869 1915929.79596 4
935522.377362 1915929.97353 4
935522.369855 1915930.1511 4
935522.353394 1915930.31765 4
935522.354757 1915930.49515 4
935522.347165 1915930.66163 4
935522.339658 1915930.8392 4
935522.332151 1915931.01678 4
935522.333514 1915931.19428 4
935522.326007 1915931.37185 4
935522.345024 1915931.53813 4
935522.337518 1915931.7157 4
935522.35662 1915931.89307 4
935522.357983 1915932.07057 4
935522.377085 1915932.24794 4
935522.387318 1915932.42537 4
935522.406421 1915932.60274 4
935522.434393 1915932.78004 4
935522.45341 1915932.94632 4
935522.481468 1915933.13471 4
935522.518224 1915933.30085 4
935522.537412 1915933.48931 4
935522.583124 1915933.66647 4
935522.611011 1915933.83268 4
935522.656808 1915934.02094 4
935522.693564 1915934.18708 4
935522.739276 1915934.36424 4
935522.784903 1915934.53031 4
935522.830614 1915934.70747 4
935522.876241 1915934.87354 4
935522.939607 1915935.03948 4
935522.994188 1915935.21657 4
935523.048599 1915935.37148 4
935523.103181 1915935.54858 4
935523.166462 1915935.70341 4
935523.220958 1915935.86942 4
935523.284239 1915936.02426 4
935523.347605 1915936.19019 4
935523.410885 1915936.34503 4
935523.474166 1915936.49987 4
935523.537447 1915936.65471 4
935523.600728 1915936.80955 4
935523.663923 1915936.95329 4
935523.727204 1915937.10813 4
935523.79927 1915937.25181 4
935523.862636 1915937.41774 4
935523.934701 1915937.56142 4
935524.006851 1915937.71619 4
935524.079002 1915937.87096 4
935524.151153 1915938.02573 4
935524.232088 1915938.16934 4
935524.304323 1915938.33521 4
935524.385258 1915938.47882 4
935524.466364 1915938.64462 4
935524.547299 1915938.78823 4
935524.619364 1915938.9319 4
935524.700299 1915939.07551 4
935524.781234 1915939.21912 4
935524.853385 1915939.37389 4
935524.934235 1915939.50641 4
935525.0063 1915939.65009 4
935525.078451 1915939.80486 4
935525.150431 1915939.93744 4
935525.231366 1915940.08105 4
935525.312301 1915940.22466 4
935525.393321 1915940.37936 4
935525.474256 1915940.52297 4
935525.555276 1915940.67767 4
935525.636211 1915940.82128 4
935525.708362 1915940.97606 4
935525.789297 1915941.11966 4
935525.870232 1915941.26327 4
935525.951252 1915941.41798 4
935526.023232 1915941.55056 4
935526.113122 1915941.7052 4
935526.176233 1915941.83785 4
935526.266037 1915941.98139 4
935526.338103 1915942.12507 4
935526.419038 1915942.26868 4
935526.491018 1915942.40126 4
935526.571953 1915942.54487 4
935526.644018 1915942.68855 4
935526.724953 1915942.83215 4
935526.805803 1915942.96467 4
935526.886823 1915943.11937 4
935526.967758 1915943.26298 4
935527.039823 1915943.40666 4
935527.129713 1915943.5613 4
935527.201779 1915943.70497 4
935527.291668 1915943.85961 4
935527.363819 1915944.01438 4
935527.453709 1915944.16901 4
935527.534729 1915944.32372 4
935527.624619 1915944.47835 4
935527.705809 1915944.65524 4
935527.795699 1915944.80988 4
935527.885759 1915944.9867 4
935527.966865 1915945.1525 4
935528.065624 1915945.30707 4
935528.155599 1915945.4728 4
935528.245575 1915945.63853 4
935528.335464 1915945.79316 4
935528.425354 1915945.9478 4
935528.524199 1915946.11346 4
935528.605219 1915946.26816 4
935528.703979 1915946.42273 4
935528.793869 1915946.57736 4
935528.892713 1915946.74302 4
935528.982603 1915946.89766 4
935529.081448 1915947.06332 4
935529.171338 1915947.21796 4
935529.261313 1915947.38369 4
935529.342333 1915947.53839 4
935529.441178 1915947.70405 4
935529.522198 1915947.85875 4
935529.603218 1915948.01346 4
935529.693193 1915948.17919 4
935529.774213 1915948.33389 4
935529.864103 1915948.48852 4
935529.945123 1915948.64323 4
935530.026143 1915948.79793 4
935530.107248 1915948.96373 4
935530.188268 1915949.11843 4
935530.269288 1915949.27314 4
935530.350308 1915949.42784 4
935530.431328 1915949.58254 4
935530.512434 1915949.74834 4
935530.593454 1915949.90304 4
935530.674474 1915950.05775 4
935530.746624 1915950.21252 4
935530.827729 1915950.37832 4
935530.89988 1915950.53309 4
935530.980985 1915950.69888 4
935531.06209 1915950.86468 4
935531.14311 1915951.01938 4
935531.21526 1915951.17416 4
935531.296366 1915951.33995 4
935531.377386 1915951.49466 4
935531.458491 1915951.66045 4
935531.539511 1915951.81516 4
935531.620616 1915951.98096 4
935531.701636 1915952.13566 4
935531.782741 1915952.30146 4
935531.863846 1915952.46725 4
935531.944866 1915952.62196 4
935532.017102 1915952.78782 4
935532.089252 1915952.94259 4
935532.170357 1915953.10839 4
935532.251462 1915953.27419 4
935532.323613 1915953.42896 4
935532.404633 1915953.58366 4
935532.485908 1915953.77165 4
935532.566843 1915953.91526 4
935532.647948 1915954.08106 4
935532.720098 1915954.23583 4
935532.810073 1915954.40156 4
935532.882309 1915954.56742 4
935532.963243 1915954.71103 4
935533.053303 1915954.88785 4
935533.125454 1915955.04263 4
935533.215428 1915955.20836 4
935533.296534 1915955.37415 4
935533.377639 1915955.53995 4
935533.422669 1915955.62836 4
935533.530468 1915955.80505 4
935533.584538 1915955.91558 4
935533.674683 1915956.1035 4
935533.746493 1915956.21389 4
935533.818813 1915956.39085 4
935533.935653 1915956.58966 4
935533.998508 1915956.68903 4
935534.097523 1915956.87688 4
935534.160462 1915956.98734 4
935534.250607 1915957.17526 4
935534.322502 1915957.29675 4
935534.403692 1915957.47364 4
935534.493497 1915957.61718 4
935534.574602 1915957.78298 4
935534.664492 1915957.93761 4
935534.745511 1915958.09232 4
935534.826446 1915958.23593 4
935534.916421 1915958.40166 4
935534.988571 1915958.55643 4
935535.08733 1915958.711 4
935535.168436 1915958.87679 4
935535.249455 1915959.0315 4
935535.33943 1915959.19723 4
935535.42932 1915959.35186 4
935535.528249 1915959.52862 4
935535.618139 1915959.68325 4
935535.708114 1915959.84898 4
935535.798003 1915960.00362 4
935535.896933 1915960.18037 4
935536.004562 1915960.33487 4
935536.094452 1915960.48951 4
935536.211121 1915960.66612 4
935536.309795 1915960.8096 4
935536.426379 1915960.97512 4
935536.542707 1915961.10737 4
935536.659291 1915961.27289 4
935536.775619 1915961.40513 4
935536.909858 1915961.55943 4
935537.035141 1915961.7027 4
935537.169209 1915961.8348 4
935537.303276 1915961.96691 4
935537.446214 1915962.09895 4
935537.580197 1915962.21996 4
935537.723134 1915962.352 4
935537.865816 1915962.45076 4
935538.017538 1915962.57164 4
935538.16909 1915962.67032 4
935538.320727 1915962.78011 4
935538.472279 1915962.8788 4
935538.6327 1915962.97742 4
935538.801906 1915963.06487 4
935538.953373 1915963.15247 4
935539.113709 1915963.24 4
935539.274045 1915963.32752 4
935539.434296 1915963.40395 4
935539.612287 1915963.48025 4
935539.772453 1915963.54559 4
935539.950358 1915963.61079 4
935540.101569 1915963.6651 4
935540.297299 1915963.74126 4
935540.457295 1915963.78442 4
935540.635115 1915963.83852 4
935540.81285 1915963.88154 4
935540.98163 1915963.91353 4
935541.141711 1915963.96777 4
935541.328231 1915963.99962 4
935541.497011 1915964.03161 4
935541.665706 1915964.05251 4
935541.834401 1915964.0734 4
935542.011965 1915964.09423 4
935542.189445 1915964.10396 4
935542.358055 1915964.11376 4
935542.544319 1915964.11233 4
935542.703889 1915964.10001 4
935542.899023 1915964.09851 4
935543.058507 1915964.0751 4
935543.253556 1915964.06251 4
935543.42191 1915964.03902 4
935543.607919 1915964.00431 4
935543.776188 1915963.96974 4
935543.970981 1915963.92386 4
935544.130296 1915963.87826 4
935544.316304 1915963.84355 4
935544.475448 1915963.77576 4
935544.652417 1915963.71893 4
935544.811646 1915963.66223 4
935544.98853 1915963.59431 4
935545.156543 1915963.52645 4
935545.333342 1915963.44743 4
935545.492486 1915963.37964 4
935545.660329 1915963.28959 4
935545.828173 1915963.19955 4
935545.987231 1915963.12067 4
935546.14629 1915963.04178 4
935546.305264 1915962.9518 4
935546.473193 1915962.87285 4
935546.623382 1915962.79404 4
935546.800095 1915962.70392 4
935546.950284 1915962.62511 4
935547.109343 1915962.54622 4
935547.259447 1915962.45632 4
935547.427376 1915962.37736 4
935547.595219 1915962.28732 4
935547.745409 1915962.2085 4
935547.930906 1915962.10723 4
935548.08988 1915962.01725 4
935548.257638 1915961.91611 4
935548.416697 1915961.83723 4
935548.619849 1915961.72472 4
935548.787608 1915961.62358 4
935548.946667 1915961.5447 4
935549.11434 1915961.43246 4
935549.264529 1915961.35365 4
935549.423503 1915961.26367 4
935549.555953 1915961.18499 4
935549.750235 1915961.07255 4
935549.900339 1915960.98264 4
935550.077053 1915960.89253 4
935550.227157 1915960.80262 4
935550.395 1915960.71257 4
935550.536235 1915960.62273 4
935550.695294 1915960.54385 4
935550.827743 1915960.46517 4
935550.986802 1915960.38629 4
