935556.147714 1915901.23428 29
935556.048699 1915901.04643 29
935555.949429 1915900.8253 29
935555.850328 1915900.62635 29
935555.751228 1915900.42741 29
935555.652128 1915900.22847 29
935555.552943 1915900.01843 29
935555.462712 1915899.81942 29
935555.354742 1915899.62054 29
935555.246858 1915899.43276 29
935555.147757 1915899.23382 29
935555.030918 1915899.03501 29
935554.931903 1915898.84716 29
935554.815063 1915898.64835 29
935554.707178 1915898.46057 29
935554.599293 1915898.27279 29
935554.491323 1915898.07391 29
935554.392393 1915897.89716 29
935554.284508 1915897.70938 29
935554.185493 1915897.52153 29
935554.086563 1915897.34477 29
935553.987548 1915897.15692 29
935553.888533 1915896.96907 29
935553.798473 1915896.79225 29
935553.699543 1915896.61549 29
935553.600528 1915896.42764 29
935553.501598 1915896.25089 29
935553.402668 1915896.07413 29
935553.303738 1915895.89738 29
935553.204808 1915895.72062 29
935553.105878 1915895.54387 29
935553.015903 1915895.37814 29
935552.916973 1915895.20138 29
935552.818128 1915895.03572 29
935552.736938 1915894.85883 29
935552.646962 1915894.6931 29
935552.548118 1915894.52744 29
935552.458142 1915894.36171 29
935552.359298 1915894.19605 29
935552.278277 1915894.04134 29
935552.188302 1915893.87561 29
935552.098412 1915893.72098 29
935552.008437 1915893.55525 29
935551.927417 1915893.40055 29
935551.837527 1915893.24591 29
935551.747552 1915893.08018 29
935551.666532 1915892.92548 29
935551.576642 1915892.77084 29
935551.495537 1915892.60504 29
935551.405647 1915892.45041 29
935551.315757 1915892.29577 29
935551.234736 1915892.14107 29
935551.144761 1915891.97534 29
935551.063741 1915891.82064 29
935550.982636 1915891.65484 29
935550.892831 1915891.5113 29
935550.802856 1915891.34557 29
935550.721836 1915891.19087 29
935550.640815 1915891.03616 29
935550.559795 1915890.88146 29
935550.478775 1915890.72675 29
935550.397755 1915890.57205 29
935550.307865 1915890.41742 29
935550.226844 1915890.26271 29
935550.145909 1915890.1191 29
935550.064804 1915889.9533 29
935549.974914 1915889.79867 29
935549.902764 1915889.6439 29
935549.812873 1915889.48926 29
935549.731853 1915889.33456 29
935549.641963 1915889.17992 29
935549.560943 1915889.02522 29
935549.479838 1915888.85942 29
935549.398817 1915888.70472 29
935549.317797 1915888.55002 29
935549.227907 1915888.39538 29
935549.155756 1915888.24061 29
935549.065866 1915888.08597 29
935548.993716 1915887.9312 29
935548.903826 1915887.77657 29
935548.831675 1915887.62179 29
935548.741785 1915887.46716 29
935548.660765 1915887.31245 29
935548.57966 1915887.14666 29
935548.48977 1915886.99202 29
935548.408664 1915886.82622 29
935548.327559 1915886.66043 29
935548.228799 1915886.50586 29
935548.138823 1915886.34013 29
935548.057803 1915886.18543 29
935547.967828 1915886.0197 29
935547.877853 1915885.85397 29
935547.779008 1915885.68831 29
935547.697987 1915885.5336 29
935547.608012 1915885.36787 29
935547.518122 1915885.21324 29
935547.419192 1915885.03648 29
935547.338171 1915884.88178 29
935547.248281 1915884.72714 29
935547.167261 1915884.57244 29
935547.068416 1915884.40678 29
935546.987395 1915884.25208 29
935546.89742 1915884.08635 29
935546.8164 1915883.93164 29
935546.72651 1915883.77701 29
935546.636619 1915883.62237 29
935546.546729 1915883.46774 29
935546.447884 1915883.30207 29
935546.366949 1915883.15847 29
935546.276888 1915882.98164 29
935546.187169 1915882.84919 29
935546.097108 1915882.67237 29
935546.016173 1915882.52876 29
935545.935152 1915882.37406 29
935545.854132 1915882.21935 29
935545.764327 1915882.07581 29
935545.683222 1915881.91002 29
935545.602201 1915881.75531 29
935545.521096 1915881.58951 29
935545.448945 1915881.43474 29
935545.359055 1915881.28011 29
935545.278034 1915881.1254 29
935545.196929 1915880.95961 29
935545.115908 1915880.8049 29
935545.034803 1915880.63911 29
935544.944913 1915880.48447 29
935544.872762 1915880.3297 29
935544.782702 1915880.15287 29
935544.692726 1915879.98715 29
935544.602666 1915879.81032 29
935544.521475 1915879.63343 29
935544.431414 1915879.45661 29
935544.341354 1915879.27978 29
935544.242338 1915879.09193 29
935544.152363 1915878.9262 29
935544.071172 1915878.74931 29
935543.981111 1915878.57249 29
935543.891051 1915878.39567 29
935543.800905 1915878.20775 29
935543.71093 1915878.04202 29
935543.620784 1915877.8541 29
935543.530894 1915877.69947 29
935543.440833 1915877.52264 29
935543.368597 1915877.35678 29
935543.269667 1915877.18002 29
935543.197431 1915877.01416 29
935543.098501 1915876.8374 29
935543.017395 1915876.6716 29
935542.936204 1915876.49471 29
935542.846314 1915876.34008 29
935542.765208 1915876.17428 29
935542.675318 1915876.01964 29
935542.594212 1915875.85385 29
935542.504237 1915875.68812 29
935542.423131 1915875.52232 29
935542.333156 1915875.35659 29
935542.252135 1915875.20189 29
935542.16216 1915875.03616 29
935542.081224 1915874.89255 29
935541.991334 1915874.73791 29
935541.910228 1915874.57212 29
935541.829293 1915874.42851 29
935541.739317 1915874.26278 29
935541.658297 1915874.10807 29
935541.568321 1915873.94234 29
935541.496256 1915873.79867 29
935541.406366 1915873.64403 29
935541.316645 1915873.51158 29
935541.244495 1915873.35681 29
935541.163559 1915873.2132 29
935541.082624 1915873.06959 29
935541.010558 1915872.92592 29
935540.929538 1915872.77121 29
935540.848688 1915872.6387 29
935540.767582 1915872.4729 29
935540.686732 1915872.34038 29
935540.605796 1915872.19677 29
935540.524861 1915872.05316 29
935540.461665 1915871.90942 29
935540.380815 1915871.7769 29
935540.308749 1915871.63323 29
935540.227814 1915871.48962 29
935540.146963 1915871.3571 29
935540.074813 1915871.20233 29
935539.993877 1915871.05872 29
935539.912942 1915870.91511 29
935539.831921 1915870.76041 29
935539.750986 1915870.6168 29
935539.669965 1915870.46209 29
935539.588945 1915870.30739 29
935539.508009 1915870.16378 29
935539.426903 1915869.99798 29
935539.345968 1915869.85438 29
935539.255992 1915869.68865 29
935539.174972 1915869.53394 29
935539.093951 1915869.37924 29
935539.003975 1915869.21351 29
935538.922955 1915869.05881 29
935538.833064 1915868.90417 29
935538.752044 1915868.74947 29
935538.670938 1915868.58367 29
935538.581047 1915868.42903 29
935538.500027 1915868.27433 29
935538.410136 1915868.1197 29
935538.329116 1915867.96499 29
935538.24801 1915867.79919 29
935538.158119 1915867.64456 29
935538.077099 1915867.48986 29
935537.987123 1915867.32413 29
935537.897233 1915867.16949 29
935537.816127 1915867.00369 29
935537.726151 1915866.83796 29
935537.645045 1915866.67217 29
935537.55507 1915866.50644 29
935537.474049 1915866.35173 29
935537.384073 1915866.18601 29
935537.302967 1915866.02021 29
935537.213162 1915865.87667 29
935537.132056 1915865.71087 29
935537.04208 1915865.54514 29
935536.96106 1915865.39044 29
935536.880039 1915865.23573 29
935536.790149 1915865.0811 29
935536.709043 1915864.9153 29
935536.628107 1915864.77169 29
935536.538217 1915864.61706 29
935536.457196 1915864.46235 29
935536.37626 1915864.31874 29
935536.28637 1915864.16411 29
935536.205349 1915864.0094 29
935536.124413 1915863.86579 29
935536.043393 1915863.71109 29
935535.953587 1915863.56755 29
935535.872567 1915863.41285 29
935535.791631 1915863.26924 29
935535.71061 1915863.11453 29
935535.629675 1915862.97092 29
935535.548739 1915862.82731 29
935535.467803 1915862.68371 29
935535.386868 1915862.5401 29
935535.305847 1915862.38539 29
935535.224912 1915862.24178 29
935535.135021 1915862.08715 29
935535.054085 1915861.94354 29
935534.973065 1915861.78884 29
935534.892044 1915861.63413 29
935534.811023 1915861.47943 29
935534.730002 1915861.32473 29
935534.640197 1915861.18118 29
935534.559091 1915861.01539 29
935534.47807 1915860.86068 29
935534.388094 1915860.69495 29
935534.307159 1915860.55134 29
935534.217183 1915860.38561 29
935534.136162 1915860.23091 29
935534.046271 1915860.07628 29
935533.956296 1915859.91055 29
935533.86632 1915859.74482 29
935533.785214 1915859.57902 29
935533.686453 1915859.42445 29
935533.605347 1915859.25866 29
935533.515372 1915859.09293 29
935533.425481 1915858.93829 29
935533.33559 1915858.78366 29
935533.254569 1915858.62895 29
935533.164594 1915858.46322 29
935533.074703 1915858.30859 29
935532.993682 1915858.15388 29
935532.903706 1915857.98816 29
935532.813816 1915857.83352 29
935532.72384 1915857.66779 29
935532.633949 1915857.51316 29
935532.552928 1915857.35845 29
935532.463037 1915857.20382 29
935532.382017 1915857.04911 29
935532.292041 1915856.88338 29
935532.202235 1915856.73984 29
935532.112174 1915856.56302 29
935532.031238 1915856.41941 29
935531.941263 1915856.25368 29
935531.860327 1915856.11007 29
935531.770351 1915855.94434 29
935531.68046 1915855.78971 29
935531.599354 1915855.62391 29
935531.509463 1915855.46927 29
935531.428357 1915855.30348 29
935531.338467 1915855.14884 29
935531.248406 1915854.97202 29
935531.158515 1915854.81738 29
935531.068539 1915854.65165 29
935530.987433 1915854.48586 29
935530.888587 1915854.3202 29
935530.798526 1915854.14337 29
935530.69968 1915853.97771 29
935530.618404 1915853.78973 29
935530.519473 1915853.61297 29
935530.429412 1915853.43615 29
935530.330481 1915853.25939 29
935530.24042 1915853.08257 29
935530.150359 1915852.90575 29
935530.051428 1915852.72899 29
935529.961366 1915852.55217 29
935529.88026 1915852.38637 29
935529.790114 1915852.19845 29
935529.610077 1915851.8559 29
935529.520101 1915851.69017 29
935529.43004 1915851.51335 29
935529.340064 1915851.34762 29
935529.250003 1915851.17079 29
935529.159942 1915850.99397 29
935529.069966 1915850.82824 29
935528.979904 1915850.65142 29
935528.880973 1915850.47466 29
935528.790997 1915850.30893 29
935528.692066 1915850.13218 29
935528.593135 1915849.95542 29
935528.503074 1915849.7786 29
935528.413098 1915849.61287 29
935528.323037 1915849.43605 29
935528.232976 1915849.25922 29
935528.142914 1915849.0824 29
935528.043983 1915848.90565 29
935527.953922 1915848.72882 29
935527.863946 1915848.56309 29
935527.773885 1915848.38627 29
935527.683824 1915848.20945 29
935527.584893 1915848.03269 29
935527.494831 1915847.85587 29
935527.3959 1915847.67911 29
935527.296884 1915847.49126 29
935527.206823 1915847.31444 29
935527.107807 1915847.12659 29
935527.017745 1915846.94977 29
935526.927599 1915846.76185 29
935526.828668 1915846.5851 29
935526.738607 1915846.40827 29
935526.639675 1915846.23152 29
935526.540659 1915846.04367 29
935526.450683 1915845.87794 29
935526.342797 1915845.69016 29
935526.261691 1915845.52436 29
935526.15389 1915845.34767 29
935526.063828 1915845.17085 29
935525.964897 1915844.9941 29
935525.883791 1915844.8283 29
935525.784775 1915844.64045 29
935525.694799 1915844.47472 29
935525.604652 1915844.2868 29
935525.505806 1915844.12114 29
935525.41566 1915843.93322 29
935525.325598 1915843.7564 29
935525.235537 1915843.57958 29
935525.14539 1915843.39166 29
935525.055329 1915843.21484 29
935524.965268 1915843.03801 29
935524.875206 1915842.86119 29
935524.78506 1915842.67327 29
935524.694999 1915842.49645 29
935524.604852 1915842.30853 29
935524.505921 1915842.13178 29
935524.415689 1915841.93277 29
935524.325628 1915841.75594 29
935524.217742 1915841.56816 29
935524.12768 1915841.39134 29
935524.019709 1915841.19246 29
935523.920778 1915841.01571 29
935523.812806 1915840.81683 29
935523.70492 1915840.62905 29
935523.605818 1915840.43011 29
935523.498017 1915840.25342 29
935523.390131 1915840.06564 29
935523.282245 1915839.87786 29
935523.174273 1915839.67899 29
935523.075257 1915839.49114 29
935522.96737 1915839.30336 29
935522.877224 1915839.11544 29
935522.769252 1915838.91656 29
935522.670321 1915838.73981 29
935522.571305 1915838.55196 29
935522.472203 1915838.35302 29
935522.382056 1915838.1651 29
935522.274085 1915837.96622 29
935522.184023 1915837.7894 29
935522.085007 1915837.60155 29
935521.98599 1915837.4137 29
935521.895844 1915837.22579 29
935521.796827 1915837.03794 29
935521.688771 1915836.82797 29
935521.589839 1915836.65121 29
935521.490737 1915836.45227 29
935521.391806 1915836.27551 29
935521.292704 1915836.07657 29
935521.193773 1915835.89982 29
935521.094757 1915835.71197 29
935520.995825 1915835.53521 29
935520.896724 1915835.33627 29
935520.806747 1915835.17054 29
935520.698776 1915834.97166 29
935520.608714 1915834.79484 29
935520.491873 1915834.59603 29
935520.392941 1915834.41928 29
935520.285055 1915834.2315 29
935520.186038 1915834.04365 29
935520.078152 1915833.85587 29
935519.988176 1915833.69014 29
935519.880204 1915833.49126 29
935519.790228 1915833.32554 29
935519.601235 1915832.97196 29
935519.493348 1915832.78418 29
935519.403372 1915832.61845 29
935519.313225 1915832.43053 29
935519.223249 1915832.2648 29
935519.133187 1915832.08798 29
935519.052081 1915831.92218 29
935518.962019 1915831.74536 29
935518.880912 1915831.57956 29
935518.799806 1915831.41376 29
935518.709915 1915831.25913 29
935518.619853 1915831.0823 29
935518.529877 1915830.91658 29
935518.448685 1915830.73968 29
935518.358623 1915830.56286 29
935518.259692 1915830.38611 29
935518.169545 1915830.19819 29
935518.070528 1915830.01034 29
935517.971512 1915829.82249 29
935517.86354 1915829.62362 29
935517.764609 1915829.44686 29
935517.665507 1915829.24792 29
935517.55762 1915829.06014 29
935517.458604 1915828.87229 29
935517.359587 1915828.68444 29
935517.26057 1915828.49659 29
935517.152684 1915828.30881 29
935517.053667 1915828.12096 29
935516.954735 1915827.9442 29
935516.846849 1915827.75642 29
935516.756787 1915827.5796 29
935516.65777 1915827.39175 29
935516.549884 1915827.20397 29
935516.459737 1915827.01605 29
935516.351936 1915826.83937 29
935516.261789 1915826.65145 29
935516.162857 1915826.47469 29
935516.05497 1915826.28691 29
935515.964824 1915826.099 29
935515.865892 1915825.92224 29
935515.76679 1915825.7233 29
935515.667773 1915825.53545 29
935515.559887 1915825.34767 29
935515.46974 1915825.15975 29
935515.361768 1915824.96088 29
935515.271621 1915824.77296 29
935515.172519 1915824.57402 29
935515.064547 1915824.37514 29
935514.965445 1915824.1762 29
935514.866343 1915823.97725 29
935514.758457 1915823.78947 29
935514.659355 1915823.59053 29
935514.551383 1915823.39166 29
935514.461065 1915823.18155 29
935514.353179 1915822.99377 29
935514.245122 1915822.7838 29
935514.146105 1915822.59595 29
935514.038048 1915822.38598 29
935513.938946 1915822.18704 29
935513.830974 1915821.98816 29
935513.722831 1915821.7671 29
935513.61486 1915821.56823 29
935513.398745 1915821.14829 29
935513.281818 1915820.93839 29
935513.173846 1915820.73951 29
935513.065789 1915820.52954 29
935512.957817 1915820.33067 29
935512.84976 1915820.1207 29
935512.741703 1915819.91073 29
935512.633646 1915819.70076 29
935512.516804 1915819.50196 29
935512.417702 1915819.30301 29
935512.309645 1915819.09304 29
935512.201588 1915818.88308 29
935512.102485 1915818.68413 29
935511.985644 1915818.48533 29
935511.886541 1915818.28638 29
935511.778484 1915818.07641 29
935511.679382 1915817.87747 29
935511.57124 1915817.65641 29
935511.463353 1915817.46863 29
935511.35521 1915817.24756 29
935511.247238 1915817.04869 29
935511.139096 1915816.82763 29
935511.031039 1915816.61766 29
935510.923067 1915816.41878 29
935510.814924 1915816.19772 29
935510.706952 1915815.99884 29
935510.60768 1915815.77771 29
935510.490752 1915815.56781 29
935510.39165 1915815.36887 29
935510.175451 1915814.93784 29
935510.067478 1915814.73896 29
935509.950381 1915814.50687 29
935509.860149 1915814.30786 29
935509.734181 1915814.07584 29
935509.634994 1915813.86581 29
935509.509111 1915813.64488 29
935509.418794 1915813.43477 29
935509.275087 1915813.20289 29
935509.184939 1915813.01497 29
935509.058972 1915812.78295 29
935508.933175 1915812.57312 29
935508.825203 1915812.37424 29
935508.70819 1915812.15325 29
935508.591348 1915811.95444 29
935508.465551 1915811.74461 29
935508.348624 1915811.53471 29
935508.222827 1915811.32488 29
935508.097115 1915811.12614 29
935507.980188 1915810.91624 29
935507.845606 1915810.71757 29
935507.719809 1915810.50773 29
935507.594182 1915810.32009 29
935507.468299 1915810.09916 29
935507.333718 1915809.90049 29
935507.199136 1915809.70182 29
935507.064554 1915809.50315 29
935506.929887 1915809.29339 29
935506.804345 1915809.11684 29
935506.669763 1915808.91817 29
935506.544222 1915808.74162 29
935506.418595 1915808.55397 29
935506.292968 1915808.36633 29
935506.167512 1915808.20087 29
935506.033015 1915808.01329 29
935505.916428 1915807.84777 29
935505.782017 1915807.67129 29
935505.674471 1915807.52788 29
935505.540059 1915807.3514 29
935505.432428 1915807.1969 29
935505.307056 1915807.04254 29
935505.19951 1915806.89913 29
935505.083009 1915806.7447 29
935504.859131 1915806.46906 29
935504.75167 1915806.33674 29
935504.653164 1915806.21546 29
935504.554573 1915806.08308 29
935504.456152 1915805.97289 29
935504.357646 1915805.85161 29
935504.276965 1915805.74128 29
935504.178544 1915805.63109 29
935504.098034 1915805.54295 29
935504.008483 1915805.43269 29
935503.936842 1915805.34448 29
935503.865287 1915805.26737 29
935503.802601 1915805.19019 29
935503.74887 1915805.12403 29
935503.68627 1915805.05795 29
935503.641494 1915805.00282 29
935503.596719 1915804.94769 29
935503.560899 1915804.90358 29
935503.525163 1915804.87057 29
935503.489343 1915804.82647 29
935503.453608 1915804.79346 29
935503.426657 1915804.74929 29
935503.391007 1915804.72737 29
935503.364142 1915804.6943 29
935503.337277 1915804.66122 29
935503.310412 1915804.62814 29
935503.283632 1915804.60616 29
935503.265721 1915804.58411 29
935503.256681 1915804.56199 29
935503.238856 1915804.55103 29
935503.220946 1915804.52898 29
935503.211991 1915804.51795 29
935503.203121 1915804.51802 29
935503.194166 1915804.50699 29
935503.194081 1915804.4959 29
935503.194081 1915804.4959 29
935503.194081 1915804.4959 29
935503.194081 1915804.4959 29
935503.194081 1915804.4959 29
935503.194081 1915804.4959 29
