935535.429202 1915851.87779 1
935535.429202 1915851.87779 1
935535.429202 1915851.87779 1
935535.429117 1915851.8667 1
935535.429117 1915851.8667 1
935535.429117 1915851.8667 1
935535.429117 1915851.8667 1
935535.429117 1915851.8667 1
935535.429117 1915851.8667 1
935535.429117 1915851.8667 1
935535.429202 1915851.87779 1
935535.438157 1915851.88882 1
935535.438242 1915851.89991 1
935535.447197 1915851.91094 1
935535.465107 1915851.93299 1
935535.483102 1915851.96614 1
935535.501183 1915852.01038 1
935535.528218 1915852.06564 1
935535.564038 1915852.10975 1
935535.600028 1915852.17604 1
935535.636104 1915852.25342 1
935535.672094 1915852.31972 1
935535.70817 1915852.3971 1
935535.753115 1915852.47442 1
935535.79806 1915852.55174 1
935535.834136 1915852.62912 1
935535.879081 1915852.70644 1
935535.915157 1915852.78383 1
935535.960187 1915852.87224 1
935536.005132 1915852.94956 1
935536.050163 1915853.03797 1
935536.086324 1915853.12645 1
935536.140139 1915853.2037 1
935536.185169 1915853.29211 1
935536.22133 1915853.38059 1
935536.27523 1915853.46893 1
935536.320261 1915853.55734 1
935536.356421 1915853.64582 1
935536.401537 1915853.74533 1
935536.446568 1915853.83374 1
935536.491598 1915853.92215 1
935536.545584 1915854.02159 1
935536.590614 1915854.11 1
935536.63573 1915854.20951 1
935536.68076 1915854.29792 1
935536.734746 1915854.39736 1
935536.779776 1915854.48577 1
935536.833762 1915854.58521 1
935536.878792 1915854.67362 1
935536.923908 1915854.77312 1
935536.968938 1915854.86153 1
935537.022839 1915854.94988 1
935537.067869 1915855.03829 1
935537.112899 1915855.1267 1
935537.1668 1915855.21505 1
935537.211915 1915855.31455 1
935537.265901 1915855.41399 1
935537.319801 1915855.50233 1
935537.373787 1915855.60177 1
935537.427772 1915855.70121 1
935537.481758 1915855.80065 1
935537.535743 1915855.90008 1
935537.589643 1915855.98843 1
935537.643714 1915856.09896 1
935537.697614 1915856.1873 1
935537.751515 1915856.27565 1
935537.8055 1915856.37508 1
935537.868355 1915856.47445 1
935537.922341 1915856.57389 1
935537.976241 1915856.66223 1
935538.030227 1915856.76167 1
935538.093082 1915856.86104 1
935538.147067 1915856.96048 1
935538.209923 1915857.05985 1
935538.263908 1915857.15929 1
935538.326763 1915857.25865 1
935538.389619 1915857.35802 1
935538.443604 1915857.45746 1
935538.506374 1915857.54574 1
935538.569229 1915857.64511 1
935538.62313 1915857.73345 1
935538.6859 1915857.82173 1
935538.74867 1915857.91 1
935538.820395 1915858.0093 1
935538.88308 1915858.08648 1
935538.94585 1915858.17476 1
935539.01749 1915858.26297 1
935539.08913 1915858.35117 1
935539.160685 1915858.42829 1
935539.241109 1915858.50533 1
935539.312749 1915858.59354 1
935539.393089 1915858.65949 1
935539.473513 1915858.73654 1
935539.553938 1915858.81358 1
935539.643147 1915858.87947 1
935539.723487 1915858.94542 1
935539.812696 1915859.0113 1
935539.910775 1915859.07712 1
935539.999899 1915859.13191 1
935540.097893 1915859.18663 1
935540.195887 1915859.24135 1
935540.293881 1915859.29607 1
935540.39179 1915859.3397 1
935540.498568 1915859.38325 1
935540.596477 1915859.42688 1
935540.703256 1915859.47044 1
935540.818734 1915859.49174 1
935540.916557 1915859.52428 1
935541.032121 1915859.55667 1
935541.138729 1915859.57804 1
935541.245337 1915859.59942 1
935541.3609 1915859.63181 1
935541.467509 1915859.65318 1
935541.583072 1915859.68558 1
935541.698465 1915859.69579 1
935541.805073 1915859.71716 1
935541.911681 1915859.73853 1
935542.036029 1915859.75977 1
935542.142638 1915859.78114 1
935542.258116 1915859.80244 1
935542.382378 1915859.81258 1
935542.497857 1915859.83388 1
935542.622119 1915859.84403 1
935542.746382 1915859.85417 1
935542.879515 1915859.86424 1
935543.003863 1915859.88547 1
935543.12804 1915859.88452 1
935543.252388 1915859.90576 1
935543.376566 1915859.9048 1
935543.500829 1915859.91494 1
935543.625091 1915859.92508 1
935543.749354 1915859.93522 1
935543.882487 1915859.9453 1
935544.006749 1915859.95544 1
935544.139882 1915859.96551 1
935544.264145 1915859.97565 1
935544.388408 1915859.98579 1
935544.521625 1915860.00696 1
935544.645803 1915860.00601 1
935544.770151 1915860.02724 1
935544.894328 1915860.02629 1
935545.018676 1915860.04752 1
935545.133899 1915860.03554 1
935545.258162 1915860.04569 1
935545.373555 1915860.05589 1
935545.497817 1915860.06604 1
935545.61321 1915860.07624 1
935545.728518 1915860.07536 1
935545.852781 1915860.0855 1
935545.959304 1915860.09578 1
935546.083567 1915860.10592 1
935546.198875 1915860.10503 1
935546.305398 1915860.11531 1
935546.420791 1915860.12552 1
935546.527229 1915860.1247 1
935546.598187 1915860.12416 1
935546.678101 1915860.13464 1
935546.71358 1915860.13437 1
935546.73132 1915860.13423 1
935546.73132 1915860.13423 1
935546.71358 1915860.13437 1
935546.73132 1915860.13423 1
935546.72245 1915860.1343 1
935546.73132 1915860.13423 1
935546.72245 1915860.1343 1
935546.73132 1915860.13423 1
935546.72245 1915860.1343 1
935546.72245 1915860.1343 1
935546.72245 1915860.1343 1
935546.72245 1915860.1343 1
935546.72245 1915860.1343 1
935546.72245 1915860.1343 1
935546.72245 1915860.1343 1
935546.72245 1915860.1343 1
935546.72245 1915860.1343 1
935546.72245 1915860.1343 1
935546.72245 1915860.1343 1
935546.72245 1915860.1343 1
935546.72245 1915860.1343 1
935546.72245 1915860.1343 1
935546.72245 1915860.1343 1
935546.72245 1915860.1343 1
935546.72245 1915860.1343 1
935546.72245 1915860.1343 1
935546.72245 1915860.1343 1
935546.72245 1915860.1343 1
935546.72245 1915860.1343 1
935546.72245 1915860.1343 1
935546.72245 1915860.1343 1