955551.102265 1956932.81995 12
955551.102265 1956932.81995 12
955551.102265 1956932.81995 12
955551.102265 1956932.81995 12
955551.102265 1956932.81995 12
955551.102265 1956932.81995 12
955551.102265 1956932.81995 12
955551.102265 1956932.81995 12
955551.102265 1956932.81995 12
955551.103874 1956932.82867 12
955551.102265 1956932.81995 12
955551.102265 1956932.81995 12
955551.103874 1956932.82867 12
955551.102265 1956932.81995 12
955551.102265 1956932.81995 12
955551.102265 1956932.81995 12
955551.102265 1956932.81995 12
955551.103874 1956932.82867 12
955551.092967 1956932.83068 12
955551.092967 1956932.83068 12
955551.072753 1956932.84342 12
955551.063446 1956932.85416 12
955551.043231 1956932.8669 12
955551.024626 1956932.88836 12
955550.993505 1956932.90312 12
955550.963984 1956932.9266 12
955550.923555 1956932.95208 12
955550.884736 1956932.98629 12
955550.855214 1956933.00977 12
955550.805488 1956933.04599 12
955550.76506 1956933.07148 12
955550.715324 1956933.1077 12
955550.665588 1956933.14392 12
955550.615862 1956933.18014 12
955550.566126 1956933.21636 12
955550.505483 1956933.25459 12
955550.455747 1956933.29081 12
955550.396714 1956933.33776 12
955550.33768 1956933.38472 12
955550.275428 1956933.41422 12
955550.205488 1956933.46319 12
955550.157362 1956933.50813 12
955550.085802 1956933.54837 12
955550.02516 1956933.5866 12
955549.966126 1956933.63355 12
955549.894577 1956933.67379 12
955549.815329 1956933.73349 12
955549.745379 1956933.78246 12
955549.664522 1956933.83343 12
955549.585274 1956933.89313 12
955549.493501 1956933.94611 12
955549.403346 1956934.00782 12
955549.314791 1956934.07825 12
955549.212111 1956934.13324 12
955549.112649 1956934.20568 12
955549.022485 1956934.26739 12
955548.921413 1956934.33111 12
955548.831249 1956934.39282 12
955548.730178 1956934.45653 12
955548.640023 1956934.51824 12
955548.549859 1956934.57995 12
955548.448788 1956934.64366 12
955548.367931 1956934.69464 12
955548.26686 1956934.75836 12
955548.176706 1956934.82006 12
955548.08815 1956934.89049 12
955547.996377 1956934.94348 12
955547.907822 1956935.01391 12
955547.806751 1956935.07763 12
955547.716596 1956935.13933 12
955547.626432 1956935.20104 12
955547.536277 1956935.26275 12
955547.366865 1956935.38415 12
955547.275092 1956935.43714 12
955547.195844 1956935.49683 12
955547.10568 1956935.55854 12
955547.024823 1956935.60951 12
955546.925361 1956935.68195 12
955546.835206 1956935.74366 12
955546.734135 1956935.80738 12
955546.634664 1956935.87982 12
955546.535202 1956935.95226 12
955546.43574 1956936.0247 12
955546.336278 1956936.09714 12
955546.236806 1956936.16958 12
955546.14826 1956936.24001 12
955546.050398 1956936.32117 12
955545.950936 1956936.39361 12
955545.851474 1956936.46606 12
955545.753611 1956936.54722 12
955545.665056 1956936.61765 12
955545.556296 1956936.70082 12
955545.467741 1956936.77125 12
955545.369878 1956936.85242 12
955545.272026 1956936.93358 12
955545.174173 1956937.01474 12
955545.07631 1956937.09591 12
955544.978457 1956937.17707 12
955544.880595 1956937.25823 12
955544.793649 1956937.33739 12
955544.695796 1956937.41855 12
955544.597933 1956937.49972 12
955544.413134 1956937.66003 12
955544.305974 1956937.75193 12
955544.197204 1956937.8351 12
955544.100951 1956937.92499 12
955544.004707 1956938.01488 12
955543.897547 1956938.10677 12
955543.799684 1956938.18794 12
955543.70344 1956938.27782 12
955543.605578 1956938.35899 12
955543.498417 1956938.45088 12
955543.402174 1956938.54077 12
955543.30592 1956938.63066 12
955543.209667 1956938.72054 12
955543.111814 1956938.80171 12
955543.004653 1956938.8936 12
955542.9084 1956938.98349 12
955542.812156 1956939.07338 12
955542.704996 1956939.16527 12
955542.599435 1956939.26589 12
955542.493884 1956939.36651 12
955542.386723 1956939.45841 12
955542.281172 1956939.55903 12
955542.174012 1956939.65093 12
955542.059153 1956939.76228 12
955541.951993 1956939.85418 12
955541.837134 1956939.96553 12
955541.720676 1956940.06816 12
955541.605818 1956940.17951 12
955541.48935 1956940.28214 12
955541.374491 1956940.3935 12
955541.258033 1956940.49612 12
955541.152472 1956940.59675 12
955541.037614 1956940.7081 12
955540.921156 1956940.81073 12
955540.806297 1956940.92208 12
955540.689829 1956941.02471 12
955540.57498 1956941.13606 12
955540.458513 1956941.23869 12
955540.332747 1956941.35206 12
955540.228795 1956941.4614 12
955540.113937 1956941.57275 12
955539.999088 1956941.68411 12
955539.88262 1956941.78674 12
955539.767761 1956941.89809 12
955539.651294 1956942.00072 12
955539.538044 1956942.1208 12
955539.421586 1956942.22343 12
955539.306728 1956942.33478 12
955539.201176 1956942.4354 12
955539.086318 1956942.54675 12
955538.982366 1956942.6561 12
955538.876815 1956942.75671 12
955538.772872 1956942.86606 12
955538.667311 1956942.96668 12
955538.56176 1956943.0673 12
955538.456209 1956943.16792 12
955538.350658 1956943.26854 12
955538.245107 1956943.36915 12
955538.139546 1956943.46978 12
955538.035604 1956943.57912 12
955537.919136 1956943.68175 12
955537.824491 1956943.78036 12
955537.71894 1956943.88098 12
955537.613389 1956943.9816 12
955537.518744 1956944.08021 12
955537.413193 1956944.18083 12
955537.307642 1956944.28145 12
955537.200482 1956944.37334 12
955537.098139 1956944.49141 12
955536.992588 1956944.59203 12
955536.877729 1956944.70338 12
955536.783085 1956944.80199 12
955536.668226 1956944.91334 12
955536.561066 1956945.00524 12
955536.457124 1956945.11458 12
955536.351563 1956945.2152 12
955536.246011 1956945.31582 12
955536.149768 1956945.40571 12
955536.034909 1956945.51706 12
955535.927749 1956945.60896 12
955535.811281 1956945.71159 12
955535.715027 1956945.80148 12
955535.598569 1956945.9041 12
955535.482102 1956946.00674 12
955535.37655 1956946.10735 12
955535.260083 1956946.20999 12
955535.142015 1956946.30389 12
955535.036464 1956946.40451 12
955534.929304 1956946.49641 12
955534.811227 1956946.59031 12
955534.704067 1956946.68221 12
955534.586 1956946.77612 12
955534.467923 1956946.87003 12
955534.360762 1956946.96192 12
955534.244294 1956947.06455 12
955534.126227 1956947.15846 12
955534.017458 1956947.24163 12
955533.899391 1956947.33554 12
955533.781314 1956947.42945 12
955533.672554 1956947.51262 12
955533.563785 1956947.59579 12
955533.445708 1956947.6897 12
955533.336938 1956947.77287 12
955533.217262 1956947.85806 12
955533.097586 1956947.94324 12
955532.979509 1956948.03715 12
955532.86914 1956948.1116 12
955532.629778 1956948.28197 12
955532.508492 1956948.35843 12
955532.387207 1956948.43489 12
955532.255015 1956948.51336 12
955532.146246 1956948.59653 12
955532.014053 1956948.675 12
955531.892768 1956948.75146 12
955531.758957 1956948.82121 12
955531.650188 1956948.90438 12
955531.517995 1956948.98285 12
955531.395101 1956949.05059 12
955531.264518 1956949.13778 12
955531.141623 1956949.20552 12
955531.009421 1956949.28399 12
955530.886527 1956949.35173 12
955530.755944 1956949.43892 12
955530.63305 1956949.50666 12
955530.499248 1956949.57641 12
955530.368656 1956949.66361 12
955530.234854 1956949.73335 12
955530.101053 1956949.8031 12
955529.978159 1956949.87084 12
955529.856873 1956949.9473 12
955529.724671 1956950.02577 12
955529.59087 1956950.09552 12
955529.467975 1956950.16325 12
955529.345081 1956950.23099 12
955529.212889 1956950.30946 12
955529.079088 1956950.37921 12
955528.946886 1956950.45768 12
955528.813084 1956950.52743 12
955528.680892 1956950.6059 12
955528.547081 1956950.67565 12
955528.403982 1956950.75613 12
955528.282697 1956950.83259 12
955528.139588 1956950.91307 12
955527.99648 1956950.99355 12
955527.864278 1956951.07202 12
955527.721179 1956951.1525 12
955527.588977 1956951.23097 12
955527.445868 1956951.31145 12
955527.302759 1956951.39194 12
955527.170567 1956951.47041 12
955527.027458 1956951.55089 12
955526.875052 1956951.6421 12
955526.74285 1956951.72057 12
955526.590444 1956951.81179 12
955526.445726 1956951.88354 12
955526.304226 1956951.97275 12
955526.161117 1956952.05323 12
955526.008711 1956952.14444 12
955525.863993 1956952.2162 12
955525.722494 1956952.30541 12
955525.566869 1956952.37917 12
955525.414463 1956952.47039 12
955525.271354 1956952.55087 12
955525.115729 1956952.62464 12
955524.972621 1956952.70512 12
955524.818605 1956952.78761 12
955524.673887 1956952.85937 12
955524.519872 1956952.94186 12
955524.375154 1956953.01362 12
955524.221139 1956953.09611 12
955524.067123 1956953.1786 12
955523.913098 1956953.26109 12
955523.746566 1956953.33687 12
955523.592551 1956953.41936 12
955523.42601 1956953.49514 12
955523.271994 1956953.57763 12
955523.107062 1956953.66213 12
955522.951437 1956953.7359 12
955522.784906 1956953.81167 12
955522.640188 1956953.88343 12
955522.472048 1956953.95049 12
955522.316423 1956954.02426 12
955522.160798 1956954.09802 12
955522.005174 1956954.17179 12
955521.846331 1956954.22811 12
955521.703232 1956954.30859 12
955521.545998 1956954.37364 12
955521.40128 1956954.4454 12
955521.245656 1956954.51917 12
955521.100938 1956954.59092 12
955520.95623 1956954.66268 12
955520.800605 1956954.73645 12
955520.665195 1956954.79747 12
955520.51117 1956954.87996 12
955520.364852 1956954.943 12
955520.210837 1956955.02549 12
955520.077026 1956955.09524 12
955519.932318 1956955.167 12
955519.7876 1956955.23875 12
955519.644491 1956955.31924 12
955519.509081 1956955.38026 12
955519.364373 1956955.45202 12
955519.228962 1956955.51304 12
955519.084244 1956955.5848 12
955518.948834 1956955.64582 12
955518.802517 1956955.70886 12
955518.668706 1956955.77861 12
955518.531686 1956955.83091 12
955518.396276 1956955.89193 12
955518.259266 1956955.94423 12
955518.136372 1956956.01197 12
955517.997743 1956956.05555 12
955517.863942 1956956.1253 12
955517.73623 1956956.16687 12
955517.600819 1956956.22789 12
955517.474707 1956956.27818 12
955517.317473 1956956.34323 12
955517.180463 1956956.39553 12
955517.023229 1956956.46057 12
955516.897117 1956956.51086 12
955516.7508 1956956.5739 12
955516.602873 1956956.62821 12
955516.454937 1956956.68252 12
955516.307011 1956956.73683 12
955516.160694 1956956.79987 12
955516.012758 1956956.85418 12
955515.853925 1956956.9105 12
955515.705998 1956956.96481 12
955515.558062 1956957.01913 12
955515.408527 1956957.06471 12
955515.26221 1956957.12775 12
955515.103367 1956957.18407 12
955514.944534 1956957.24039 12
955514.784082 1956957.28799 12
955514.636155 1956957.3423 12
955514.475713 1956957.3899 12
955514.318479 1956957.45495 12
955514.147121 1956957.50456 12
955513.988278 1956957.56088 12
955513.838742 1956957.60647 12
955513.679909 1956957.66279 12
955513.521066 1956957.71911 12
955513.360615 1956957.76671 12
955513.200172 1956957.81431 12
955513.041329 1956957.87063 12
955512.880887 1956957.91823 12
955512.731352 1956957.96382 12
955512.5709 1956958.01142 12
955512.399551 1956958.06102 12
955512.239099 1956958.10862 12
955512.077048 1956958.1475 12
955511.918205 1956958.20382 12
955511.756153 1956958.2427 12
955511.595711 1956958.2903 12
955511.435259 1956958.33789 12
955511.262301 1956958.37878 12
955511.090942 1956958.42839 12
955510.930491 1956958.47599 12
955510.759142 1956958.5256 12
955510.607997 1956958.56246 12
955510.436638 1956958.61207 12
955510.283885 1956958.64021 12
955510.123442 1956958.68781 12
955509.972298 1956958.72468 12
955509.821153 1956958.76154 12
955509.673227 1956958.81586 12
955509.532989 1956958.85071 12
955509.383454 1956958.8963 12
955509.244835 1956958.93988 12
955509.106206 1956958.98346 12
955508.976885 1956959.0163 12
955508.839866 1956959.0686 12
955508.701247 1956959.11218 12
955508.562618 1956959.15576 12
955508.42399 1956959.19934 12
955508.272855 1956959.2362 12
955508.12332 1956959.28179 12
955507.975383 1956959.33611 12
955507.824249 1956959.37297 12
955507.676313 1956959.42728 12
955507.526777 1956959.47287 12
955507.366335 1956959.52047 12
955507.2168 1956959.56606 12
955507.067264 1956959.61165 12
955506.917729 1956959.65723 12
955506.769793 1956959.71155 12
955506.60935 1956959.75915 12
955506.459815 1956959.80473 12
955506.311889 1956959.85905 12
955506.160744 1956959.89591 12
955506.000302 1956959.94351 12
955505.852366 1956959.99782 12
955505.691924 1956960.04542 12
955505.531472 1956960.09302 12
955505.372639 1956960.14934 12
955505.221494 1956960.18621 12
955505.062651 1956960.24253 12
955504.913116 1956960.28812 12
955504.752674 1956960.33572 12
955504.614045 1956960.37929 12
955504.453603 1956960.42689 12
955504.313365 1956960.46175 12
955504.152923 1956960.50935 12
955504.023602 1956960.54219 12
955503.86315 1956960.58979 12
955503.733828 1956960.62264 12
955503.584293 1956960.66823 12
955503.442456 1956960.69436 12
955503.282014 1956960.74196 12
955503.143385 1956960.78553 12
955502.981334 1956960.82441 12
955502.841096 1956960.85927 12
955502.689961 1956960.89613 12
955502.5279 1956960.93501 12
955502.376766 1956960.97187 12
955502.225621 1956961.00874 12
955502.06357 1956961.04761 12
955501.901509 1956961.08649 12
955501.748765 1956961.11463 12
955501.586704 1956961.15351 12
955501.435569 1956961.19037 12
