955568.875223 1956919.86782 0
955568.865925 1956919.87855 0
955568.845711 1956919.8913 0
955568.827106 1956919.91276 0
955568.797585 1956919.93624 0
955568.768073 1956919.95972 0
955568.749459 1956919.98119 0
955568.70903 1956920.00668 0
955568.67182 1956920.04961 0
955568.633001 1956920.08382 0
955568.573968 1956920.13078 0
955568.513326 1956920.16901 0
955568.457501 1956920.23341 0
955568.378254 1956920.29311 0
955568.302215 1956920.37026 0
955568.21367 1956920.44069 0
955568.126724 1956920.51984 0
955568.027263 1956920.59229 0
955567.93101 1956920.68218 0
955567.822241 1956920.76536 0
955567.711873 1956920.83981 0
955567.597015 1956920.95117 0
955567.486647 1956921.02562 0
955567.368571 1956921.11953 0
955567.270719 1956921.2007 0
955567.152652 1956921.29461 0
955567.045493 1956921.38651 0
955566.925817 1956921.47169 0
955566.818657 1956921.5636 0
955566.709889 1956921.64677 0
955566.591822 1956921.74068 0
955566.483053 1956921.82386 0
955566.364987 1956921.91777 0
955566.245302 1956922.00296 0
955566.127235 1956922.09687 0
955566.020076 1956922.18877 0
955565.902009 1956922.28268 0
955565.783933 1956922.37659 0
955565.665867 1956922.4705 0
955565.5478 1956922.56441 0
955565.429724 1956922.65832 0
955565.313267 1956922.76096 0
955565.1968 1956922.86359 0
955565.069436 1956922.96823 0
955564.943661 1956923.0816 0
955564.827204 1956923.18424 0
955564.690523 1956923.29961 0
955564.575675 1956923.41097 0
955564.324136 1956923.63771 0
955564.187464 1956923.75308 0
955564.0617 1956923.86645 0
955563.912503 1956923.97512 0
955563.777431 1956924.09922 0
955563.629853 1956924.2166 0
955563.491562 1956924.32326 0
955563.345583 1956924.44937 0
955563.196386 1956924.55804 0
955563.050408 1956924.68415 0
955562.90282 1956924.80154 0
955562.744325 1956924.92094 0
955562.596737 1956925.03832 0
955562.428935 1956925.16846 0
955562.281347 1956925.28584 0
955562.111946 1956925.40725 0
955561.964358 1956925.52464 0
955561.805853 1956925.64404 0
955561.656666 1956925.7527 0
955561.498162 1956925.8721 0
955561.350574 1956925.98949 0
955561.19047 1956926.10017 0
955561.044491 1956926.22628 0
955560.884388 1956926.33695 0
955560.738409 1956926.46306 0
955560.579914 1956926.58246 0
955560.432326 1956926.69985 0
955560.275431 1956926.82797 0
955560.116936 1956926.94737 0
955559.970957 1956927.07348 0
955559.812463 1956927.19288 0
955559.653958 1956927.31228 0
955559.497073 1956927.4404 0
955559.340177 1956927.56852 0
955559.181683 1956927.68792 0
955559.023188 1956927.80732 0
955558.866293 1956927.93544 0
955558.707798 1956928.05484 0
955558.549294 1956928.17424 0
955558.390799 1956928.29364 0
955558.232304 1956928.41304 0
955558.075409 1956928.54116 0
955557.916914 1956928.66056 0
955557.75842 1956928.77995 0
955557.598316 1956928.89063 0
955557.430514 1956929.02076 0
955557.272009 1956929.14016 0
955557.102608 1956929.26157 0
955556.944103 1956929.38097 0
955556.774702 1956929.50238 0
955556.617807 1956929.6305 0
955556.450005 1956929.76063 0
955556.29151 1956929.88003 0
955556.123708 1956930.01016 0
955555.965213 1956930.12956 0
955555.808318 1956930.25768 0
955555.640516 1956930.38781 0
955555.482021 1956930.50721 0
955555.325126 1956930.63533 0
955555.166631 1956930.75473 0
955555.008136 1956930.87413 0
955554.849632 1956930.99353 0
955554.691137 1956931.11293 0
955554.54194 1956931.22159 0
955554.385055 1956931.34971 0
955554.237467 1956931.4671 0
955554.078972 1956931.5865 0
955553.932983 1956931.71261 0
955553.783796 1956931.82127 0
955553.626901 1956931.9494 0
955553.479313 1956932.06679 0
955553.333334 1956932.1929 0
955553.196663 1956932.30827 0
955553.038158 1956932.42767 0
955552.901487 1956932.54305 0
955552.755508 1956932.66916 0
955552.618827 1956932.78454 0
955552.482155 1956932.89992 0
955552.345474 1956933.01529 0
955552.210412 1956933.13939 0
955552.061215 1956933.24806 0
955551.926143 1956933.37216 0
955551.776945 1956933.48083 0
955551.651181 1956933.59419 0
955551.514509 1956933.70957 0
955551.377828 1956933.82495 0
955551.239548 1956933.9316 0
955551.102866 1956934.04698 0
955550.964586 1956934.15363 0
955550.827914 1956934.26901 0
955550.689624 1956934.37567 0
955550.551343 1956934.48232 0
955550.414662 1956934.5977 0
955550.276382 1956934.70435 0
955550.1397 1956934.81973 0
955550.010727 1956934.91565 0
955549.874046 1956935.03103 0
955549.723249 1956935.13097 0
955549.586568 1956935.24635 0
955549.448288 1956935.353 0
955549.310007 1956935.45966 0
955549.16081 1956935.56832 0
955549.02252 1956935.67498 0
955548.884239 1956935.78163 0
955548.735042 1956935.89029 0
955548.596761 1956935.99695 0
955548.447564 1956936.10561 0
955548.298377 1956936.21428 0
955548.14918 1956936.32294 0
955548.010899 1956936.4296 0
955547.871 1956936.52753 0
955547.723412 1956936.64492 0
955547.585131 1956936.75157 0
955547.435934 1956936.86023 0
955547.286747 1956936.9689 0
955547.148456 1956937.07555 0
955547.000868 1956937.19294 0
955546.842374 1956937.31234 0
955546.683879 1956937.43174 0
955546.554896 1956937.52766 0
955546.39801 1956937.65578 0
955546.248813 1956937.76444 0
955546.112132 1956937.87982 0
955545.962944 1956937.98849 0
955545.796742 1956938.12734 0
955545.667769 1956938.22326 0
955545.501576 1956938.36212 0
955545.383499 1956938.45603 0
955545.215697 1956938.58616 0
955545.09924 1956938.68879 0
955544.940735 1956938.80819 0
955544.813371 1956938.91283 0
955544.665783 1956939.03022 0
955544.53841 1956939.13487 0
955544.381514 1956939.26299 0
955544.243234 1956939.36964 0
955544.095645 1956939.48703 0
955543.969881 1956939.6004 0
955543.822293 1956939.71778 0
955543.685612 1956939.83316 0
955543.547331 1956939.93982 0
955543.41066 1956940.05519 0
955543.275587 1956940.17929 0
955543.12639 1956940.28796 0
955542.991318 1956940.41206 0
955542.853038 1956940.51871 0
955542.717965 1956940.64281 0
955542.581294 1956940.75819 0
955542.433706 1956940.87558 0
955542.307941 1956940.98895 0
955542.160353 1956941.10633 0
955542.025281 1956941.23044 0
955541.887001 1956941.33709 1
955541.741022 1956941.4632 1
955541.604341 1956941.57858 1
955541.469269 1956941.70268 1
955541.332597 1956941.81806 1
955541.186618 1956941.94417 1
955541.049937 1956942.05954 1
955540.903958 1956942.18566 1
955540.767287 1956942.30103 1
955540.619699 1956942.41842 1
955540.484627 1956942.54252 1
955540.338648 1956942.66863 1
955540.201966 1956942.78401 1
955540.054378 1956942.9014 1
955539.905191 1956943.01006 1
955539.759212 1956943.13617 1
955539.610015 1956943.24484 1
955539.438995 1956943.35752 1
955539.291407 1956943.47491 1
955539.132912 1956943.59431 1
955538.983715 1956943.70297 1
955538.826829 1956943.83109 1
955538.688539 1956943.93775 1
955538.54256 1956944.06386 1
955538.393372 1956944.17252 1
955538.245784 1956944.28991 1
955538.098196 1956944.4073 1
955537.939692 1956944.5267 1
955537.792104 1956944.64409 1
955537.642916 1956944.75275 1
955537.495328 1956944.87014 1
955537.34774 1956944.98752 1
955537.200152 1956945.10491 1
955537.040048 1956945.21559 1
955536.890851 1956945.32425 1
955536.744872 1956945.45036 1
955536.584768 1956945.56104 1
955536.426264 1956945.68044 1
955536.287983 1956945.78709 1
955536.129489 1956945.90649 1
955535.980291 1956946.01515 1
955535.821797 1956946.13455 1
955535.672599 1956946.24321 1
955535.514105 1956946.36261 1
955535.354001 1956946.47328 1
955535.197105 1956946.60141 1
955535.038611 1956946.7208 1
955534.878507 1956946.83148 1
955534.720002 1956946.95088 1
955534.561507 1956947.07027 1
955534.403012 1956947.18967 1
955534.244508 1956947.30907 1
955534.095311 1956947.41774 1
955533.927518 1956947.54787 1
955533.778321 1956947.65653 1
955533.610519 1956947.78666 1
955533.462931 1956947.90405 1
955533.29352 1956948.02546 1
955533.145932 1956948.14285 1
955532.97653 1956948.26425 1
955532.830541 1956948.39037 1
955532.66114 1956948.51177 1
955532.504244 1956948.63989 1
955532.34575 1956948.75929 1
955532.188854 1956948.88741 1
955532.041266 1956949.0048 1
955531.871865 1956949.12621 1
955531.725886 1956949.25232 1
955531.558084 1956949.38245 1
955531.408886 1956949.49112 1
955531.251991 1956949.61924 1
955531.104403 1956949.73663 1
955530.936601 1956949.86676 1
955530.799929 1956949.98213 1
955530.641434 1956950.10153 1
955530.506362 1956950.22563 1
955530.349467 1956950.35375 1
955530.201879 1956950.47114 1
955530.054291 1956950.58853 1
955529.897405 1956950.71665 1
955529.751426 1956950.84276 1
955529.603838 1956950.96015 1
955529.45625 1956951.07753 1
955529.297755 1956951.19693 1
955529.139251 1956951.31633 1
955528.993272 1956951.44244 1
955528.842475 1956951.54238 1
955528.68558 1956951.6705 1
955528.536383 1956951.77917 1
955528.388795 1956951.89655 1
955528.250514 1956952.00321 1
955528.09041 1956952.11388 1
955527.952129 1956952.22054 1
955527.793625 1956952.33994 1
955527.653735 1956952.43786 1
955527.493631 1956952.54854 1
955527.353741 1956952.64647 1
955527.206153 1956952.76386 1
955527.066263 1956952.86179 1
955526.917066 1956952.97045 1
955526.777176 1956953.06838 1
955526.638896 1956953.17504 1
955526.488089 1956953.27498 1
955526.351408 1956953.39036 1
955526.211518 1956953.48829 1
955526.06393 1956953.60567 1
955525.92404 1956953.7036 1
955525.799884 1956953.82569 1
955525.659995 1956953.92362 1
955525.523313 1956954.039 1
955525.385033 1956954.14565 1
955525.246742 1956954.25231 1
955525.110071 1956954.36769 1
955524.962483 1956954.48507 1
955524.825801 1956954.60045 1
955524.679822 1956954.72656 1
955524.541542 1956954.83321 1
955524.395563 1956954.95932 1
955524.257282 1956955.06598 1
955524.111293 1956955.19209 1
955523.963705 1956955.30948 1
955523.816127 1956955.42686 1
955523.670138 1956955.55298 1
955523.52255 1956955.67036 1
955523.376571 1956955.79647 1
955523.228983 1956955.91386 1
955523.083005 1956956.03997 1
955522.937026 1956956.16608 1
955522.789437 1956956.28347 1
955522.630943 1956956.40287 1
955522.483355 1956956.52025 1
955522.326459 1956956.64838 1
955522.18048 1956956.77449 1
955522.021985 1956956.89388 1
955521.866699 1956957.03073 1
955521.730027 1956957.1461 1
955521.560616 1956957.26751 1
955521.413028 1956957.3849 1
955521.26544 1956957.50229 1
955521.128768 1956957.61766 1
955520.971873 1956957.74578 1
955520.813378 1956957.86518 1
955520.673488 1956957.96311 1
955520.497988 1956958.1127 1
955520.370614 1956958.21734 1
955520.202812 1956958.34747 1
955520.053614 1956958.45614 1
955519.896729 1956958.58426 1
955519.749141 1956958.70165 1
955519.603162 1956958.82776 1
955519.453964 1956958.93642 1
955519.309585 1956959.07126 1
955519.160397 1956959.17992 1
955519.005111 1956959.31676 1
955518.86683 1956959.42342 1
955518.697419 1956959.54483 1
955518.55144 1956959.67093 1
955518.380419 1956959.78362 1
955518.234441 1956959.90973 1
955518.075946 1956960.02913 1
955517.917441 1956960.14853 1
955517.758946 1956960.26792 1
955517.600451 1956960.38732 1
955517.441947 1956960.50672 1
955517.283452 1956960.62612 1
955517.124957 1956960.74551 1
955516.957155 1956960.87564 1
955516.79865 1956960.99504 1
955516.652671 1956961.12115 1
955516.492567 1956961.23183 1
955516.337281 1956961.36867 1
955516.178786 1956961.48807 1
955516.0219 1956961.61619 1
955515.863396 1956961.73559 1
955515.70651 1956961.86371 1
955515.549614 1956961.99183 1
955515.403636 1956962.11794 1
955515.24674 1956962.24606 1
955515.088245 1956962.36546 1
955514.92975 1956962.48485 1
955514.783771 1956962.61096 1
955514.637792 1956962.73707 1
955514.480897 1956962.8652 1
955514.333309 1956962.98258 1
955514.176413 1956963.1107 1
955514.030434 1956963.23682 1
955513.884455 1956963.36292 1
955513.72757 1956963.49104 1
955513.581591 1956963.61716 1
955513.435602 1956963.74327 1
955513.2678 1956963.8734 1
955513.132737 1956963.9975 1
955512.975842 1956964.12562 1
955512.829863 1956964.25173 1
955512.683884 1956964.37784 1
955512.548812 1956964.50194 1
955512.391926 1956964.63006 1
955512.256854 1956964.75416 1
955512.098359 1956964.87356 1
955511.95237 1956964.99967 1
955511.804782 1956965.11705 1
955511.655595 1956965.22572 1
955511.508006 1956965.3431 1
955511.360418 1956965.46049 1
955511.201923 1956965.57989 1
955511.052726 1956965.68855 1
955510.895831 1956965.81667 1
955510.737336 1956965.93607 1
955510.589748 1956966.05346 1
955510.432852 1956966.18158 1
955510.285264 1956966.29897 1
955510.128378 1956966.42709 1
955509.991697 1956966.54246 1
955509.844109 1956966.65985 1
955509.687223 1956966.78797 1
955509.539635 1956966.90536 1
955509.393656 1956967.03147 1
955509.247677 1956967.15758 1
955509.089172 1956967.27698 1
955508.941584 1956967.39436 1
955508.795605 1956967.52047 1
955508.649626 1956967.64658 1
955508.491131 1956967.76598 1
955508.35445 1956967.88136 1
955508.197564 1956968.00948 1
955508.049976 1956968.12686 1
955507.89308 1956968.25499 1
955507.756409 1956968.37036 1
955507.599513 1956968.49848 1
955507.450316 1956968.60715 1
955507.29343 1956968.73527 1
955507.145842 1956968.85265 1
955506.987337 1956968.97205 1
955506.839759 1956969.08944 1
955506.682864 1956969.21756 1
955506.533666 1956969.32622 1
955506.367473 1956969.46508 1
955506.23849 1956969.561 1
955506.048874 1956969.69515 1
955505.9215 1956969.79979 1
955505.753698 1956969.92992 1
955505.602892 1956970.02986 1
955505.444397 1956970.14926 1
955505.276594 1956970.27939 1
955505.127397 1956970.38805 1
955504.968902 1956970.50745 1
955504.808798 1956970.61813 1
955504.650293 1956970.73752 1
955504.491798 1956970.85692 1
955504.331694 1956970.96759 1
955504.17319 1956971.08699 1
955504.014695 1956971.20639 1
955503.865497 1956971.31505 1
955503.717909 1956971.43244 1
955503.568722 1956971.5411 1
955503.408608 1956971.65178 1
955503.250113 1956971.77117 1
955503.091618 1956971.89057 1
955502.94403 1956972.00796 1
955502.794833 1956972.11662 1
955502.656552 1956972.22327 1
955502.498047 1956972.34267 1
955502.34886 1956972.45134 1
955502.201272 1956972.56872 1
955502.062981 1956972.67538 1
955501.904486 1956972.79477 1
955501.755289 1956972.90344 1
955501.607701 1956973.02082 1
955501.46942 1956973.12748 1
955501.321832 1956973.24486 1
955501.172634 1956973.35353 1
955501.023437 1956973.46219 1
955500.885156 1956973.56884 1
955500.748475 1956973.68422 1
955500.599287 1956973.79288 1
955500.45009 1956973.90155 1
955500.313409 1956974.01693 1
955500.164221 1956974.12559 1
955500.02754 1956974.24097 1
955499.879952 1956974.35835 1
955499.732363 1956974.47574 1
955499.604989 1956974.58038 1
955499.457401 1956974.69777 1
955499.31912 1956974.80442 1
955499.182439 1956974.9198 1
955499.033251 1956975.02846 1
955498.887262 1956975.15457 1
955498.748982 1956975.26123 1
955498.601394 1956975.37861 1
955498.464722 1956975.49399 1
955532.85904 1956948.17767 1
955532.85904 1956948.17767 1
955532.85904 1956948.17767 1
955532.85904 1956948.17767 1
955532.85904 1956948.17767 1
955532.848133 1956948.17968 1
955532.827919 1956948.19242 1
955532.829528 1956948.20115 1
955532.809314 1956948.21389 1
955532.801616 1956948.23335 1
955532.779792 1956948.23737 1
955532.772094 1956948.25682 1
955532.761187 1956948.25883 1
955532.75188 1956948.26957 1
955532.742582 1956948.2803 1
955532.731666 1956948.28231 1
955532.742582 1956948.2803 1
955532.731666 1956948.28231 1
955532.742582 1956948.2803 1
955532.742582 1956948.2803 1
955532.742582 1956948.2803 1
955532.731666 1956948.28231 1
955532.731666 1956948.28231 1
955532.731666 1956948.28231 1
955532.720759 1956948.28432 1
955532.722368 1956948.29304 1
955532.711452 1956948.29506 1
955532.713061 1956948.30378 1
955532.703763 1956948.31451 1
955532.683549 1956948.32725 1
955532.663335 1956948.34 1
955532.64472 1956948.36147 1
955532.615209 1956948.38494 1
955532.576389 1956948.41916 1
955532.53917 1956948.46209 1
955532.480136 1956948.50905 1
955532.43201 1956948.55399 1
955532.36207 1956948.60295 1
955532.304636 1956948.65863 1
955532.234696 1956948.7076 1
955532.167965 1956948.77401 1
955532.099624 1956948.8317 1
955532.029674 1956948.88067 1
955531.961343 1956948.93835 1
955531.893003 1956948.99604 1
955531.824662 1956949.05373 1
955531.767238 1956949.10941 1
955531.698897 1956949.1671 1
955531.628947 1956949.21606 1
955531.571523 1956949.27174 1
955531.501583 1956949.32071 1
955531.445759 1956949.38511 1
955531.377418 1956949.4428 1
955531.319994 1956949.49847 1
955531.250044 1956949.54744 1
955531.19262 1956949.60312 1
955531.125888 1956949.66953 1
955531.068464 1956949.72521 1
955531.000124 1956949.7829 1
955530.931783 1956949.84059 1
955530.874359 1956949.89626 1
955530.807627 1956949.96268 1
955530.739287 1956950.02036 1
955530.681863 1956950.07604 1
955530.626038 1956950.14044 1
955530.557697 1956950.19813 1
955530.500273 1956950.25381 1
955530.444449 1956950.31821 1
955530.387024 1956950.37389 1
955530.3312 1956950.43829 1
955530.284682 1956950.49196 1
955530.228867 1956950.55636 1
955530.173043 1956950.62076 1
955530.118837 1956950.69389 1
955530.053705 1956950.76902 1
955530.002707 1956950.8596 1
955529.929887 1956950.95419 1
955529.858676 1956951.0575 1
955529.79998 1956951.16753 1
955529.741284 1956951.27756 1
955529.674901 1956951.40704 1
955529.619414 1956951.53452 1
955529.563936 1956951.66199 1
955529.519366 1956951.78746 1
955529.476405 1956951.92164 1
955529.442751 1956952.0451 1
955529.39979 1956952.17929 1
955529.364517 1956952.29402 1
955529.321555 1956952.4282 1
955529.286292 1956952.54294 1
955529.263545 1956952.66438 1
955529.228282 1956952.77911 1
955529.205525 1956952.90055 1
955529.182778 1956953.022 1
955529.170948 1956953.14143 1
955529.168415 1956953.25013 1
955529.165872 1956953.35883 1
955529.141525 1956953.47155 1
955529.140592 1956953.58897 1
955529.125543 1956953.69096 1
955529.124619 1956953.80838 1
955529.10956 1956953.91037 1
955529.09773 1956954.0298 1
955529.095196 1956954.1385 1
955529.095872 1956954.26465 1
955529.09173 1956954.36463 1
955529.070592 1956954.49479 1
955529.078966 1956954.60148 1
955529.068734 1956954.72964 1
955529.066201 1956954.83834 1
955529.05597 1956954.9665 1
955529.053437 1956955.0752 1
955529.054123 1956955.20134 1
955529.064105 1956955.31675 1
955529.064781 1956955.4429 1
955529.067075 1956955.57777 1
955529.066142 1956955.69519 1
955529.068436 1956955.83006 1
955529.080028 1956955.9542 1
955529.071406 1956956.09108 1
955529.084598 1956956.22394 1
955529.085283 1956956.35008 1
955529.090786 1956956.5024 1
955529.102378 1956956.62653 1
955529.106272 1956956.77013 1
955529.119473 1956956.90299 1
955529.123367 1956957.04658 1
955529.147475 1956957.17743 1
955529.14976 1956957.3123 1
955529.16905 1956957.41698 1
955529.182251 1956957.54984 1
955529.185797 1956957.63036 1
955529.19579 1956957.74577 1
955529.208644 1956957.81556 1
955529.21507 1956957.85045 1
955529.221497 1956957.88534 1
955529.219898 1956957.87662 1
955529.221497 1956957.88534 1
955529.218289 1956957.86789 1
955529.221497 1956957.88534 1
955529.219898 1956957.87662 1
955529.219898 1956957.87662 1
955529.221497 1956957.88534 1
955529.210591 1956957.88735 1
955529.2122 1956957.89608 1
955529.2122 1956957.89608 1
955529.213809 1956957.9048 1
955529.213809 1956957.9048 1
955529.215408 1956957.91352 1
955529.218627 1956957.93097 1
955529.223454 1956957.95714 1
955529.217365 1956957.98532 1
955529.225401 1956958.02893 1
955529.235036 1956958.08127 1
955529.246291 1956958.14234 1
955529.246628 1956958.20541 1
955529.257883 1956958.26647 1
955529.269137 1956958.32754 1
955529.280382 1956958.3886 1
955529.277511 1956958.43422 1
955529.622106 1956950.87561 1
955529.544457 1956950.94403 1
955529.454303 1956951.00574 1
955529.365748 1956951.07617 1
955529.266287 1956951.14861 1
955529.177732 1956951.21905 1
955529.090787 1956951.2982 1
955529.002242 1956951.36863 1
955528.904379 1956951.4498 1
955528.815825 1956951.52023 1
955528.72728 1956951.59066 1
955528.651241 1956951.66781 1
955528.573602 1956951.73623 1
955528.485048 1956951.80667 1
955528.407409 1956951.87509 1
955528.328152 1956951.93479 1
955528.261421 1956952.0012 1
955528.183783 1956952.06962 1
955528.106144 1956952.13804 1
955528.039413 1956952.20445 1
955527.961765 1956952.27288 1
955527.895043 1956952.33929 1
955527.819004 1956952.41643 1
955527.742965 1956952.49358 1
955527.665327 1956952.562 1
955527.590897 1956952.64787 1
955527.525775 1956952.723 1
955527.449746 1956952.80015 1
955527.373707 1956952.8773 1
955527.310194 1956952.96115 1
955527.255978 1956953.03428 1
955527.190856 1956953.10941 1
955527.13664 1956953.18254 1
955527.082425 1956953.25566 1
955527.039126 1956953.32678 1
955526.995827 1956953.39789 1
955526.952518 1956953.46901 1
955526.920125 1956953.53811 1
955526.876826 1956953.60922 1
955526.844434 1956953.67833 1
955526.804344 1956953.76689 1
955526.764263 1956953.85545 1
955526.725782 1956953.95273 1
955526.688909 1956954.05874 1
955526.652027 1956954.16475 1
955526.618373 1956954.2882 1
955526.594017 1956954.40092 1
955526.558754 1956954.51565 1
955526.537606 1956954.64582 1
955526.51326 1956954.75854 1
955526.492112 1956954.88871 1
955526.489579 1956954.99741 1
955526.466832 1956955.11885 1
955526.453392 1956955.22956 1
955526.452458 1956955.34699 1
955526.439019 1956955.45769 1
955526.425569 1956955.56841 1
955526.433953 1956955.67509 1
955526.420503 1956955.7858 1
955526.41797 1956955.8945 1
955526.415437 1956956.0032 1
955526.422202 1956956.10117 1
955526.432184 1956956.21658 1
955526.429651 1956956.32528 1
955526.438035 1956956.43197 1
955526.448018 1956956.54738 1
955526.456392 1956956.65407 1
955526.477291 1956956.76748 1
955526.487274 1956956.88289 1
955526.497257 1956956.9983 1
955526.519756 1956957.12043 1
955526.529739 1956957.23584 1
955526.539721 1956957.35125 1
955526.56383 1956957.4821 1
955526.573822 1956957.59751 1
955526.599539 1956957.73709 1
955526.611122 1956957.86122 1
955526.624323 1956957.99408 1
955526.648431 1956958.12493 1
955526.661632 1956958.25779 1
955526.698256 1956958.39535 1
955526.713066 1956958.53693 1
955526.727867 1956958.67852 1
955526.751985 1956958.80936 1
955526.757478 1956958.96168 1
955526.781595 1956959.09253 1
955526.798005 1956959.24284 1
955526.811206 1956959.37569 1
955526.824398 1956959.50855 1
955526.827954 1956959.58907 1
955526.832781 1956959.61524 1
955526.831172 1956959.60652 1
955526.835652 1956959.56962 1
955526.829563 1956959.5978 1
955526.835652 1956959.56962 1
955526.829563 1956959.5978 1
955526.83887 1956959.58706 1
955526.829563 1956959.5978 1
955526.842079 1956959.60451 1
955526.831172 1956959.60652 1
955526.839208 1956959.65014 1
955526.842427 1956959.66758 1
955526.844374 1956959.73938 1
955526.854009 1956959.79172 1
955526.868481 1956959.87023 1
955526.878127 1956959.92257 1
955526.881673 1956960.00309 1
955526.892927 1956960.06415 1
955526.894874 1956960.13595 1
955526.906128 1956960.19701 1
955526.906466 1956960.26008 1
955530.633985 1956949.87742 1
955530.633985 1956949.87742 1
955530.633985 1956949.87742 1
955530.644891 1956949.87541 1
955530.644891 1956949.87541 1
955530.644891 1956949.87541 1
955530.644891 1956949.87541 1
955530.644891 1956949.87541 1
955530.644891 1956949.87541 1
955530.644891 1956949.87541 1
955530.633985 1956949.87742 1
955530.624677 1956949.88815 1
955530.61377 1956949.89016 1
955530.604463 1956949.9009 1
955530.585858 1956949.92236 1
955530.556336 1956949.94584 1
955530.515908 1956949.97133 1
955530.466182 1956950.00755 1
955530.428963 1956950.05048 1
955530.369929 1956950.09744 1
955530.299989 1956950.1464 1
955530.240946 1956950.19336 1
955530.171006 1956950.24232 1
955530.102666 1956950.30001 1
955530.034325 1956950.3577 1
955529.964385 1956950.40667 1
955529.896044 1956950.46436 1
955529.826095 1956950.51332 1
955529.746847 1956950.57302 1
955529.678506 1956950.63071 1
955529.599259 1956950.69041 1
955529.518403 1956950.74138 1
955529.451671 1956950.8078 1
955529.372424 1956950.86749 1
955529.291567 1956950.91847 1
955529.213929 1956950.98689 1
955529.134682 1956951.04659 1
955529.053825 1956951.09757 1
955528.963661 1956951.15928 1
955528.884414 1956951.21897 1
955528.805166 1956951.27867 1
955528.716611 1956951.34911 1
955528.637364 1956951.4088 1
955528.5472 1956951.47051 1
955528.467953 1956951.53021 1
955528.379398 1956951.60065 1
955528.30015 1956951.66034 1
955528.211596 1956951.73078 1
955528.132348 1956951.79048 1
955528.042194 1956951.85218 1
955527.962947 1956951.91188 1
955527.885299 1956951.98031 1
955527.806051 1956952.04 1
955527.726804 1956952.0997 1
955527.649156 1956952.16813 1
955527.559002 1956952.22983 1
955527.470447 1956952.30027 1
955527.392809 1956952.36869 1
955527.304254 1956952.43912 1
955527.215699 1956952.50955 1
955527.127144 1956952.57999 1
955527.038599 1956952.65042 1
955526.960951 1956952.71884 1
955526.86149 1956952.79128 1
955526.783851 1956952.85971 1
955526.706203 1956952.92813 1
955526.617658 1956952.99856 1
955526.530713 1956953.07772 1
955526.442158 1956953.14815 1
955526.36452 1956953.21657 1
955526.275965 1956953.287 1
955526.189019 1956953.36616 1
955526.100464 1956953.43659 1
955526.013519 1956953.51575 1
955525.924964 1956953.58618 1
955525.838028 1956953.66533 1
955525.751083 1956953.74449 1
955525.662528 1956953.81492 1
955525.586489 1956953.89207 1
955525.499543 1956953.97123 1
955525.421905 1956954.03965 1
955525.345866 1956954.11679 1
955525.269837 1956954.19394 1
955525.1845 1956954.28182 1
955525.119378 1956954.35695 1
955525.043339 1956954.4341 1
955524.968909 1956954.51997 1
955524.89449 1956954.60583 1
955524.830967 1956954.68969 1
955524.769063 1956954.78227 1
955524.694633 1956954.86814 1
955524.643636 1956954.95871 1
955524.581722 1956955.0513 1
955524.519818 1956955.14388 1
955524.47042 1956955.24317 1
955524.419423 1956955.33374 1
955524.370034 1956955.43304 1
955524.322246 1956955.54106 1
955524.283764 1956955.63834 1
955524.246892 1956955.74435 1
955524.21002 1956955.85035 1
955524.173148 1956955.95636 1
955524.147182 1956956.06036 1
955524.122836 1956956.17308 1
955524.09687 1956956.27708 1
955524.072514 1956956.3898 1
955524.07159 1956956.50722 1
955524.056531 1956956.60921 1
955524.044701 1956956.72864 1
955524.042168 1956956.83734 1
955524.039625 1956956.94604 1
955524.027794 1956957.06547 1
955524.025261 1956957.17417 1
955524.013421 1956957.2936 1
955524.023404 1956957.40902 1
955524.020871 1956957.51772 1
955524.018338 1956957.62642 1
955524.019013 1956957.75256 1
955524.01648 1956957.86126 1
955524.015556 1956957.97869 1
955524.027148 1956958.10282 1
955524.026225 1956958.22024 1
955524.037807 1956958.34438 1
955524.049399 1956958.46852 1
955524.0626 1956958.60138 1
955524.063285 1956958.72752 1
955524.085784 1956958.84965 1
955524.086459 1956958.97579 1
955524.108968 1956959.09792 1
955524.12056 1956959.22205 1
955524.132152 1956959.34619 1
955524.143744 1956959.47033 1
955524.156936 1956959.60319 1
955524.168528 1956959.72732 1
955524.181729 1956959.86018 1
955524.193321 1956959.98432 1
955524.204913 1956960.10845 1
955524.207198 1956960.24332 1
955524.229696 1956960.36545 1
955524.230382 1956960.49159 1
955524.25288 1956960.61372 1
955524.253566 1956960.73986 1
955524.285372 1956960.85126 1
955524.296954 1956960.97539 1
955524.306947 1956961.09081 1
955524.318529 1956961.21494 1
955524.328522 1956961.33035 1
955524.349412 1956961.44376 1
955524.361004 1956961.56789 1
955524.369377 1956961.67458 1
955524.380969 1956961.79872 1
955524.401869 1956961.91212 1
955524.410243 1956962.01881 1
955524.420226 1956962.13422 1
955524.439516 1956962.2389 1
955524.452369 1956962.30869 1
955524.455926 1956962.38921 1
955524.462352 1956962.4241 1
955524.465571 1956962.44155 1
955524.465571 1956962.44155 1
955524.462352 1956962.4241 1
955524.465571 1956962.44155 1
955524.463961 1956962.43282 1
955524.465571 1956962.44155 1
955524.463961 1956962.43282 1
955524.465571 1956962.44155 1
955524.463961 1956962.43282 1
955524.463961 1956962.43282 1
955524.463961 1956962.43282 1
955524.463961 1956962.43282 1
955524.463961 1956962.43282 1
955524.463961 1956962.43282 1
955524.463961 1956962.43282 1
955524.463961 1956962.43282 1
955524.463961 1956962.43282 1
955524.463961 1956962.43282 1
955524.463961 1956962.43282 1
955524.463961 1956962.43282 1
955524.463961 1956962.43282 1
955524.463961 1956962.43282 1
955524.463961 1956962.43282 1
955524.463961 1956962.43282 1
955524.463961 1956962.43282 1
955524.463961 1956962.43282 1
955524.463961 1956962.43282 1
955524.463961 1956962.43282 1
955524.463961 1956962.43282 1
955524.463961 1956962.43282 1
955524.463961 1956962.43282 1
955524.563703 1956954.89227 1
955524.484455 1956954.95197 1
955524.416115 1956955.00965 1
955524.336867 1956955.06935 1
955524.268527 1956955.12704 1
955524.189279 1956955.18674 1
955524.120939 1956955.24443 1
955524.041691 1956955.30413 1
955523.962444 1956955.36383 1
955523.884806 1956955.43225 1
955523.805548 1956955.49195 1
955523.72791 1956955.56037 1
955523.650272 1956955.62879 1
955523.571024 1956955.68849 1
955523.504293 1956955.7549 1
955523.426645 1956955.82332 1
955523.349007 1956955.89175 1
955523.280666 1956955.94944 1
955523.213934 1956956.01585 1
955523.136296 1956956.08427 1
955523.080471 1956956.14867 1
955523.01374 1956956.21508 1
955522.956316 1956956.27076 1
955522.889584 1956956.33717 1
955522.83376 1956956.40157 1
955522.777945 1956956.46597 1
955522.720511 1956956.52165 1
955522.677212 1956956.59277 1
955522.621397 1956956.65717 1
955522.557874 1956956.74103 1
955522.492751 1956956.81616 1
955522.451052 1956956.896 1
955522.387538 1956956.97986 1
955522.345849 1956957.0597 1
955522.282326 1956957.14355 1
955522.231328 1956957.23413 1
955522.200545 1956957.31195 1
955522.138631 1956957.40454 1
955522.107848 1956957.48236 1
955522.066158 1956957.5622 1
955522.026068 1956957.65076 1
955522.000102 1956957.75476 1
955521.972537 1956957.85003 1
955521.944963 1956957.9453 1
955521.908091 1956958.05131 1
955521.882125 1956958.15531 1
955521.857779 1956958.26803 1
955521.841111 1956958.36129 1
955521.832489 1956958.49817 1
955521.815831 1956958.59144 1
955521.808817 1956958.73704 1
955521.795368 1956958.84775 1
955521.797663 1956958.98262 1
955521.795129 1956959.09132 1
955521.80993 1956959.2329 1
955521.798089 1956959.35233 1
955521.8129 1956959.49392 1
955521.811976 1956959.61134 1
955521.823568 1956959.73547 1
955521.825853 1956959.87034 1
955521.828137 1956960.00521 1
955521.852245 1956960.13606 1
955521.852931 1956960.26221 1
955521.867731 1956960.40379 1
955521.876115 1956960.51048 1
955521.890915 1956960.65206 1
955521.900898 1956960.76748 1
955521.901583 1956960.89362 1
955521.913176 1956961.01776 1
955521.937283 1956961.14861 1
955521.937959 1956961.27475 1
955521.95116 1956961.40761 1
955521.961143 1956961.52302 1
955521.98686 1956961.6626 1
955521.996843 1956961.77801 1
955522.010044 1956961.91087 1
955522.01073 1956962.03701 1
955522.033228 1956962.15914 1
955522.046429 1956962.292 1
955522.067319 1956962.4054 1
955522.069604 1956962.54027 1
955522.10141 1956962.65166 1
955522.114611 1956962.78452 1
955522.126203 1956962.90866 1
955522.139404 1956963.04152 1
955522.161903 1956963.16364 1
955522.162579 1956963.28979 1
955522.181869 1956963.39447 1
955522.190243 1956963.50116 1
955522.207924 1956963.59711 1
955522.208271 1956963.66018 1
955522.214698 1956963.69508 1
955522.216307 1956963.7038 1
955522.214698 1956963.69508 1
955522.213089 1956963.68635 1
955522.214698 1956963.69508 1
955522.214698 1956963.69508 1
955522.214698 1956963.69508 1
955522.216307 1956963.7038 1
955522.214698 1956963.69508 1
955522.217907 1956963.71252 1
955522.216307 1956963.7038 1
955522.217907 1956963.71252 1
955522.216307 1956963.7038 1
955522.225943 1956963.75614 1
955522.23077 1956963.78231 1
955522.231108 1956963.84538 1
955522.242362 1956963.90645 1
955522.255216 1956963.97623 1
955522.258772 1956964.05675 1
955522.270026 1956964.11781 1
955522.20128 1956956.58125 1
955522.125251 1956956.65839 1
955522.047603 1956956.72681 1
955521.969965 1956956.79523 1
955521.892327 1956956.86366 1
955521.816288 1956956.9408 1
955521.747947 1956956.99849 1
955521.682825 1956957.07363 1
955521.614484 1956957.13131 1
955521.525939 1956957.20175 1
955521.470114 1956957.26615 1
955521.38156 1956957.33658 1
955521.316437 1956957.41172 1
955521.229492 1956957.49087 1
955521.164369 1956957.56601 1
955521.089939 1956957.65188 1
955521.004603 1956957.73975 1
955520.926965 1956957.80817 1
955520.852535 1956957.89404 1
955520.776506 1956957.97119 1
955520.702076 1956958.05706 1
955520.61513 1956958.13621 1
955520.551607 1956958.22007 1
955520.486485 1956958.29521 1
955520.412065 1956958.38107 1
955520.348542 1956958.46493 1
955520.294336 1956958.53806 1
955520.24173 1956958.61991 1
955520.178207 1956958.70376 1
955520.083911 1956958.86545 1
955520.031304 1956958.9473 1
955519.978698 1956959.02915 1
955519.940216 1956959.12643 1
955519.889219 1956959.217 1
955519.839821 1956959.3163 1
955519.80135 1956959.41358 1
955519.764467 1956959.51959 1
955519.716689 1956959.6276 1
955519.681425 1956959.74233 1
955519.646152 1956959.85707 1
955519.614108 1956959.98924 1
955519.571146 1956960.12343 1
955519.548389 1956960.24487 1
955519.517954 1956960.38577 1
955519.509322 1956960.52265 1
955519.5007 1956960.65953 1
955519.48278 1956960.80715 1
955519.477366 1956960.96147 1
955519.468744 1956961.09835 1
955519.461732 1956961.24396 1
955519.465625 1956961.38755 1
955519.457003 1956961.52443 1
955519.460897 1956961.66802 1
955519.464791 1956961.81161 1
955519.456169 1956961.94849 1
955519.470979 1956962.09007 1
955519.474873 1956962.23367 1
955519.488064 1956962.36653 1
955519.491968 1956962.51012 1
955519.505159 1956962.64298 1
955519.509053 1956962.78657 1
955519.53477 1956962.92614 1
955519.547971 1956963.059 1
955519.551865 1956963.20259 1
955519.566675 1956963.34418 1
955519.579867 1956963.47704 1
955519.596286 1956963.62734 1
955519.609478 1956963.7602 1
955519.624288 1956963.90178 1
955519.628182 1956964.04538 1
955519.653899 1956964.18495 1
955519.656184 1956964.31982 1
955519.681901 1956964.45939 1
955519.696711 1956964.60097 1
955519.709912 1956964.73383 1
955519.724713 1956964.87541 1
955519.728607 1956965.01901 1
955519.730553 1956965.0908 1
955519.730553 1956965.0908 1
955519.727345 1956965.07335 1
955519.733434 1956965.04517 1
955519.738252 1956965.07134 1
955519.735033 1956965.0539 1
955519.738252 1956965.07134 1
955519.738252 1956965.07134 1
955519.739861 1956965.08007 1
955519.747897 1956965.12368 1
955519.745016 1956965.16931 1
955519.759489 1956965.24782 1
955519.775561 1956965.33505 1
955519.785544 1956965.45047 1
955519.793917 1956965.55715 1
955519.802301 1956965.66384 1
955519.813883 1956965.78798 1
955519.806532 1956965.87051 1
955519.806195 1956965.80744 1
955519.807456 1956965.75309 1
955519.806195 1956965.80744 1
955519.809403 1956965.82488 1
955519.801367 1956965.78127 1
955519.806195 1956965.80744 1
955520.157556 1956958.34679 1
955520.067402 1956958.4085 1
955520.00067 1956958.47491 1
955519.912115 1956958.54535 1
955519.843775 1956958.60304 1
955519.764527 1956958.66273 1
955519.696187 1956958.72042 1
955519.616939 1956958.78012 1
955519.548608 1956958.83781 1
955519.480268 1956958.8955 1
955519.411927 1956958.95319 1
955519.343586 1956959.01088 1
955519.275246 1956959.06856 1
955519.206915 1956959.12625 1
955519.138574 1956959.18394 1
955519.070234 1956959.24163 1
955518.992595 1956959.31005 1
955518.914947 1956959.37847 1
955518.826402 1956959.4489 1
955518.750363 1956959.52605 1
955518.661808 1956959.59648 1
955518.576472 1956959.68436 1
955518.478619 1956959.76553 1
955518.394892 1956959.86213 1
955518.318853 1956959.93927 1
955518.244424 1956960.02514 1
955518.179301 1956960.10028 1
955518.104871 1956960.18615 1
955518.039749 1956960.26128 1
955517.987143 1956960.34313 1
955517.920411 1956960.40954 1
955517.867805 1956960.49139 1
955517.815198 1956960.57324 1
955517.764201 1956960.66381 1
955517.703906 1956960.76511 1
955517.652899 1956960.85569 1
955517.592604 1956960.95699 1
955517.552513 1956961.04555 1
955517.501516 1956961.13612 1
955517.472332 1956961.22267 1
955517.433861 1956961.31995 1
955517.403068 1956961.39778 1
955517.373894 1956961.48433 1
955517.354017 1956961.56015 1
955517.324843 1956961.6467 1
955517.306576 1956961.73124 1
955517.279011 1956961.82651 1
955517.263952 1956961.9285 1
955517.252112 1956962.04793 1
955517.229365 1956962.16938 1
955517.211445 1956962.31699 1
955517.207641 1956962.48004 1
955517.214753 1956962.64108 1
955517.221865 1956962.80212 1
955517.238275 1956962.95242 1
955517.2672 1956963.10944 1
955517.274312 1956963.27048 1
955517.29394 1956963.43823 1
955517.31035 1956963.58854 1
955517.331587 1956963.76501 1
955517.344788 1956963.89787 1
955517.367625 1956964.08307 1
955517.371528 1956964.22666 1
955517.391156 1956964.39442 1
955517.39505 1956964.53801 1
955517.427194 1956964.71247 1
955517.441995 1956964.85406 1
955517.463232 1956965.03053 1
955517.467126 1956965.17412 1
955517.49767 1956965.33986 1
955517.51408 1956965.49017 1
955517.533708 1956965.65792 1
955517.562633 1956965.81494 1
955517.582261 1956965.98269 1
955517.60189 1956966.15045 1
955517.619908 1956966.30948 1
955517.637937 1956966.4685 1
955517.666863 1956966.62552 1
955517.686491 1956966.79327 1
955517.7029 1956966.94358 1
955517.720919 1956967.10261 1
