955523.367553 1956931.50643 0
955523.376379 1956931.50639 0
955523.376379 1956931.50639 0
955523.376379 1956931.50639 0
955523.376379 1956931.50639 0
955523.376379 1956931.50639 0
955523.376379 1956931.50639 0
955523.376379 1956931.50639 0
955523.376379 1956931.50639 0
955523.376379 1956931.50639 0
955523.376379 1956931.50639 0
955523.376379 1956931.50639 0
955523.376379 1956931.50639 0
955523.376379 1956931.50639 0
955523.376319 1956931.49529 0
955523.376379 1956931.50639 0
955523.376319 1956931.49529 0
955523.376319 1956931.49529 0
955523.376319 1956931.49529 0
955523.376319 1956931.49529 0
955523.376319 1956931.49529 0
955523.385086 1956931.48415 0
955523.402738 1956931.48406 0
955523.420271 1956931.46177 0
955523.446689 1956931.45053 0
955523.464222 1956931.42825 0
955523.490641 1956931.41701 0
955523.51694 1956931.38359 0
955523.552185 1956931.3723 0
955523.578544 1956931.34997 0
955523.613669 1956931.3165 0
955523.648854 1956931.29412 0
955523.684039 1956931.27174 0
955523.727991 1956931.23822 0
955523.771942 1956931.2047 0
955523.815834 1956931.16009 0
955523.868612 1956931.12652 0
955523.921389 1956931.09295 0
955523.982933 1956931.04824 0
955524.035651 1956931.00358 0
955524.088369 1956930.95891 0
955524.149913 1956930.9142 0
955524.211457 1956930.86949 0
955524.264175 1956930.82483 0
955524.334485 1956930.76898 0
955524.396029 1956930.72427 0
955524.457573 1956930.67956 0
955524.519058 1956930.62376 0
955524.580602 1956930.57905 0
955524.63326 1956930.52329 0
955524.694804 1956930.47858 0
955524.756348 1956930.43387 0
955524.809066 1956930.38921 0
955524.87055 1956930.3334 0
955524.923268 1956930.28874 0
955524.984812 1956930.24403 0
955525.03753 1956930.19937 0
955525.099074 1956930.15466 0
955525.160559 1956930.09885 0
955525.222103 1956930.05414 0
955525.274821 1956930.00948 0
955525.336305 1956929.95368 0
955525.397849 1956929.90897 0
955525.468219 1956929.86421 0
955525.538589 1956929.81945 0
955525.6089 1956929.7636 0
955525.687977 1956929.6966 0
955525.758287 1956929.64075 0
955525.84619 1956929.57371 0
955525.9165 1956929.51786 0
955526.004403 1956929.45082 0
955526.074654 1956929.38387 0
955526.162557 1956929.31683 0
955526.241694 1956929.26093 0
955526.32083 1956929.20503 0
955526.399967 1956929.14913 0
955526.479044 1956929.08214 0
955526.549295 1956929.01519 0
955526.628431 1956928.95929 0
955526.707508 1956928.8923 0
955526.786645 1956928.8364 0
955526.874607 1956928.78045 0
955526.944858 1956928.71351 0
955527.032821 1956928.65756 0
955527.111898 1956928.59057 0
955527.190975 1956928.52357 0
955527.278937 1956928.46763 0
955527.358014 1956928.40063 0
955527.437091 1956928.33364 0
955527.516228 1956928.27774 0
955527.604131 1956928.2107 0
955527.683267 1956928.1548 0
955527.77117 1956928.08776 0
955527.841481 1956928.03191 0
955527.929384 1956927.96486 0
955527.999694 1956927.90901 0
955528.078771 1956927.84202 0
955528.157908 1956927.78612 0
955528.236985 1956927.71913 0
955528.307295 1956927.66327 0
955528.395258 1956927.60733 0
955528.465568 1956927.55148 0
955528.553412 1956927.47334 0
955528.623782 1956927.42858 0
955528.720511 1956927.36149 0
955528.790821 1956927.30564 0
955528.869898 1956927.23865 0
955528.948975 1956927.17165 0
955529.036938 1956927.11571 0
955529.124781 1956927.03757 0
955529.203918 1956926.98167 0
955529.300647 1956926.91458 0
955529.379724 1956926.84759 0
955529.476393 1956926.76941 0
955529.564296 1956926.70237 0
955529.660966 1956926.62418 0
955529.757695 1956926.55709 0
955529.845539 1956926.47896 0
955529.951034 1956926.40073 0
955530.05653 1956926.3225 0
955530.153259 1956926.25541 0
955530.258695 1956926.16608 0
955530.346598 1956926.09904 0
955530.452034 1956926.00972 0
955530.539937 1956925.94268 0
955530.636547 1956925.8534 0
955530.733276 1956925.78631 0
955530.838771 1956925.70808 0
955530.935441 1956925.6299 0
955531.040877 1956925.54057 1
955531.128721 1956925.46244 1
955531.243042 1956925.38416 1
955531.339712 1956925.30597 1
955531.436322 1956925.2167 1
955531.532991 1956925.13851 1
955531.638487 1956925.06028 1
955531.743923 1956924.97096 1
955531.840592 1956924.89277 1
955531.954855 1956924.8034 1
955532.051524 1956924.72522 1
955532.15696 1956924.63589 1
955532.25357 1956924.54662 1
955532.367832 1956924.45724 1
955532.464502 1956924.37906 1
955532.561112 1956924.28978 1
955532.675434 1956924.21151 1
955532.772103 1956924.13332 1
955532.877599 1956924.05509 1
955532.974268 1956923.97691 1
955533.070878 1956923.88763 1
955533.167608 1956923.82054 1
955533.264277 1956923.74236 1
955533.360887 1956923.65308 1
955533.457616 1956923.58599 1
955533.554286 1956923.50781 1
955533.642189 1956923.44077 1
955533.747685 1956923.36254 1
955533.826762 1956923.29554 1
955533.932257 1956923.21731 1
955534.011334 1956923.15032 1
955534.108064 1956923.08323 1
955534.195967 1956923.01619 1
955534.28381 1956922.93805 1
955534.371713 1956922.87101 1
955534.459557 1956922.79288 1
955534.54746 1956922.72584 1
955534.64413 1956922.64765 1
955534.732033 1956922.58061 1
955534.837528 1956922.50238 1
955534.925431 1956922.43534 1
955535.022101 1956922.35716 1
955535.11883 1956922.29007 1
955535.224266 1956922.20074 1
955535.31217 1956922.1337 1
955535.417665 1956922.05547 1
955535.514394 1956921.98838 1
955535.611064 1956921.9102 1
955535.71656 1956921.83197 1
955535.813229 1956921.75379 1
955535.909899 1956921.6756 1
955536.006569 1956921.59742 1
955536.112064 1956921.51919 1
955536.21756 1956921.44096 1
955536.31423 1956921.36278 1
955536.428551 1956921.2845 1
955536.525161 1956921.19522 1
955536.630657 1956921.11699 1
955536.736153 1956921.03876 1
955536.832763 1956920.94948 1
955536.938259 1956920.87125 1
955537.034928 1956920.79307 1
955537.140364 1956920.70374 1
955537.228208 1956920.62561 1
955537.333704 1956920.54738 1
955537.430373 1956920.4692 1
955537.527043 1956920.39101 1
955537.632539 1956920.31278 1
955537.720442 1956920.24574 1
955537.817112 1956920.16756 1
955537.896189 1956920.10056 1
955538.001684 1956920.02233 1
955538.080762 1956919.95534 1
955538.177431 1956919.87716 1
955538.265334 1956919.81012 1
955538.362064 1956919.74303 1
955538.449967 1956919.67599 1
955538.546696 1956919.6089 1
955538.634599 1956919.54186 1
955538.722502 1956919.47482 1
955538.810465 1956919.41887 1
955538.907135 1956919.34069 1
955538.986271 1956919.28479 1
955539.074115 1956919.20665 1
955539.153252 1956919.15075 1
955539.258748 1956919.07252 1
955539.337884 1956919.01662 1
955539.44344 1956918.94949 1
955539.522517 1956918.88249 1
955539.628012 1956918.80426 1
955539.724742 1956918.73717 1
955539.821411 1956918.65899 1
955539.926967 1956918.59186 1
955540.041288 1956918.51358 1
955540.138018 1956918.44649 1
955540.25228 1956918.35712 1
955540.357776 1956918.27889 1
955540.463271 1956918.20066 1
955540.577653 1956918.13347 1
955540.683089 1956918.04415 1
955540.788644 1956917.97701 1
955540.902907 1956917.88764 1
955541.008402 1956917.80941 1
955541.13155 1956917.73108 1
955541.237046 1956917.65285 1
955541.360134 1956917.56343 1
955541.46569 1956917.4963 1
955541.579952 1956917.40693 1
955541.685448 1956917.3287 1
955541.79971 1956917.23932 1
955541.914091 1956917.17214 1
955542.028354 1956917.08277 1
955542.125083 1956917.01568 1
955542.248231 1956916.93735 1
955542.344901 1956916.85917 1
955542.44157 1956916.78099 1
955542.547066 1956916.70276 1
955542.652621 1956916.63562 1
955542.758117 1956916.55739 1
955542.872499 1956916.49021 1
955542.969109 1956916.40093 1
955543.092257 1956916.32261 1
955543.188926 1956916.24442 1
955543.303248 1956916.16615 1
955543.399918 1956916.08796 1
955543.523006 1956915.99854 1
955543.619676 1956915.92036 1
955543.733998 1956915.84208 1
955543.839494 1956915.76385 1
955543.953756 1956915.67448 1
955544.068078 1956915.5962 1
955544.1824 1956915.51792 1
955544.296662 1956915.42855 1
955544.410984 1956915.35027 1
955544.525247 1956915.2609 1
955544.621916 1956915.18272 1
955544.745005 1956915.0933 1
955544.832908 1956915.02626 1
955544.955937 1956914.92574 1
955545.052666 1956914.85866 1
955545.175695 1956914.75814 1
955545.281191 1956914.67991 1
955545.386568 1956914.57949 1
955545.492064 1956914.50126 1
955545.606326 1956914.41189 1
955545.720588 1956914.32252 1
955545.834791 1956914.22205 1
955545.940287 1956914.14382 1
955546.05449 1956914.04335 1
955546.159926 1956913.95403 1
955546.274189 1956913.86466 1
955546.379685 1956913.78643 1
955546.493887 1956913.68596 1
955546.599383 1956913.60773 1
955546.70482 1956913.5184 1
955546.810256 1956913.42908 1
955546.924518 1956913.33971 1
955547.029955 1956913.25038 1
955547.144217 1956913.16101 1
955547.25842 1956913.06054 1
955547.372683 1956912.97117 1
955547.478178 1956912.89294 1
955547.583615 1956912.80362 1
955547.689051 1956912.71429 1
955547.794488 1956912.62497 1
955547.899983 1956912.54674 1
955548.00542 1956912.45741 1
955548.110916 1956912.37918 1
955548.207526 1956912.2899 1
955548.313022 1956912.21167 1
955548.409692 1956912.13349 1
955548.523954 1956912.04412 1
955548.620624 1956911.96593 1
955548.72612 1956911.8877 1
955548.82279 1956911.80952 1
955548.936993 1956911.70905 1
955549.033722 1956911.64197 1
955549.147985 1956911.55259 1
955549.244655 1956911.47441 1
955549.367743 1956911.38499 1
955549.44682 1956911.318 1
955549.569909 1956911.22858 1
955549.666638 1956911.16149 1
955549.789727 1956911.07207 1
955549.886397 1956910.99389 1
955550.000719 1956910.91561 1
955550.097329 1956910.82633 1
955550.211651 1956910.74806 1
955550.308321 1956910.66987 1
955550.422643 1956910.59159 1
955550.528139 1956910.51336 1
955550.642461 1956910.43509 1
955550.747957 1956910.35686 1
955550.870986 1956910.25634 1
955551.108396 1956910.08865 1
955551.231604 1956910.02142 1
955551.345867 1956909.93204 1
955551.468955 1956909.84262 1
955551.592044 1956909.7532 1
955551.715132 1956909.66378 1
955551.847047 1956909.57432 1
955551.970195 1956909.49599 2
955552.10205 1956909.39543 2
955552.234024 1956909.31706 2
955552.365879 1956909.2165 2
955552.497794 1956909.12703 2
955552.620882 1956909.03761 2
955552.752857 1956908.95924 2
955552.884831 1956908.88087 2
955553.016745 1956908.7914 2
955553.139953 1956908.72417 2
955553.271927 1956908.6458 2
955553.403901 1956908.56742 2
955553.535994 1956908.51124 2
955553.676735 1956908.42173 2
955553.800002 1956908.36559 2
955553.940921 1956908.30936 2
955554.073015 1956908.25318 2
955554.196222 1956908.18595 2
955554.328375 1956908.14086 2
955554.460468 1956908.08468 2
955554.592621 1956908.03959 2
955554.724774 1956907.9945 2
955554.856926 1956907.94941 2
955554.980312 1956907.91546 2
955555.112465 1956907.87038 2
955555.244677 1956907.83638 2
955555.359297 1956907.81358 2
955555.491569 1956907.79068 2
955555.615014 1956907.76783 2
955555.738401 1956907.73388 2
955555.861965 1956907.73322 2
955555.985411 1956907.71037 2
955556.108916 1956907.69861 2
955556.241307 1956907.6979 2
955556.364812 1956907.68614 2
955556.506029 1956907.68538 2
955556.629594 1956907.68472 2
955556.77081 1956907.68396 2
955556.903261 1956907.69435 2
955557.044478 1956907.69359 2
955557.185754 1956907.70393 2
955557.32703 1956907.71426 2
955557.468366 1956907.7357 2
955557.600876 1956907.75717 2
955557.751097 1956907.78965 2
955557.883607 1956907.81113 2
955558.042714 1956907.85466 2
955558.166398 1956907.87619 2
955558.334331 1956907.91966 2
955558.458133 1956907.96338 2
955558.61724 1956908.00691 2
955558.741102 1956908.06172 2
955558.900269 1956908.11634 2
955559.024131 1956908.17115 2
955559.165705 1956908.23696 2
955559.298393 1956908.29172 2
955559.431141 1956908.35758 2
955559.555063 1956908.42348 2
955559.68787 1956908.50043 2
955559.820618 1956908.56629 2
955559.944658 1956908.65439 2
955560.06864 1956908.73139 2
955560.192621 1956908.80838 2
955560.307836 1956908.89653 2
955560.431876 1956908.98462 2
955560.538205 1956909.06171 2
955560.644594 1956909.1499 2
955560.750983 1956909.23809 2
955560.857371 1956909.32628 2
955560.954934 1956909.41452 2
955561.061382 1956909.5138 2
955561.158944 1956909.60203 2
955561.256626 1956909.71246 2
955561.354189 1956909.8007 2
955561.45187 1956909.91112 2
955561.549492 1956910.01045 2
955561.638288 1956910.10983 2
955561.73591 1956910.20916 2
955561.824706 1956910.30854 2
955561.913562 1956910.41901 2
955562.011184 1956910.51834 3
955562.100039 1956910.62881 3
955562.188835 1956910.72819 3
955562.286457 1956910.82752 3
955562.366487 1956910.93804 3
955562.464049 1956911.02628 3
955562.552964 1956911.14784 3
955562.650586 1956911.24718 3
955562.72179 1956911.35774 3
955562.810586 1956911.45712 3
955562.908267 1956911.56755 3
955562.988237 1956911.66697 3
955563.085918 1956911.7774 3
955563.165888 1956911.87682 3
955563.263629 1956911.99834 3
955563.343599 1956912.09777 3
955563.432455 1956912.20824 3
955563.503599 1956912.30771 3
955563.60134 1956912.42923 3
955563.672424 1956912.51761 3
955563.761279 1956912.62808 3
955563.832364 1956912.71646 3
955563.912393 1956912.82698 3
955563.983537 1956912.92645 3
955564.05474 1956913.03702 3
955564.125825 1956913.1254 3
955564.205854 1956913.23592 3
955564.276998 1956913.33539 3
955564.348142 1956913.43486 3
955564.419286 1956913.53433 3
955564.499315 1956913.64485 3
955564.561633 1956913.74437 3
955564.641603 1956913.8438 3
955564.70392 1956913.94332 3
955564.775064 1956914.04279 3
955564.846268 1956914.15336 3
955564.917411 1956914.25283 3
955564.988615 1956914.3634 3
955565.059759 1956914.46287 3
955565.139788 1956914.57339 3
955565.202046 1956914.66182 3
955565.273249 1956914.77238 3
955565.335508 1956914.86081 3
955565.406771 1956914.98247 3
955565.477855 1956915.07085 3
955565.540232 1956915.18146 3
955565.620262 1956915.29198 3
955565.682579 1956915.3915 3
955565.762609 1956915.50202 3
955565.833693 1956915.5904 3
955565.904896 1956915.70097 3
955565.967214 1956915.80049 3
955566.038358 1956915.89996 3
955566.109561 1956916.01053 3
955566.180705 1956916.11 3
955566.260734 1956916.22052 3
955566.323111 1956916.33114 3
955566.403081 1956916.43056 3
955566.474285 1956916.54113 3
955566.545488 1956916.65169 3
955566.625458 1956916.75112 3
955566.696661 1956916.86169 3
955566.767805 1956916.96116 3
955566.838949 1956917.06063 3
955566.910211 1956917.18229 3
955566.990181 1956917.28172 3
955567.061384 1956917.39229 3
955567.132528 1956917.49176 3
955567.212557 1956917.60228 3
955567.283701 1956917.70175 3
955567.354904 1956917.81232 3
955567.426108 1956917.92289 3
955567.497252 1956918.02236 3
955567.568455 1956918.13293 3
955567.639599 1956918.2324 3
955567.719628 1956918.34292 3
955567.790772 1956918.44239 3
955567.870741 1956918.54182 3
955567.941885 1956918.64129 3
955568.004203 1956918.74081 3
955568.084173 1956918.84023 3
955568.155316 1956918.93971 3
955568.235346 1956919.05023 3
955568.315256 1956919.13856 3
955568.386459 1956919.24912 3
955568.466488 1956919.35964 3
955568.555284 1956919.45902 3
955568.635314 1956919.56954 3
955568.715283 1956919.66897 3
955568.804139 1956919.77944 3
955568.875223 1956919.86782 3
955568.972904 1956919.97824 3
955569.043988 1956920.06662 3
955569.124018 1956920.17714 3
955569.212754 1956920.26542 3
955569.283957 1956920.37599 3
955569.381639 1956920.48642 3
955569.452723 1956920.5748 3
955569.541578 1956920.68527 3
955569.621548 1956920.78469 3
955569.701577 1956920.89521 3
955569.772661 1956920.98359 3
955569.861517 1956921.09406 3
955569.932601 1956921.18244 3
955570.01263 1956921.29296 3
955570.0926 1956921.39239 3
955570.17251 1956921.48072 3
955570.243654 1956921.58019 3
955570.314797 1956921.67966 3
955570.394767 1956921.77909 3
955570.465851 1956921.86747 3
955570.545821 1956921.96689 3
955570.616965 1956922.06636 3
955570.687989 1956922.14365 3
955570.759193 1956922.25421 3
955570.830277 1956922.34259 3
955570.910306 1956922.45311 3
955570.98139 1956922.54149 3
955571.061419 1956922.65201 3
955571.132504 1956922.74039 3
955571.212473 1956922.83981 3
955571.283617 1956922.93929 3
955571.363587 1956923.03871 3
955571.43473 1956923.13818 3
955571.505934 1956923.24875 3
955571.585903 1956923.34818 3
955571.657106 1956923.45874 3
955571.737136 1956923.56926 3
955571.817105 1956923.66869 3
955571.897134 1956923.77921 3
955571.968278 1956923.87868 3
955572.048307 1956923.9892 3
955572.128277 1956924.08863 3
955572.208247 1956924.18805 3
955572.288276 1956924.29857 3
955572.35942 1956924.39805 3
955572.439508 1956924.51966 3
955572.519478 1956924.61909 3
955572.599507 1956924.72961 3
955572.670651 1956924.82908 3
955572.75068 1956924.9396 3
955572.830709 1956925.05012 3
955572.910679 1956925.14954 3
955572.990708 1956925.26006 3
955573.061851 1956925.35954 3
955573.132995 1956925.45901 3
955573.204139 1956925.55848 3
955573.284108 1956925.65791 3
955573.355252 1956925.75738 3
955573.426396 1956925.85685 3
955573.506425 1956925.96737 3
955573.577568 1956926.06684 3
955573.657538 1956926.16627 3
955573.728682 1956926.26574 3
955573.799885 1956926.37631 3
955573.862143 1956926.46473 3
955573.942172 1956926.57525 3
955574.013256 1956926.66363 3
955574.084459 1956926.7742 3
955574.164429 1956926.87363 3
955574.235572 1956926.9731 3
955574.306716 1956927.07257 3
955574.37786 1956927.17204 3
955574.457829 1956927.27147 3
955574.528973 1956927.37094 3
955574.600176 1956927.48151 3
955574.67132 1956927.58098 3
955574.742463 1956927.68045 3
955574.822433 1956927.77988 3
955574.902462 1956927.8904 3
955574.973605 1956927.98987 3
955575.044749 1956928.08934 3
955575.124719 1956928.18877 3
955575.186977 1956928.2772 3
955575.267006 1956928.38772 3
955575.329264 1956928.47614 3
955575.409293 1956928.58666 3
955575.471551 1956928.67509 3
955575.55158 1956928.78561 3
955575.63149 1956928.87394 3
955575.693808 1956928.97346 3
955575.773777 1956929.07288 3
955575.836095 1956929.1724 3
955575.916005 1956929.26073 3
955575.978263 1956929.34916 3
955576.058233 1956929.44858 3
955576.12055 1956929.5481 3
955576.20052 1956929.64753 3
955576.271604 1956929.73591 3
955576.342688 1956929.82429 3
955576.413832 1956929.92376 10
955576.484916 1956930.01214 10
955576.556119 1956930.1227 10
955576.636029 1956930.21103 10
955576.707172 1956930.31051 10
955576.787142 1956930.40993 10
955576.858285 1956930.50941 10
955576.938255 1956930.60883 10
955577.018225 1956930.70826 10
955577.089428 1956930.81882 10
955577.169397 1956930.91825 10
955577.249367 1956931.01767 10
955577.32057 1956931.12824 10
955577.40048 1956931.21657 10
955577.471683 1956931.32714 10
955577.542826 1956931.42661 10
955577.614029 1956931.53718 10
955577.676406 1956931.64779 10
955577.738783 1956931.75841 10
955577.80116 1956931.86902 10
955577.863537 1956931.97964 10
955577.917088 1956932.0903 10
955577.961754 1956932.18991 10
955578.006538 1956932.31172 10
955578.051204 1956932.41133 10
955578.087102 1956932.52209 10
955578.122942 1956932.62175 10
955578.1589 1956932.7436 10
955578.194799 1956932.85436 10
955578.213046 1956932.96521 10
955578.240178 1956933.08711 10
955578.258425 1956933.19796 10
955578.276732 1956933.31991 10
955578.286212 1956933.4419 10
955578.304459 1956933.55275 10
955578.305113 1956933.67479 10
955578.314534 1956933.78569 10
955578.315188 1956933.90773 10
955578.307016 1956934.02982 10
955578.307671 1956934.15186 10
955578.290673 1956934.27399 10
955578.282501 1956934.39608 10
955578.265503 1956934.51822 10
955578.248565 1956934.65144 10
955578.213915 1956934.77367 10
955578.196917 1956934.89581 10
955578.162268 1956935.01804 10
955578.127558 1956935.12917 10
955578.092909 1956935.2514 10
955578.049373 1956935.36259 10
955578.005897 1956935.48486 10
955577.962422 1956935.60714 10
955577.901234 1956935.71842 10
955577.857699 1956935.8296 10
955577.796512 1956935.94088 10
955577.735324 1956936.05215 10
955577.682904 1956936.15229 10
955577.612831 1956936.25252 10
955577.56041 1956936.35265 10
955577.481511 1956936.45293 10
955577.420205 1956936.54202 10
955577.350132 1956936.64225 10
955577.27994 1956936.72029 10
955577.201041 1956936.82057 10
955577.122024 1956936.89865 10
955577.043065 1956936.98784 10
955576.955221 1956937.06597 10
955576.867378 1956937.14411 10
955576.770708 1956937.22229 10
955576.69169 1956937.30038 10
955576.59502 1956937.37856 10
955576.507176 1956937.4567 10
955576.401681 1956937.53493 10
955576.313837 1956937.61306 10
955576.2084 1956937.70239 10
955576.120497 1956937.76943 10
955576.023887 1956937.8587 10
955575.927217 1956937.93689 10
955575.830547 1956938.01507 10
955575.742644 1956938.08211 10
955575.646034 1956938.17139 10
955575.558071 1956938.22733 10
955575.452634 1956938.31666 10
955575.373498 1956938.37256 10
955575.268061 1956938.46188 10
955575.188984 1956938.52887 10
955575.074662 1956938.60715 10
955574.986759 1956938.67419 10
955574.881323 1956938.76352 10
955574.802186 1956938.81942 10
955574.687924 1956938.90879 12
955574.599961 1956938.96473 12
955574.503291 1956939.04292 12
955574.406562 1956939.11 12
955574.301125 1956939.19933 12
955574.221989 1956939.25523 12
955574.116493 1956939.33346 12
955574.02859 1956939.4005 12
955573.940686 1956939.46754 12
955573.843957 1956939.53463 12
955573.755994 1956939.59057 12
955573.659325 1956939.66876 12
955573.580188 1956939.72465 12
955573.474692 1956939.80288 12
955573.386729 1956939.85883 12
955573.29 1956939.92592 12
955573.202097 1956939.99296 12
955573.105368 1956940.06005 12
955573.017405 1956940.11599 12
955572.920676 1956940.18308 12
955572.832773 1956940.25012 12
955572.74481 1956940.30607 12
955572.656907 1956940.37311 12
955572.568944 1956940.42906 12
955572.472155 1956940.48505 12
955572.393018 1956940.54095 12
955572.305056 1956940.59689 12
955572.217152 1956940.66393 12
955572.120364 1956940.71993 12
955572.041287 1956940.78692 12
955571.953324 1956940.84287 12
955571.856535 1956940.89886 12
955571.768632 1956940.9659 12
955571.663077 1956941.03304 12
955571.557581 1956941.11127 12
955571.460792 1956941.16726 12
955571.355296 1956941.24549 12
955571.249741 1956941.31263 12
955571.153071 1956941.39081 12
955571.047516 1956941.45794 12
955570.941961 1956941.52508 12
955570.836406 1956941.59222 12
955570.739677 1956941.6593 12
955570.625295 1956941.72649 12
955570.528626 1956941.80467 12
955570.42307 1956941.8718 12
955570.317515 1956941.93894 12
955570.220786 1956942.00603 12
955570.124057 1956942.07312 12
955570.027328 1956942.1402 12
955569.930598 1956942.20729 12
955569.833869 1956942.27438 12
955569.73714 1956942.34147 12
955569.649237 1956942.40851 12
955569.543622 1956942.46455 12
955569.455719 1956942.53159 12
955569.35899 1956942.59868 12
955569.262261 1956942.66577 12
955569.165531 1956942.73285 12
955569.068862 1956942.81104 12
955568.972073 1956942.86703 12
955568.866518 1956942.93417 12
955568.769848 1956943.01235 12
955568.673119 1956943.07944 12
955568.567623 1956943.15767 12
955568.470835 1956943.21366 12
955568.365339 1956943.29189 12
955568.26861 1956943.35898 12
955568.163114 1956943.43721 12
955568.066385 1956943.5043 12
955567.952063 1956943.58257 12
955567.864219 1956943.66071 12
955567.749838 1956943.72789 12
955567.653169 1956943.80608 12
955567.538847 1956943.88435 12
955567.442177 1956943.96254 12
955567.336622 1956944.02967 12
955567.240012 1956944.11895 12
955567.134457 1956944.18608 12
955567.037787 1956944.26427 12
955566.932291 1956944.3425 12
955566.826796 1956944.42073 12
955566.7213 1956944.49896 12
955566.62463 1956944.57714 12
955566.519135 1956944.65537 12
955566.413699 1956944.74469 12
955566.308143 1956944.81183 12
955566.202707 1956944.90115 12
955566.114864 1956944.97929 12
955566.009368 1956945.05752 12
955565.912758 1956945.1468 12
955565.807262 1956945.22503 12
955565.693 1956945.3144 12
955565.605156 1956945.39253 12
955565.490894 1956945.48191 12
955565.394225 1956945.56009 12
955565.280022 1956945.66056 12
955565.192119 1956945.7276 12
955565.077916 1956945.82806 12
955564.981247 1956945.90625 12
955564.866984 1956945.99562 12
955564.770374 1956946.0849 12
955564.664998 1956946.18531 12
955564.559502 1956946.26354 12
955564.454125 1956946.36396 12
955564.357515 1956946.45324 12
955564.243194 1956946.53152 12
955564.146584 1956946.6208 12
955564.041088 1956946.69903 12
955563.944478 1956946.7883 12
955563.839042 1956946.87763 12
955563.742372 1956946.95581 12
955563.645703 1956947.03399 12
955563.549033 1956947.11218 12
955563.452423 1956947.20145 12
955563.355753 1956947.27964 12
955563.259084 1956947.35782 12
955563.162414 1956947.436 12
955563.065745 1956947.51418 12
955562.969075 1956947.59237 12
955562.872405 1956947.67055 12
955562.76691 1956947.74878 12
955562.67024 1956947.82696 12
955562.573571 1956947.90515 12
955562.476842 1956947.97223 12
955562.371465 1956948.07265 12
955562.274736 1956948.13974 12
955562.1693 1956948.22907 12
955562.081456 1956948.3072 12
955561.967194 1956948.39657 12
955561.879351 1956948.47471 12
955561.773855 1956948.55294 12
955561.677186 1956948.63112 12
955561.57175 1956948.72045 12
955561.47508 1956948.79863 12
955561.360818 1956948.888 12
955561.264148 1956948.96618 12
955561.158712 1956949.05551 12
955561.062043 1956949.13369 12
955560.956607 1956949.22302 12
955560.851171 1956949.31234 12
955560.745675 1956949.39057 12
955560.631473 1956949.49104 12
955560.534744 1956949.55813 12
955560.420541 1956949.65859 12
955560.332698 1956949.73673 12
955560.218435 1956949.8261 12
955560.130592 1956949.90424 12
955560.01633 1956949.99361 12
955559.91966 1956950.07179 12
955559.814224 1956950.16112 12
955559.717555 1956950.2393 12
955559.612119 1956950.32862 12
955559.515449 1956950.40681 12
955559.418839 1956950.49608 12
955559.32217 1956950.57427 12
955559.216734 1956950.66359 12
955559.120064 1956950.74177 12
955559.023395 1956950.81996 12
955558.917899 1956950.89819 12
955558.82123 1956950.97637 12
955558.715734 1956951.0546 12
955558.62795 1956951.14383 12
955558.522455 1956951.22206 12
955558.416959 1956951.30029 12
955558.32029 1956951.37847 12
955558.214794 1956951.4567 12
955558.109358 1956951.54603 12
955558.003922 1956951.63535 12
955557.889601 1956951.71363 12
955557.784165 1956951.80295 12
955557.669903 1956951.89233 12
955557.564407 1956951.97056 12
955557.450086 1956952.04883 12
955557.34465 1956952.13816 12
955557.230388 1956952.22753 12
955557.116126 1956952.3169 12
955557.001805 1956952.39518 12
955556.887543 1956952.48455 12
955556.773221 1956952.56283 12
955556.667726 1956952.64106 12
955556.56229 1956952.73038 12
955556.447968 1956952.80866 12
955556.342473 1956952.88689 12
955556.228151 1956952.96517 12
955556.131482 1956953.04335 12
955556.01716 1956953.12163 12
955555.911665 1956953.19986 12
955555.806229 1956953.28919 12
955555.7095 1956953.35627 12
955555.604005 1956953.4345 12
955555.489683 1956953.51278 12
955555.393014 1956953.59096 12
955555.287518 1956953.66919 12
955555.182023 1956953.74742 12
955555.085353 1956953.82561 12
955554.962265 1956953.91503 12
955554.865596 1956953.99321 12
955554.760101 1956954.07144 12
955554.645779 1956954.14972 12
955554.531517 1956954.23909 8
955554.434788 1956954.30618 8
955554.320586 1956954.40664 8
955554.223917 1956954.48483 8
955554.109595 1956954.56311 8
955554.012926 1956954.64129 8
955553.898604 1956954.71957 8
955553.810761 1956954.7977 8
955553.696499 1956954.88707 8
955553.591004 1956954.9653 8
955553.476682 1956955.04358 8
955553.380072 1956955.13286 8
955553.265751 1956955.21114 8
955553.151429 1956955.28941 8
955553.045994 1956955.37874 8
955552.949265 1956955.44583 8
955552.84371 1956955.51296 8
955552.738155 1956955.5801 8
955552.623774 1956955.64728 8
955552.518219 1956955.71442 8
955552.403779 1956955.77051 8
955552.289338 1956955.82659 8
955552.166131 1956955.89382 8
955552.042924 1956955.96105 8
955551.919658 1956956.01719 8
955551.77874 1956956.07342 8
955551.655473 1956956.12956 8
955551.514495 1956956.17469 8
955551.382343 1956956.21978 8
955551.250191 1956956.26487 8
955551.11804 1956956.30996 8
955550.985888 1956956.35505 8
955550.853617 1956956.37795 8
955550.712639 1956956.42308 8
955550.589194 1956956.44593 8
955550.448216 1956956.49107 8
955550.315885 1956956.50287 8
955550.183674 1956956.53687 8
955550.051403 1956956.55977 8
955549.910247 1956956.57162 8
955549.76915 1956956.59457 8
955549.495722 1956956.62932 8
955549.354506 1956956.63008 8
955549.21335 1956956.64193 8
955549.063248 1956956.63164 8
955548.922032 1956956.6324 8
955548.77199 1956956.6332 8
955548.630715 1956956.62286 8
955548.489439 1956956.61253 8
955548.348164 1956956.60219 8
955548.206888 1956956.59185 8
955548.074379 1956956.57037 8
955547.933044 1956956.54894 8
955547.809361 1956956.52742 8
955547.668026 1956956.50598 8
955547.544284 1956956.47336 8
955547.411715 1956956.44079 8
955547.279147 1956956.40822 8
955547.155404 1956956.3756 8
955547.031662 1956956.34297 8
955546.9078 1956956.28816 8
955546.784058 1956956.25554 8
955546.660196 1956956.20073 8
955546.536394 1956956.15702 8
955546.421358 1956956.10216 8
955546.297497 1956956.04735 8
955546.173635 1956955.99254 8
955546.049773 1956955.93773 8
955545.934738 1956955.88287 8
955545.819643 1956955.81692 8
955545.713374 1956955.75092 8
955545.589452 1956955.68502 8
955545.483124 1956955.60792 8
955545.368029 1956955.54197 8
955545.252933 1956955.47602 8
955545.137779 1956955.39897 8
955545.022565 1956955.31083 8
955544.90735 1956955.22269 8
955544.792136 1956955.13455 8
955544.685688 1956955.03527 8
955544.5793 1956954.94708 8
955544.472793 1956954.8367 8
955544.366345 1956954.73742 8
955544.259838 1956954.62704 8
955544.162216 1956954.52771 8
955544.046883 1956954.41738 8
955543.949142 1956954.29586 8
955543.833809 1956954.18553 8
955543.736068 1956954.06401 8
955543.505282 1956953.82116 8
955543.398775 1956953.71078 9
955543.292208 1956953.58931 9
955543.176816 1956953.46789 9
955543.070189 1956953.33532 9
955542.963622 1956953.21385 9
955542.84817 1956953.08133 9
955542.741544 1956952.94876 9
955542.634917 1956952.8162 9
955542.519405 1956952.67258 9
955542.421665 1956952.55106 9
955542.323864 1956952.41845 9
955542.217238 1956952.28588 9
955542.128204 1956952.14213 9
955542.012751 1956952.00961 9
955541.932603 1956951.8769 9
955541.834803 1956951.74428 9
955541.754654 1956951.61157 9
955541.639261 1956951.49015 9
955541.567939 1956951.35739 9
955541.461372 1956951.23592 9
955541.372338 1956951.09217 9
955541.283423 1956950.9706 9
955541.185682 1956950.84908 9
955541.105653 1956950.73856 9
955541.016738 1956950.61699 9
955540.927883 1956950.50652 9
955540.838849 1956950.36276 9
955540.750053 1956950.26339 9
955540.643427 1956950.13082 9
955540.563397 1956950.0203 9
955540.474423 1956949.88764 9
955540.394453 1956949.78821 9
955540.296712 1956949.66669 9
955540.216683 1956949.55617 9
955540.127768 1956949.43461 9
955540.038913 1956949.32414 9
955539.843371 1956949.07 9
955539.745571 1956948.93739 9
955539.674427 1956948.83792 9
955539.576626 1956948.7053 9
955539.505483 1956948.60583 9
955539.416568 1956948.48426 9
955539.336538 1956948.37374 9
955539.247564 1956948.24108 9
955539.167534 1956948.13056 9
955539.069734 1956947.99795 9
955538.989704 1956947.88743 9
955538.90079 1956947.76586 9
955538.829586 1956947.65529 9
955538.731786 1956947.52268 9
955538.651756 1956947.41216 9
955538.571608 1956947.27945 9
955538.482752 1956947.16898 9
955538.393778 1956947.03632 9
955538.304922 1956946.92585 9
955538.224833 1956946.80423 9
955538.144745 1956946.68262 9
955538.055949 1956946.58324 9
955537.9758 1956946.45053 9
955537.89583 1956946.35111 9
955537.806915 1956946.22954 9
955537.726886 1956946.11902 9
955537.63803 1956946.00855 9
955537.558001 1956945.89803 9
955537.460319 1956945.7876 9
955537.389176 1956945.68813 9
955537.291435 1956945.56661 9
955537.220231 1956945.45604 9
955537.131376 1956945.34557 9
955537.051346 1956945.23505 9
955536.971317 1956945.12453 9
955536.882521 1956945.02516 9
955536.811377 1956944.92568 9
955536.722462 1956944.80412 9
955536.651318 1956944.70464 9
955536.562463 1956944.59417 9
955536.482433 1956944.48365 9
955536.402404 1956944.37313 9
955536.313489 1956944.25157 9
955536.233459 1956944.14105 9
955536.15343 1956944.03053 9
955536.082226 1956943.91996 9
955536.002256 1956943.82053 9
955535.913341 1956943.69897 9
955535.842257 1956943.61059 9
955535.753401 1956943.50012 9
955535.673372 1956943.3896 9
955535.593342 1956943.27908 9
955535.522139 1956943.16851 9
955535.433283 1956943.05804 9
955535.344428 1956942.94757 9
955535.264339 1956942.82595 9
955535.175483 1956942.71548 9
955535.095454 1956942.60496 9
955535.006539 1956942.4834 9
955534.917683 1956942.37292 9
955534.837594 1956942.25131 9
955534.748739 1956942.14084 9
955534.677595 1956942.04136 9
955534.58868 1956941.9198 9
955534.50865 1956941.80928 9
955534.419735 1956941.68771 9
955534.339706 1956941.57719 9
955534.25079 1956941.45562 9
955534.161935 1956941.34515 9
955534.081846 1956941.22354 9
955533.99299 1956941.11307 9
955533.912901 1956940.99145 9
955533.824046 1956940.88098 9
955533.735131 1956940.75941 9
955533.646216 1956940.63785 9
955533.55736 1956940.52737 9
955533.468445 1956940.40581 9
955533.37953 1956940.28424 9
955533.290615 1956940.16267 9
955533.2017 1956940.04111 9
955533.12161 1956939.91949 9
955533.032695 1956939.79793 9
955532.934954 1956939.67641 9
955532.846039 1956939.55484 9
955532.757064 1956939.42218 9
955532.659323 1956939.30066 9
955532.579234 1956939.17905 9
955532.472667 1956939.05757 9
955532.392637 1956938.94705 9
955532.303722 1956938.82549 9
955532.214807 1956938.70392 9
955532.125892 1956938.58235 9
955532.036977 1956938.46079 9
955531.948062 1956938.33922 9
955531.868032 1956938.2287 9
955531.761465 1956938.10723 9
955531.690202 1956937.98557 9
955531.601346 1956937.87509 9
955531.503546 1956937.74248 9
955531.423456 1956937.62087 9
955531.325715 1956937.49935 9
955531.254452 1956937.37769 9
955531.15677 1956937.26726 9
955531.076681 1956937.14565 9
955530.97894 1956937.02413 9
955530.89891 1956936.91361 9
955530.809936 1956936.78095 9
955530.72108 1956936.67047 9
955530.632105 1956936.53781 9
955530.54319 1956936.41625 9
955530.454275 1956936.29468 9
955530.267619 1956936.05159 9
955530.187649 1956935.95217 9
955530.098733 1956935.8306 9
955530.009818 1956935.70904 9
955529.920903 1956935.58747 9
955529.831988 1956935.4659 9
955529.743132 1956935.35543 9
955529.654217 1956935.23386 9
955529.574128 1956935.11225 9
955529.485272 1956935.00178 9
955529.396297 1956934.86912 9
955529.298616 1956934.75869 9
955529.2097 1956934.63712 9
955529.129611 1956934.51551 9
955529.040755 1956934.40504 9
955528.951781 1956934.27238 9
955528.880637 1956934.1729 9
955528.782836 1956934.04029 9
955528.69398 1956933.92982 9
955528.596179 1956933.7972 9
955528.51603 1956933.6645 9
955528.409463 1956933.54302 9
955528.329374 1956933.42141 9
955528.231573 1956933.2888 9
955528.160429 1956933.18932 9
955528.071514 1956933.06776 9
955527.991544 1956932.96833 9
955527.92028 1956932.84667 9
955527.84037 1956932.75834 9
955527.769226 1956932.65887 9
955527.698082 1956932.5594 9
955527.626937 1956932.45992 9
955527.555853 1956932.37155 9
955527.493594 1956932.28312 9
955527.431336 1956932.1947 9
955527.369077 1956932.10627 9
955527.306878 1956932.02894 9
955527.253505 1956931.95156 9
955527.209018 1956931.88523 9
955527.155704 1956931.81895 9
955527.102391 1956931.75266 9
955527.013476 1956931.6311 9
955526.968988 1956931.56477 9
955526.933446 1956931.52058 9
955526.889018 1956931.46534 9
955526.853416 1956931.41006 9
955526.817933 1956931.37696 9
955526.791158 1956931.32163 9
955526.755675 1956931.28854 9
955526.729018 1956931.2554 9
955526.702361 1956931.22226 9
955526.684531 1956931.18907 9
