955568.875223 1956919.86782 12
955568.70742 1956919.99795 12
955568.539617 1956920.12808 12
955568.364116 1956920.27766 12
955568.187006 1956920.41852 12
955568.011505 1956920.56811 12
955567.836003 1956920.71769 12
955567.649595 1956920.86928 12
955567.477313 1956921.03631 12
955567.311119 1956921.17517 12
955567.135618 1956921.32475 12
955566.980331 1956921.46159 12
955566.815746 1956921.60916 12
955566.65885 1956921.73728 12
955566.491047 1956921.86741 12
955566.33576 1956922.00425 12
955566.178874 1956922.13237 12
955566.031275 1956922.24975 12
955565.874389 1956922.37787 12
955565.7268 1956922.49525 12
955565.579212 1956922.61264 12
955565.431623 1956922.73002 12
955565.282425 1956922.83868 12
955565.144134 1956922.94534 12
955565.005853 1956923.05199 12
955564.858264 1956923.16937 12
955564.709067 1956923.27803 12
955564.559869 1956923.38669 12
955564.41228 1956923.50408 12
955564.252176 1956923.61475 12
955564.09368 1956923.73414 12
955563.935175 1956923.85354 12
955563.765763 1956923.97494 12
955563.596361 1956924.09634 12
955563.417641 1956924.22848 12
955563.238932 1956924.36062 12
955563.072728 1956924.49947 12
955562.894018 1956924.63161 12
955562.726215 1956924.76174 12
955562.547506 1956924.89387 12
955562.368786 1956925.02601 12
955562.188468 1956925.14943 12
955561.998841 1956925.28358 12
955561.820132 1956925.41571 12
955561.630506 1956925.54986 12
955561.450187 1956925.67327 12
955561.26217 1956925.81615 12
955561.069325 1956925.93285 12
955560.868792 1956926.06901 12
955560.677557 1956926.19443 12
955560.48793 1956926.32858 12
955560.298314 1956926.46273 12
955560.107079 1956926.58815 12
955559.906546 1956926.72431 12
955559.716919 1956926.85846 12
955559.516387 1956926.99462 12
955559.32676 1956927.12877 12
955559.137134 1956927.26291 12
955558.9382 1956927.4078 12
955558.746975 1956927.53322 12
955558.546442 1956927.66938 12
955558.34429 1956927.79681 12
955558.154673 1956927.93096 12
955557.952531 1956928.05839 12
955557.761296 1956928.18382 12
955557.559154 1956928.31126 12
955557.367918 1956928.43668 12
955557.175084 1956928.55338 12
955556.983848 1956928.67881 12
955556.80192 1956928.7935 12
955556.610695 1956928.91892 12
955556.439674 1956929.0316 12
955556.248438 1956929.15703 12
955556.079026 1956929.27843 12
955555.898707 1956929.40185 12
955555.718388 1956929.52526 12
955555.53807 1956929.64868 12
955555.35935 1956929.78082 12
955555.169724 1956929.91496 12
955554.991014 1956930.0471 12
955554.802997 1956930.18997 12
955554.61498 1956930.33284 12
955554.426963 1956930.47571 12
955554.249852 1956930.61657 12
955554.052538 1956930.77018 12
955553.875427 1956930.91104 12
955553.676494 1956931.05592 12
955553.490086 1956931.20752 12
955553.291162 1956931.3524 12
955553.101535 1956931.48654 12
955552.891695 1956931.63344 12
955552.702069 1956931.76758 12
955552.503145 1956931.91246 12
955552.313519 1956932.04661 12
955552.112986 1956932.18277 12
955551.923359 1956932.31692 12
955551.74304 1956932.44033 12
955551.553414 1956932.57448 12
955551.371486 1956932.68917 12
955551.191157 1956932.81259 12
955551.009229 1956932.92728 12
955550.838218 1956933.03996 12
955550.667197 1956933.15264 12
955550.494576 1956933.2566 12
955550.334462 1956933.36727 12
955550.160232 1956933.4625 12
955550.009435 1956933.56244 12
955549.835196 1956933.65768 12
955549.695305 1956933.7556 12
955549.531983 1956933.84883 12
955549.390483 1956933.93803 12
955549.238077 1956934.02925 12
955549.096577 1956934.11845 12
955548.944161 1956934.20967 12
955548.802662 1956934.29887 12
955548.650255 1956934.39009 12
955548.508756 1956934.47929 12
955548.367256 1956934.56849 12
955548.225757 1956934.6577 12
955548.085866 1956934.75563 12
955547.955274 1956934.84282 12
955547.804466 1956934.94276 12
955547.673884 1956935.02995 12
955547.533983 1956935.12788 12
955547.394093 1956935.22581 12
955547.254203 1956935.32373 12
955547.114312 1956935.42166 12
955546.985328 1956935.51758 12
955546.847038 1956935.62423 12
955546.716454 1956935.71142 12
955546.576564 1956935.80935 12
955546.436664 1956935.90728 12
955546.306081 1956935.99447 12
955546.177097 1956936.09039 12
955546.035598 1956936.17959 12
955545.895707 1956936.27752 12
955545.7449 1956936.37746 12
955545.594093 1956936.4774 12
955545.433989 1956936.58807 12
955545.273884 1956936.69874 12
955545.101254 1956936.8027 12
955544.930242 1956936.91538 12
955544.748314 1956937.03007 12
955544.578902 1956937.15147 12
955544.396974 1956937.26617 12
955544.227562 1956937.38757 12
955544.036327 1956937.51299 12
955543.865315 1956937.62567 12
955543.697513 1956937.7558 12
955543.517184 1956937.87922 12
955543.338474 1956938.01135 12
955543.167453 1956938.12404 12
955542.977826 1956938.25818 12
955542.810024 1956938.38831 12
955542.629705 1956938.51173 12
955542.449386 1956938.63514 12
955542.269067 1956938.75855 12
955542.088738 1956938.88197 12
955541.895904 1956938.99867 12
955541.713976 1956939.11336 12
955541.533657 1956939.23677 12
955541.351729 1956939.35146 12
955541.158884 1956939.46817 12
955540.976956 1956939.58286 12
955540.795028 1956939.69755 12
955540.602193 1956939.81425 12
955540.431172 1956939.92693 12
955540.247635 1956940.0329 12
955540.065707 1956940.14759 12
955539.883779 1956940.26228 12
955539.712758 1956940.37496 12
955539.519923 1956940.49166 12
955539.348902 1956940.60435 12
955539.165365 1956940.71032 12
955538.983437 1956940.82501 12
955538.799909 1956940.93097 12
955538.627279 1956941.03493 12
955538.431226 1956941.13419 12
955538.258605 1956941.23814 12
955538.062552 1956941.3374 12
955537.877406 1956941.43464 12
955537.69226 1956941.53189 12
955537.505515 1956941.62041 12
955537.323586 1956941.7351 12
955537.135232 1956941.8149 12
955536.953304 1956941.92959 12
955536.768158 1956942.02684 12
955536.573714 1956942.13481 12
955536.390177 1956942.24078 12
955536.197332 1956942.35749 12
955535.991981 1956942.46747 12
955535.78823 1956942.58619 12
955535.606302 1956942.70088 12
955535.393243 1956942.83032 12
955535.202017 1956942.95575 12
955534.988959 1956943.08519 12
955534.786816 1956943.21262 12
955534.572158 1956943.33335 12
955534.368407 1956943.45206 12
955534.153749 1956943.57278 12
955533.951607 1956943.70021 12
955533.735339 1956943.81221 12
955533.511374 1956943.94367 12
955533.307622 1956944.06238 12
955533.092964 1956944.1831 12
955532.887604 1956944.29309 12
955532.685461 1956944.42052 12
955532.48171 1956944.53924 12
955532.277959 1956944.65795 12
955532.085124 1956944.77465 12
955531.881373 1956944.89336 12
955531.699444 1956945.00805 12
955531.497302 1956945.13548 12
955531.324672 1956945.23944 12
955531.12253 1956945.36688 12
955530.951518 1956945.47956 12
955530.749376 1956945.60699 12
955530.576746 1956945.71095 12
955530.383911 1956945.82765 12
955530.212889 1956945.94033 12
955530.009138 1956946.05904 12
955529.836518 1956946.163 12
955529.643673 1956946.2797 12
955529.471052 1956946.38366 12
955529.278208 1956946.50036 12
955529.09468 1956946.60633 12
955528.890929 1956946.72504 12
955528.696485 1956946.83302 12
955528.492734 1956946.95173 12
955528.288982 1956947.07044 12
955528.083622 1956947.18043 12
955527.890787 1956947.29713 12
955527.672911 1956947.40041 12
955527.480066 1956947.51711 12
955527.263799 1956947.62911 12
955527.058448 1956947.73909 12
955526.84378 1956947.85982 12
955526.63682 1956947.96108 12
955526.412855 1956948.09254 12
955526.205895 1956948.1938 12
955525.991227 1956948.31452 12
955525.77336 1956948.4178 12
955525.568 1956948.52779 12
955525.342425 1956948.65052 12
955525.135465 1956948.75178 12
955524.897375 1956948.8678 12
955524.701322 1956948.96706 12
955524.474138 1956949.08107 12
955524.256271 1956949.18434 12
955524.05252 1956949.30305 12
955523.834643 1956949.40633 12
955523.618376 1956949.51833 12
955523.413016 1956949.62831 12
955523.207655 1956949.7383 12
955523.003913 1956949.85701 12
955522.796944 1956949.95828 12
955522.593192 1956950.07699 12
955522.398748 1956950.18497 12
955522.18409 1956950.30569 12
955521.989646 1956950.41367 12
955521.764072 1956950.5364 12
955521.591441 1956950.64036 12
955521.373575 1956950.74363 12
955521.177521 1956950.84289 12
955520.972161 1956950.95288 12
955520.774499 1956951.04341 12
955520.569138 1956951.1534 12
955520.371486 1956951.24393 12
955520.173824 1956951.33446 12
955519.977771 1956951.43371 12
955519.770801 1956951.53498 12
955519.57154 1956951.61679 12
955519.36457 1956951.71805 12
955519.165298 1956951.79986 12
955518.966037 1956951.88167 12
955518.766766 1956951.96348 12
955518.567494 1956952.04529 12
955518.37914 1956952.12509 12
955518.158055 1956952.21092 12
955517.968091 1956952.28199 12
955517.76882 1956952.3638 12
955517.569548 1956952.44561 12
955517.368678 1956952.51869 12
955517.167807 1956952.59178 12
955516.966927 1956952.66487 12
955516.755139 1956952.73996 12
955516.566785 1956952.81976 12
955516.353388 1956952.88613 12
955516.141611 1956952.96123 12
955515.928215 1956953.0276 12
955515.716428 1956953.1027 12
955515.493734 1956953.1798 12
955515.06855 1956953.32127 12
955514.844247 1956953.38966 12
955514.621553 1956953.46676 12
955514.395641 1956953.52642 12
955514.174556 1956953.61225 12
955513.940945 1956953.69137 12
955513.730767 1956953.77519 12
955513.498766 1956953.86303 12
955513.288588 1956953.94684 12
955513.064285 1956954.01523 12
955512.8432 1956954.10106 12
955512.629803 1956954.16743 12
955512.408719 1956954.25326 12
955512.20463 1956954.3089 12
955511.983535 1956954.39473 12
955511.781055 1956954.45909 12
955511.556752 1956954.52747 12
955511.344965 1956954.60257 12
955511.12996 1956954.66022 12
955510.916573 1956954.72659 12
955510.703177 1956954.79297 12
955510.478874 1956954.86135 12
955510.263878 1956954.919 12
955510.050482 1956954.98537 12
955509.835486 1956955.04302 12
955509.620481 1956955.10067 12
955509.416392 1956955.15631 12
955509.201396 1956955.21396 12
955508.986391 1956955.27161 12
955508.782302 1956955.32725 12
955508.55639 1956955.38691 12
955508.35391 1956955.45127 12
955508.148212 1956955.49819 12
955507.945732 1956955.56255 12
955507.741643 1956955.61819 12
955507.537554 1956955.67383 12
955507.333465 1956955.72947 12
955507.130986 1956955.79383 12
955506.928496 1956955.8582 12
955506.724407 1956955.91383 12
955506.511021 1956955.98021 12
955506.308541 1956956.04457 12
955506.084228 1956956.11295 12
955505.883358 1956956.18604 12
955505.659054 1956956.25442 12
955505.445658 1956956.32079 12
955505.222964 1956956.3979 12
955505.009568 1956956.46427 12
955504.774358 1956956.53467 12
955504.550055 1956956.60305 12
955504.324143 1956956.66271 12
955504.099839 1956956.73109 12
955503.863021 1956956.79276 12
955503.638717 1956956.86115 12
955503.412805 1956956.92081 12
955503.174377 1956956.97375 12
955502.937558 1956957.03542 12
955502.688213 1956957.09038 12
955502.462301 1956957.15004 12
955502.23479 1956957.20098 12
955501.985445 1956957.25593 12
955501.757933 1956957.30687 12
955501.519505 1956957.35982 12
955501.293593 1956957.41948 12
955501.055165 1956957.47242 12
955500.829253 1956957.53208 12
955500.589216 1956957.57631 12
955500.354006 1956957.6467 12
955500.115568 1956957.69965 12
955499.888056 1956957.75059 12
955499.660535 1956957.80152 12
955499.423716 1956957.86319 12
955499.196194 1956957.91413 12
955498.959376 1956957.9758 12
955498.731854 1956958.02674 12
955498.493426 1956958.07968 12
955498.265915 1956958.13062 12
955498.038393 1956958.18156 12
955497.81857 1956958.21304 12
955497.591059 1956958.26398 12
955497.361928 1956958.30619 12
955497.120292 1956958.34169 12
955496.891161 1956958.38391 12
955496.660432 1956958.4174 12
955496.43291 1956958.46833 12
955496.200571 1956958.4931 12
955495.97306 1956958.54404 12
955495.728195 1956958.56209 12
955495.51159 1956958.61102 12
955495.268345 1956958.6378 12
955495.048522 1956958.66928 12
955494.817792 1956958.70277 12
955494.588662 1956958.74498 12
955494.357932 1956958.77847 12
955494.138109 1956958.80995 12
955493.908988 1956958.85217 12
955493.667342 1956958.88767 12
955493.450737 1956958.93659 12
955493.198184 1956958.97411 12
955492.992486 1956959.02102 12
