955598.966616 1956895.14235 0
955597.189186 1956896.28825 0
955595.110412 1956897.65749 0
955593.078108 1956899.03247 0
955591.04564 1956900.40645 0
955589.474739 1956901.53347 0
955587.903675 1956902.6595 0
955585.567727 1956904.3827 0
955583.230801 1956906.10605 0
955580.894853 1956907.82925 0
955578.966816 1956909.34343 0
955577.03993 1956910.85844 0
955575.111893 1956912.37261 0
955572.894824 1956914.1112 0
955571.333956 1956915.36417 0
955570.072769 1956916.37076 0
955568.810604 1956917.37751 0
955566.966025 1956918.81861 0
955566.28307 1956919.35205 0
955565.05228 1956920.30823 0
955564.416655 1956920.78956 0
955563.582492 1956921.45348 0
955562.777138 1956922.10774 0
955561.922723 1956922.75264 0
955560.524422 1956923.87026 0
955558.881431 1956925.16673 0
955557.453603 1956926.27693 0
955556.61541 1956926.95365 0
955555.737934 1956927.6316 0
955554.221393 1956928.81369 0
955553.214385 1956929.59942 0
955552.508954 1956930.15063 0
955551.304109 1956931.08545 0
955550.423203 1956931.78621 0
955549.47801 1956932.51549 0
955549.102956 1956932.80327 0
955547.957648 1956933.70528 0
955546.956521 1956934.49614 0
955545.643931 1956935.52311 0
955544.917548 1956936.08881 0
955543.741124 1956937.02414 0
955542.751093 1956937.8021 0
955541.779921 1956938.55881 0
955540.571845 1956939.51135 0
955538.620597 1956941.03228 0
955537.001602 1956942.30163 0
955535.986425 1956943.10588 0
955534.077692 1956944.60786 0
955532.238954 1956946.03486 0
955531.323299 1956946.77155 0
955530.458021 1956947.41819 0
955529.537239 1956948.16077 0
955528.543968 1956948.95645 0
955527.671777 1956949.60419 0
955526.038339 1956950.92242 0
955524.524086 1956952.08086 0
955523.711084 1956952.72521 0
955522.952831 1956953.31322 0
955521.465862 1956954.49665 0
955519.949529 1956955.67365 0
955518.924944 1956956.45713 0
955517.482628 1956957.62229 0
955516.90863 1956958.05225 0
955516.396064 1956958.46124 0
955515.462687 1956959.1947 0
955514.11919 1956960.2499 0
955513.592683 1956960.67934 0
955512.218825 1956961.72826 0
955511.385724 1956962.40518 0
955510.794708 1956962.87431 0
955509.952923 1956963.52225 0
955509.020489 1956964.26163 0
955508.608005 1956964.59387 0
955506.825493 1956966.01795 0
955505.616221 1956966.97574 0
955504.664954 1956967.73028 0
955503.508713 1956968.64619 0
955502.492742 1956969.47081 0
