935495.956664909 1915779.21406306
935496.776521831 1915781.16247022
935497.5963629 1915783.11187683
935498.58383244 1915785.39683933
935499.585007655 1915787.63703278
935500.585183412 1915789.8772104
935501.422296031 1915791.61995375
935502.258409199 1915793.36268127
935503.549796033 1915795.96236706
935504.841167008 1915798.56305232
935506.132553812 1915801.16273816
935507.288926694 1915803.3244164
935508.446314851 1915805.48511105
935509.602687711 1915807.64678933
935510.929877465 1915810.13207772
935511.892761642 1915811.88681178
935512.665061805 1915813.30362667
935513.437346123 1915814.72144102
935514.536240872 1915816.78823684
935514.942983918 1915817.55345355
935515.670911053 1915818.93157666
935516.034549847 1915819.64112683
935516.543541397 1915820.57791266
935517.048010993 1915821.48463592
935517.534745426 1915822.43806378
935518.392572822 1915824.00918795
935519.384046157 1915825.85234854
935520.229436613 1915827.45126707
935520.75032643 1915828.3942397
935521.265601165 1915829.37611148
935522.166391568 1915831.07487811
935522.765321409 1915832.20303187
935523.185660594 1915832.99345655
935523.897056546 1915834.3423265
935524.434208161 1915835.33154295
935524.988272495 1915836.38900682
935525.206557148 1915836.8083405
935525.895979771 1915838.09288162
935526.500985476 1915839.21613324
935527.284423399 1915840.68710842
935527.715392089 1915841.50069462
935528.432228829 1915842.82165937
935529.026446582 1915843.93174395
935529.603022853 1915845.01955559
935530.331314279 1915846.37469159
935531.490305057 1915848.56040439
935532.459234645 1915850.3752163
935533.074980734 1915851.51463335
935534.222691056 1915853.65518105
935535.30871958 1915855.71377564
935535.875220795 1915856.74344524
935536.361780883 1915857.70786711
935536.933184266 1915858.74361261
935537.544297487 1915859.85996325
935538.030746669 1915860.83138125
935539.045302144 1915862.66890978
935539.923200238 1915864.36131557
935540.416580795 1915865.27386138
935540.863985512 1915866.12269755
935541.771231879 1915867.79257555
935542.66704075 1915869.49026376
935543.260703943 1915870.63532903
935544.157701 1915872.25805887
935544.4814556 1915872.89799793
935544.795230231 1915873.47379823
935545.35546541 1915874.5203634
935546.161335963 1915876.02668372
935546.492831275 1915876.61975976
935547.287248488 1915878.15488973
935547.809216855 1915879.09288115
935548.168587088 1915879.75637779
935548.660508732 1915880.69789172
935549.226740564 1915881.74455197
935549.482307011 1915882.20846333
935550.57521926 1915884.21118426
935551.308476107 1915885.56839855
935551.886368575 1915886.63623729
935552.587578443 1915887.93396153
935553.223249965 1915889.07769338
