935514.566403221 1915808.26330664
935515.937905382 1915810.91724642
935516.196899359 1915811.41720105
935516.931472734 1915812.75444195
935517.667045548 1915814.09169871
935519.085996859 1915816.71639979
935519.31811534 1915817.1459497
935520.71174782 1915819.79124308
935521.575462381 1915821.43243931
935522.282273059 1915822.75524444
935522.989083732 1915824.07804959
935523.694879115 1915825.40183834
935524.401689783 1915826.7246435
935525.107485158 1915828.04843226
935525.814295816 1915829.37123743
935526.52110647 1915830.6940426
935527.226901831 1915832.01783138
935527.933712478 1915833.34063657
935528.639507835 1915834.66442537
935529.346318473 1915835.98723057
935530.05211382 1915837.31101937
935530.75892445 1915838.63382459
935531.465735078 1915839.9566298
935532.17153041 1915841.28041863
935532.878341031 1915842.60322386
935533.584136358 1915843.9270127
935534.290946968 1915845.24981794
935534.996742288 1915846.57360679
935535.70355289 1915847.89641205
935536.410363491 1915849.21921731
935537.116158796 1915850.54300618
935537.822969387 1915851.86581145
935538.528764689 1915853.18960033
935539.235575271 1915854.51240562
935539.941386404 1915855.83519507
935540.648181138 1915857.15899981
935541.354991709 1915858.48180512
935542.060786988 1915859.80559403
935542.767597552 1915861.12839935
935543.473392824 1915862.45218828
935544.180203379 1915863.77499361
935544.886014484 1915865.0977831
935545.592809191 1915866.42158789
935546.299619735 1915867.74439324
935547.005414987 1915869.06818219
935547.712225522 1915870.39098756
935548.418020766 1915871.71477652
935549.124831294 1915873.0375819
935549.830642372 1915874.36037144
935550.559758896 1915875.72651734
