955573.841794 1956936.311 0
955573.017782 1956935.73527 0
955572.066557 1956935.2123 0
955570.615346 1956934.57599 0
955569.214208 1956934.25256 0
955567.780108 1956934.14699 0
955566.119631 1956934.23354 0
955564.191764 1956934.52788 0
955562.195644 1956935.23705 0
955560.733336 1956936.03693 0
955559.961382 1956936.5583 0
955558.428073 1956937.69246 0
955556.106301 1956939.56118 0
955555.938632 1956939.69633 0
955553.578097 1956941.53785 0
955553.038008 1956941.95834 0
955550.688009 1956943.79615 0
955548.337032 1956945.63412 0
955545.986045 1956947.47209 0
955543.636046 1956949.3099 0
955543.378567 1956949.51003 0
955541.035084 1956951.35692 0
955538.690459 1956953.20298 0
955536.345824 1956955.04905 0
955534.0012 1956956.89511 0
955533.770951 1956957.0757 0
955531.412436 1956958.91083 0
955529.054899 1956960.7458 0
955526.697361 1956962.58076 0
955525.505543 1956963.50843 0
955524.577409 1956964.16716 0
955523.802807 1956964.56443 0
955522.492339 1956964.88347 0
955519.564345 1956965.50691 0
955517.943123 1956965.85139 0
955515.030766 1956966.52193 0
955513.133699 1956966.95812 0
955512.311673 1956967.1666 0
955511.006853 1956967.72971 0
