935532.95684473 1915813.05444948
935532.246778586 1915813.7659744
935531.566571799 1915814.6119319
935530.687930019 1915815.93059933
935530.126112307 1915817.2542888
935529.773116607 1915818.64826799
935529.570011455 1915820.29854596
935529.525110626 1915822.2482414
935529.876881307 1915824.33718418
935530.410682585 1915825.91616824
935530.790077607 1915826.76692538
935531.64075322 1915828.47389494
935533.077916283 1915831.08488914
935533.181894362 1915831.2734805
935534.585537076 1915833.91793306
935534.905848453 1915834.52282811
935536.307666528 1915837.15625511
935537.709468742 1915839.79068159
935539.111270942 1915842.42510809
935540.513088969 1915845.05853517
935540.665470885 1915845.34686373
935542.077362557 1915847.97545204
935543.488238927 1915850.60502398
935544.899115281 1915853.23459594
935546.30999162 1915855.86416792
935546.447857126 1915856.1222755
935547.845550553 1915858.7636349
935549.243259803 1915861.40399488
935550.640969039 1915864.04435488
935551.347589494 1915865.37915359
935551.835134547 1915866.4075717
935552.09186706 1915867.23938974
935552.178498848 1915868.5853544
935552.284028737 1915871.57711861
935552.341746772 1915873.23353048
935552.49637617 1915876.21807542
935552.596521266 1915878.16207264
935552.659092075 1915879.00780779
935552.987066717 1915880.39058806
