935494.67843 1915766.51366 1
935495.232134 1915769.23361 1
935495.908181 1915772.56032 1
935496.829855 1915775.9689 1
935498.101235 1915779.20007 1
935499.164657 1915781.99108 1
935500.409041 1915784.71799 1
935501.648571 1915787.43581 1
935501.905805 1915787.98373 1
935503.168607 1915790.68393 1
935504.431424 1915793.38313 1
935504.649551 1915793.81246 1
935506.005046 1915796.46714 1
935507.361556 1915799.12085 1
935508.327489 1915800.99859 1
935509.693963 1915803.65445 1
935509.802716 1915803.85711 1
935511.207564 1915806.48859 1
935512.612428 1915809.11906 1
935513.006605 1915809.79411 1
935513.021153 1915809.82233 1
935513.390676 1915810.47599 1
935514.003169 1915811.56837 1
935514.487363 1915812.42979 1
935514.885842 1915813.21187 1
935515.375526 1915814.10536 1
935516.081337 1915815.42815 1
935516.453652 1915816.09485 1
935516.658737 1915816.46399 1
935516.688817 1915816.52145 1
935517.130542 1915817.3502 1
935517.494513 1915818.03876 1
935517.675833 1915818.39353 1
935517.931336 1915818.86144 1
935518.546924 1915820.01085 1
935518.79965 1915820.46472 1
935519.043018 1915820.94143 1
935519.492675 1915821.77431 1
935519.921089 1915822.55986 1
935520.551636 1915823.71151 1
935520.641019 1915823.87488 1
935521.048888 1915824.63212 1
935521.137255 1915824.79647 1
935521.382875 1915825.25722 1
935521.810099 1915826.05475 1
935522.010457 1915826.46981 1
935522.119846 1915826.69547 1
935522.380299 1915827.16646 1
935522.760896 1915827.87828 1
935523.018034 1915828.3692 1
935523.468437 1915829.21809 1
935524.170219 1915830.54281 1
935524.470176 1915831.1074 1
935524.679846 1915831.5026 1
935525.120539 1915832.33334 1
935525.475738 1915833.00776 1
935525.744805 1915833.50288 1
935526.009859 1915833.99893 1
935526.274929 1915834.49398 1
935526.451632 1915834.82469 1
935526.554484 1915835.02126 1
935526.729156 1915835.35393 1
935526.837814 1915835.56258 1
935527.18251 1915836.20585 1
935527.368922 1915836.5547 1
935527.713633 1915837.19697 1
935527.890336 1915837.52768 1
935528.192355 1915838.08829 1
935528.527325 1915838.71442 1
935528.919551 1915839.44941 1
935529.135028 1915839.8567 1
935529.664136 1915840.84879 1
935529.83984 1915841.17948 1
935530.020524 1915841.51124 1
935530.199257 1915841.83998 1
935530.495359 1915842.3955 1
935531.20117 1915843.71829 1
935531.489466 1915844.2617 1
935531.853612 1915844.93927 1
935532.559423 1915846.26206 1
935533.138903 1915847.35591 1
935533.843714 1915848.67868 1
935534.328179 1915849.58609 1
935534.636052 1915850.1558 1
935535.341863 1915851.47859 1
935535.915711 1915852.54936 1
935535.924484 1915852.5635 1
935536.466998 1915853.59279 1
935537.172809 1915854.91558 1
935537.455552 1915855.4309 1
935537.698825 1915855.91361 1
935538.404636 1915857.2364 1
935538.690345 1915857.75378 1
935538.995394 1915858.31244 1
935539.701205 1915859.63523 1
935539.94443 1915860.12094 1
935540.451708 1915861.03971 1
935541.157519 1915862.36249 1
935541.595976 1915863.20819 1
935541.842658 1915863.66496 1
935542.54847 1915864.98775 1
935542.772672 1915865.41218 1
935543.226295 1915866.24712 1
935543.932106 1915867.56991 1
935544.379511 1915868.41874 1
935544.676326 1915868.99227 1
935545.382137 1915870.31506 1
935545.830144 1915871.12592 1
935545.992014 1915871.44639 1
935546.149409 1915871.7338 1
935546.85422 1915873.05657 1
935547.134837 1915873.57986 1
935547.537773 1915874.33302 1
935548.243584 1915875.65581 1
935548.408816 1915875.95334 1
935548.806532 1915876.72042 1
935549.487071 1915877.99782 1
935549.748554 1915878.46682 1
935549.92824 1915878.79857 1
935550.173701 1915879.26932 1
935550.749182 1915880.36311 1
935551.031799 1915880.88643 1
935551.143392 1915881.09914 1
935551.406162 1915881.61315 1
935551.935777 1915882.57326 1
935552.210715 1915883.07646 1
935552.426556 1915883.46077 1
935553.017393 1915884.53181 1
935553.325219 1915885.10452 1
935553.526941 1915885.4966 1
935553.959573 1915886.20524 1
935554.275378 1915886.77907 1
935554.585996 1915887.36482 1
935554.812165 1915887.79128 1
935554.884953 1915887.92939 1
935555.011269 1915888.15932 1
