935549.524694 1915961.26811 5
935550.239369 1915960.89656 5
935550.635668 1915960.68091 5
935551.958442 1915959.9761 5
935553.148053 1915959.34715 5
935554.209879 1915958.77016 5
935555.532669 1915958.06435 5
935556.490618 1915957.5447 5
935556.850604 1915957.34947 5
935557.811441 1915956.83686 5
935558.174394 1915956.64367 5
935559.286335 1915956.05848 5
935560.609125 1915955.35267 5
935561.34815 1915954.95851 5
935562.671939 1915954.25271 5
935563.706369 1915953.70128 5
935563.801172 1915953.6488 5
935565.123962 1915952.94299 5
935565.405152 1915952.79949 5
