935549.524694303 1915961.26811182
935550.239368708 1915960.89655697
935550.635667754 1915960.68090641
935551.958441667 1915959.97609515
935553.148053084 1915959.34714933
935554.209879459 1915958.7701615
935555.532669227 1915958.06435077
935556.490618031 1915957.54469838
935556.850604359 1915957.34946582
935557.811440598 1915956.83685706
935558.174393577 1915956.64367092
935559.286334807 1915956.05848021
935560.609124591 1915955.35266946
935561.348150079 1915954.95850756
935562.671939313 1915954.25271264
935563.706368777 1915953.70128259
935563.801172136 1915953.64880178
935565.123961932 1915952.94299101
935565.405151872 1915952.79949329
