935597.732285 1915935.45935 7
935599.184066 1915934.68861 7
935600.513677 1915933.9939 7
935601.634883 1915933.39186 7
935601.690328 1915933.36275 7
935602.71865 1915932.81822 7
935603.016053 1915932.66099 7
935604.042408 1915932.11443 7
935604.338827 1915931.95617 7
935605.3994 1915931.39516 7
935605.664536 1915931.25541 7
935606.723158 1915930.69137 7
935606.987326 1915930.5496 7
935607.084096 1915930.49915 7
935608.406886 1915929.79334 7
935609.728693 1915929.08651 7
935610.613905 1915928.61469 7
935611.751213 1915928.00591 7
935612.504278 1915927.60897 7
