935634.25577 1915932.01753 9
935634.952935 1915933.31819 9
935635.308355 1915933.97863 9
935635.66379 1915934.63806 9
935636.372616 1915935.9599 9
935637.083471 1915937.27977 9
935637.791297 1915938.60159 9
935638.154507 1915939.27515 9
935638.507928 1915939.93555 9
935638.862332 1915940.59697 9
935639.217768 1915941.25641 9
935639.573188 1915941.91684 9
935639.623686 1915942.01061 9
935639.975124 1915942.66999 9
935640.327482 1915943.33437 9
935640.683918 1915943.99382 9
935641.039337 1915944.65426 9
935641.347052 1915945.23396 9
935641.743134 1915945.97802 9
935642.055861 1915946.5568 9
935642.367574 1915947.13657 9
935642.801731 1915947.93821 9
935643.505543 1915949.26096 9
935643.804262 1915949.84052 9
935644.048979 1915950.35825 9
935644.441318 1915951.14923 9
935644.675897 1915951.67579 9
935644.973999 1915952.29433 9
935645.166125 1915952.78722 9
935645.387157 1915953.34856 9
935645.706347 1915954.21336 9
935645.92302 1915954.92358 9
935646.154256 1915955.66102 9
935646.301602 1915956.33015 9
935646.450661 1915957.01731 9
935646.546733 1915957.70462 9
935646.60327 1915958.30034 9
935646.669438 1915958.98218 9
935646.714557 1915959.79365 9
935646.715012 1915960.26951 9
935646.702505 1915960.74317 9
935646.682707 1915961.48763 9
935646.661647 1915961.87018 9
935646.604244 1915962.33813 9
935646.511661 1915963.07044 9
935646.404255 1915963.60257 9
935646.253906 1915964.13203 9
935646.082096 1915964.88008 9
935645.873812 1915965.4696 9
935645.640129 1915966.0847 9
935645.393183 1915966.65362 9
935645.186292 1915967.0922 9
935644.913454 1915967.59172 9
935644.610744 1915968.08378 9
935644.332844 1915968.52423 9
935644.08591 1915968.9032 9
935643.767112 1915969.33802 9
935643.427278 1915969.7755 9
935643.071072 1915970.17373 9
935642.720292 1915970.60803 9
935642.345191 1915970.99997 9
935641.955686 1915971.41766 9
935641.580267 1915971.7666 9
935641.234053 1915972.10201 9
935640.850908 1915972.43384 9
935640.487307 1915972.73098 9
935640.101702 1915973.02878 9
935639.7236 1915973.2947 9
935639.331411 1915973.5664 9
935638.999711 1915973.80607 9
935638.433875 1915974.18498 9
935638.050141 1915974.42782 9
935637.618164 1915974.68689 9
935637.007685 1915975.0441 9
935636.165591 1915975.50761 9
935635.436322 1915975.91692 9
935635.403055 1915975.93439 9
935634.07833 1915976.63617 9
935632.758443 1915977.34803 9
935632.632419 1915977.41501 9
935631.312532 1915978.12686 9
935629.985871 1915978.82461 9
935629.947559 1915978.845 9
935628.628672 1915979.55687 9
935627.307817 1915980.26671 9
935626.873254 1915980.49975 9
935625.554366 1915981.21162 9
935624.891996 1915981.56301 9
935624.229625 1915981.9144 9
935622.909738 1915982.62626 9
935622.247383 1915982.97665 9
935622.146567 1915983.03003 9
935621.585013 1915983.32804 9
935621.377352 1915983.43671 9
