935624.803146 1916018.51139 12
935625.561217 1916020.00595 12
935626.319288 1916021.50052 12
935627.505633 1916023.9156 12
935628.820594 1916026.60463 12
935630.128639 1916029.28856 12
935630.586611 1916030.22753 12
935631.851204 1916032.94076 12
935632.48036 1916034.30633 12
935633.109499 1916035.67289 12
935633.561698 1916036.66076 12
935634.189553 1916038.04529 12
935634.817408 1916039.42983 12
935635.427416 1916040.80508 12
935636.036424 1916042.18032 12
935636.936777 1916044.22198 12
935638.090019 1916046.95944 12
935638.666158 1916048.39014 12
935639.242297 1916049.82084 12
935640.337239 1916052.57836 12
935640.862517 1916054.00126 12
935641.386811 1916055.42314 12
935642.427197 1916058.21679 12
935642.972861 1916059.678 12
935643.46189 1916061.11732 12
935643.950903 1916062.55764 12
935644.414866 1916064.00155 12
935644.879828 1916065.44549 12
935645.065579 1916066.02526 12
935645.505413 1916067.47779 12
935645.945247 1916068.93033 12
935646.083561 1916069.41237 12
935646.873627 1916072.29403 12
935647.410465 1916074.24894 12
935647.790111 1916075.71452 12
935648.170771 1916077.17911 12
935648.244181 1916077.46719 12
935648.542476 1916079.01945 12
935648.840772 1916080.57171 12
935648.981568 1916081.40169 12
935649.377235 1916084.31608 12
935649.538686 1916085.86117 12
935649.700136 1916087.40626 12
935649.889973 1916089.9355 12
935650.051691 1916092.91416 12
935650.071767 1916093.28737 12
935650.126721 1916094.80278 12
935650.181674 1916096.31819 12
935650.245027 1916098.18663 12
935650.306119 1916100.38693 12
