935650.604356 1916124.26741 14
935650.852001 1916126.80756 14
935651.018131 1916128.30974 14
935651.18426 1916129.81192 14
935651.306153 1916130.95151 14
935651.615931 1916133.92352 14
935651.829268 1916135.97928 14
935652.147217 1916138.94042 14
935652.464118 1916141.90455 14
935652.510355 1916142.33015 14
935652.819324 1916145.29015 14
935653.13218 1916148.25721 14
935653.226908 1916149.15544 14
935653.34033 1916151.08165 14
935653.346676 1916152.63628 14
935653.353006 1916154.19191 14
935653.351603 1916154.59577 14
935653.323999 1916156.14786 14
935653.297395 1916157.69997 14
