935648.864321 1916205.65411 18
935648.849867 1916208.64698 18
935648.836412 1916211.63986 18
935648.821958 1916214.63272 18
935648.808503 1916217.6256 18
935648.795866 1916220.31458 18
935648.634462 1916223.30711 18
935648.553474 1916224.82137 18
935648.345381 1916227.79517 18
935648.320751 1916228.15067 18
935647.510197 1916231.03894 18
935647.279231 1916231.86103 18
935646.045241 1916234.59563 18
935645.656729 1916235.45521 18
935643.777791 1916237.94665 18
935641.342766 1916239.69751 18
935640.666263 1916240.18364 18
935637.819694 1916241.40912 18
935634.833009 1916241.69867 18
935631.847323 1916241.98824 18
935629.423325 1916242.22373 18
