935629.308537 1916242.37788
935629.113324 1916242.36829
935628.900373 1916242.35882
935628.7229 1916242.34909
935628.509948 1916242.33963
935628.323605 1916242.32996
935628.119609 1916242.33153
935627.933266 1916242.32186
935627.720314 1916242.3124
935627.534057 1916242.31383
935627.338844 1916242.30423
935627.152586 1916242.30566
935626.94859 1916242.30722
935626.753377 1916242.29762
935626.567204 1916242.31014
935626.363122 1916242.30061
935626.176865 1916242.30204
935625.972868 1916242.30361
935625.786525 1916242.29394
935625.582443 1916242.28441
935625.396185 1916242.28584
935625.200973 1916242.27624
935625.01463 1916242.26657
935624.819502 1916242.26807
935624.62412 1916242.23628
935624.428907 1916242.22669
935624.23361 1916242.20599
935624.047097 1916242.17414
935623.851799 1916242.15345
935623.665371 1916242.13269
935623.470074 1916242.112
935623.283561 1916242.08014
935623.088263 1916242.05945
935622.910535 1916242.01643
935622.715152 1916241.98465
935622.528639 1916241.95279
935622.35091 1916241.90978
935622.164397 1916241.87792
935621.977714 1916241.82388
935621.782331 1916241.7921
935621.604603 1916241.74908
935621.409135 1916241.7062
935621.222622 1916241.67435
935621.027069 1916241.62037
935620.84934 1916241.57736
935620.662742 1916241.53441
935620.485013 1916241.49139
935620.29833 1916241.43735
935620.120601 1916241.39433
935619.933918 1916241.34029
935619.747405 1916241.30844
935619.560637 1916241.2433
935619.382908 1916241.20029
935619.187355 1916241.14631
935619.009541 1916241.0922
935618.822943 1916241.04925
935618.63626 1916240.99521
935618.458446 1916240.9411
935618.262893 1916240.88713
935618.084994 1916240.82192
935617.889527 1916240.77904
935617.702758 1916240.71391
935617.524945 1916240.6598
935617.338261 1916240.60576
935617.151578 1916240.55171
935616.96481 1916240.48658
935616.778126 1916240.43254
935616.582574 1916240.37856
935616.395805 1916240.31343
935616.209037 1916240.24829
935616.022354 1916240.19425
935615.83567 1916240.14021
935615.657686 1916240.06391
935615.470918 1916239.99877
935615.097381 1916239.8685
935614.901828 1916239.81453
935614.723844 1916239.73823
935614.528206 1916239.67316
935614.341438 1916239.60803
935614.145715 1916239.53186
935613.958947 1916239.46673
935613.763309 1916239.40166
935613.57654 1916239.33653
935613.389772 1916239.27139
935613.194134 1916239.20632
935613.007366 1916239.14119
935612.811813 1916239.08721
935612.624959 1916239.01098
935612.429492 1916238.9681
935612.233854 1916238.90303
935612.064824 1916238.83776
935611.878141 1916238.78372
935611.682673 1916238.74084
935611.478336 1916238.69803
935611.291653 1916238.64399
935611.087315 1916238.60118
935610.900632 1916238.54713
935610.687426 1916238.50439
935610.491703 1916238.42823
935610.28728 1916238.37432
935610.091813 1916238.33144
935609.887475 1916238.28863
935609.692093 1916238.25685
935609.478886 1916238.2141
935609.283418 1916238.17122
935609.079166 1916238.1395
935608.874829 1916238.09669
935608.670577 1916238.06498
935608.46641 1916238.04435
935608.262158 1916238.01263
935608.049121 1916237.99208
935607.853909 1916237.98248
935607.649742 1916237.96186
935607.445575 1916237.94123
935607.241408 1916237.92061
935607.046195 1916237.91101
935606.833329 1916237.91265
935606.638116 1916237.90305
935606.434034 1916237.89352
935606.238907 1916237.89501
935606.034825 1916237.88549
935605.839698 1916237.88698
935605.635616 1916237.87745
935605.440573 1916237.89004
935605.236491 1916237.88051
935605.050233 1916237.88194
935604.837282 1916237.87248
935604.642069 1916237.86288
935604.446942 1916237.86438
935604.251729 1916237.85478
935604.047732 1916237.85635
935603.85252 1916237.84675
935603.657392 1916237.84825
935603.453396 1916237.84981
935603.258098 1916237.82912
935603.063056 1916237.84171
935602.858974 1916237.83218
935602.663761 1916237.82258
935602.468634 1916237.82408
935602.282376 1916237.82551
935602.087163 1916237.81591
935601.900905 1916237.81734
935601.705692 1916237.80774
935601.510565 1916237.80924
935601.324307 1916237.81067
935601.129094 1916237.80107
935600.942751 1916237.7914
935600.756493 1916237.79283
935600.561366 1916237.79433
935600.357284 1916237.7848
935600.171026 1916237.78623
935599.966944 1916237.7767
935599.780601 1916237.76703
935599.585473 1916237.76853
935599.39913 1916237.75886
935599.204088 1916237.77145
935599.008875 1916237.76186
935598.831487 1916237.76322
935598.654098 1916237.76458
935598.4588 1916237.74389
935598.281412 1916237.74525
935598.095069 1916237.73558
935597.92655 1916237.73687
935597.749076 1916237.72714
935597.571687 1916237.7285
935597.403083 1916237.7187
935597.216825 1916237.72013
935597.048221 1916237.71033
935596.861963 1916237.71176
935596.702143 1916237.69079
935596.524754 1916237.69215
935596.356235 1916237.69345
935596.187631 1916237.68364
935596.019112 1916237.68494
935595.850592 1916237.68623
935595.673034 1916237.6654
935595.504515 1916237.66669
935595.318171 1916237.65703
935595.158437 1916237.64716
935594.972179 1916237.64859
935594.794705 1916237.63886
935594.617316 1916237.64022
935594.439843 1916237.63048
935594.244715 1916237.63198
935594.102634 1916237.61088
935593.880898 1916237.61258
935593.738902 1916237.60258
935593.543775 1916237.60407
935593.366301 1916237.59434
935593.215436 1916237.5844
935593.002569 1916237.58603
935592.869358 1916237.56487
935592.665361 1916237.56643
935592.523365 1916237.55643
935592.354761 1916237.54662
935592.186156 1916237.53682
935592.017637 1916237.53812
935591.857817 1916237.51715
935591.689298 1916237.51845
935591.520694 1916237.50864
935591.35209 1916237.49884
935591.183485 1916237.48904
935591.02375 1916237.47917
935590.846362 1916237.48053
935590.695326 1916237.44841
935590.526637 1916237.42751
935590.375771 1916237.41757
935590.198298 1916237.40784
935590.038393 1916237.37578
935589.869788 1916237.36598
935589.709883 1916237.33393
935589.549978 1916237.30187
935589.372419 1916237.28104
935589.20373 1916237.26015
935589.03487 1916237.21706
935588.866096 1916237.18507
935588.697236 1916237.14199
935588.528377 1916237.09891
935588.359602 1916237.06692
935588.190658 1916237.01274
935588.021713 1916236.95856
935587.852768 1916236.90439
935587.674954 1916236.85028
935587.497055 1916236.78507
935587.328025 1916236.7198
935587.15891 1916236.64344
935586.99875 1916236.5781
935586.838504 1916236.50166
935586.687043 1916236.41407
935586.526797 1916236.33763
935586.38412 1916236.23888
935586.232574 1916236.14019
935586.081113 1916236.05259
935585.94722 1916235.94267
935585.795589 1916235.83289
935585.670566 1916235.7229
935585.527804 1916235.61305
935585.402695 1916235.49197
935585.277587 1916235.37089
935585.14361 1916235.24987
935585.027286 1916235.11763
935584.910962 1916234.98539
935584.794553 1916234.84205
935584.687013 1916234.69864
935584.570604 1916234.5553
935584.462979 1916234.4008
935584.373008 1916234.23507
935584.274168 1916234.06941
935584.184197 1916233.90368
935584.094311 1916233.74905
935583.986431 1916233.56127
935583.905329 1916233.39547
935583.815273 1916233.21864
935583.725217 1916233.04182
935583.635246 1916232.87609
935583.54519 1916232.69927
935583.455048 1916232.51135
935583.382816 1916232.34548
935583.292675 1916232.15756
935583.229227 1916231.98054
935583.14804 1916231.80364
935583.075553 1916231.6045
935583.003321 1916231.43863
935582.939703 1916231.23941
935582.885124 1916231.06232
935582.821591 1916230.8742
935582.766928 1916230.68601
935582.712264 1916230.49782
935582.657601 1916230.30963
935582.620761 1916230.13239
935582.583751 1916229.93297
935582.538127 1916229.7669
935582.518941 1916229.57844
935582.473062 1916229.37909
935582.453962 1916229.20172
935582.425821 1916229.00223
935582.406635 1916228.81377
935582.369711 1916228.62544
935582.359479 1916228.44801
935582.313685 1916228.25975
935582.312238 1916228.07115
935582.293138 1916227.89378
935582.265082 1916227.70539
935582.245812 1916227.50583
935582.23558 1916227.3284
935582.216309 1916227.12884
935582.197209 1916226.95147
935582.178023 1916226.76301
935582.167706 1916226.57448
935582.148606 1916226.39711
935582.138204 1916226.19749
935582.127888 1916226.00896
935582.108702 1916225.82049
935582.107255 1916225.6319
935582.088154 1916225.45453
935582.077838 1916225.266
935582.067522 1916225.07747
935582.057205 1916224.88894
935582.046889 1916224.70041
935582.036573 1916224.51188
935582.026256 1916224.32335
935582.024894 1916224.14584
935582.014578 1916223.95731
935582.004262 1916223.76878
935582.0029 1916223.59128
935581.992583 1916223.40275
935581.973398 1916223.21428
935581.98082 1916223.02562
935581.961634 1916222.83715
935581.951318 1916222.64862
935581.949871 1916222.46003
935581.939555 1916222.2715
935581.929238 1916222.08297
935581.918837 1916221.88334
935581.90852 1916221.69481
935581.906988 1916221.49512
935581.905626 1916221.31761
