935597.957982 1915979.17866 25
935597.313584 1915977.95481 25
935596.605774 1915976.63199 25
935595.895918 1915975.31213 25
935595.827953 1915975.18509 25
935595.121127 1915973.86329 25
935594.411271 1915972.54343 25
935594.398658 1915972.51924 25
935593.690833 1915971.19742 25
935593.065536 1915970.02986 25
935592.641231 1915969.23737 25
935591.933406 1915967.91555 25
935591.419798 1915966.95469 25
935590.994525 1915966.16019 25
935590.286699 1915964.83837 25
935589.774059 1915963.87953 25
935589.546208 1915963.43306 25
