935571.91398 1915930.48648 27
935571.598491 1915929.89266 27
935571.044205 1915928.84918 27
935571.044221 1915928.84819 27
935570.795667 1915928.38339 27
935570.546176 1915927.91457 27
935569.83935 1915926.59277 27
935569.467494 1915925.89708 27
935569.299549 1915925.58151 27
935569.180134 1915925.35769 27
935569.012173 1915925.04312 27
935568.305347 1915923.72131 27
935568.103403 1915923.34323 27
935568.016036 1915923.17889 27
935567.815076 1915922.80182 27
935567.779158 1915922.73427 27
935567.54228 1915922.28965 27
935566.834454 1915920.96783 27
935566.816987 1915920.93456 27
935566.545159 1915920.42441 27
935566.445163 1915920.23688 27
935566.252928 1915919.87694 27
935566.152916 1915919.69041 27
935565.44609 1915918.3686 27
935565.075218 1915917.67393 27
935564.781084 1915917.12044 27
935564.073258 1915915.79862 27
935563.811123 1915915.30761 27
935563.549988 1915914.81662 27
935563.515022 1915914.75208 27
935563.254854 1915914.26311 27
935562.547029 1915912.94128 27
935562.134416 1915912.16798 27
935562.113062 1915912.12765 27
935562.112094 1915912.12563 27
935561.742713 1915911.46298 27
