935494.67843 1915766.51366 1
935494.98161 1915768.00297 1
935495.28479 1915769.49272 1
935495.58797 1915770.98462 1
935495.89115 1915772.47652 1
935496.19433 1915773.61857 1
935496.49751 1915774.73981 1
935496.80069 1915775.86104 1
935497.10387 1915776.6653 1
935497.40705 1915777.43582 1
935497.71023 1915778.20635 1
935498.01341 1915778.97687 1
935498.31659 1915779.76528 1
935498.61977 1915780.561 1
935498.92295 1915781.35671 1
935499.22613 1915782.12579 1
935499.52931 1915782.79017 1
935499.83249 1915783.45456 1
935500.13567 1915784.11894 1
935500.43885 1915784.78335 1
935500.74203 1915785.44811 1
935501.04521 1915786.11287 1
935501.34839 1915786.77763 1
935501.65157 1915787.4422 1
935501.95475 1915788.08839 1
935502.25793 1915788.73667 1
935502.56111 1915789.38495 1
935502.86429 1915790.03323 1
935503.16747 1915790.6815 1
935503.47065 1915791.32954 1
935503.77383 1915791.97757 1
935504.07701 1915792.6256 1
935504.38019 1915793.27363 1
935504.68337 1915793.8787 1
935504.98655 1915794.47246 1
935505.28973 1915795.06623 1
935505.59291 1915795.66 1
935505.89609 1915796.25376 1
935506.19927 1915796.8471 1
935506.50245 1915797.44021 1
935506.80563 1915798.03331 1
935507.10881 1915798.62642 1
935507.41199 1915799.2189 1
935507.71517 1915799.80827 1
935508.01835 1915800.39764 1
935508.32153 1915800.98701 1
935508.62471 1915801.57627 1
935508.92789 1915802.16553 1
935509.23107 1915802.75479 1
935509.53425 1915803.34404 1
935509.83743 1915803.92214 1
935510.14061 1915804.49004 1
935510.44379 1915805.05794 1
935510.74698 1915805.62584 1
935511.05016 1915806.19374 1
935511.35334 1915806.76153 1
935511.65652 1915807.32921 1
935511.9597 1915807.89688 1
935512.26288 1915808.46456 1
935512.56606 1915809.03223 1
935512.86924 1915809.55886 1
935513.17242 1915810.0899 1
935513.4756 1915810.62744 1
935513.77878 1915811.16817 1
935514.08196 1915811.70854 1
935514.38514 1915812.24792 1
935514.68832 1915812.82419 1
935514.9915 1915813.40465 1
935515.29468 1915813.95784 1
935515.59786 1915814.52204 1
935515.90104 1915815.09024 1
935516.20422 1915815.64819 1
935516.5074 1915816.19159 1
935516.81058 1915816.74989 1
935517.11376 1915817.31871 1
935517.41694 1915817.892 1
935517.72012 1915818.47463 1
935518.0233 1915819.03315 1
935518.32648 1915819.59924 1
935518.62966 1915820.15943 1
935518.93284 1915820.72561 1
935519.23602 1915821.29891 1
935519.5392 1915821.85962 1
935519.84238 1915822.41553 1
935520.14556 1915822.96984 1
935520.44874 1915823.52357 1
935520.75192 1915824.08077 1
935521.0551 1915824.64367 1
935521.35828 1915825.21108 1
935521.66146 1915825.77727 1
935521.96464 1915826.37489 1
935522.26782 1915826.96306 1
935522.571 1915827.52312 1
935522.87418 1915828.09456 1
935523.17736 1915828.66949 1
935523.48054 1915829.24093 1
935523.78372 1915829.81323 1
935524.0869 1915830.38553 1
935524.39008 1915830.95664 1
935524.69326 1915831.52789 1
935524.99644 1915832.0994 1
935525.29962 1915832.67336 1
935525.6028 1915833.24157 1
935525.90598 1915833.80452 1
935526.20916 1915834.37115 1
935526.51234 1915834.94071 1
935526.81552 1915835.51977 1
935527.1187 1915836.08677 1
935527.42188 1915836.65337 1
935527.72506 1915837.21836 1
935528.02824 1915837.78366 1
935528.33142 1915838.34823 1
935528.6346 1915838.91544 1
935528.93778 1915839.48387 1
935529.24096 1915840.05533 1
935529.54414 1915840.6238 1
935529.84732 1915841.19322 1
935530.1505 1915841.7503 1
935530.45368 1915842.31731 1
935530.75686 1915842.88559 1
935531.06004 1915843.4538 1
935531.36322 1915844.02374 1
935531.6664 1915844.59093 1
935531.96958 1915845.15661 1
935532.27276 1915845.72482 1
935532.57594 1915846.29324 1
935532.87912 1915846.86554 1
935533.1823 1915847.43736 1
935533.48548 1915848.00636 1
935533.78866 1915848.57536 1
935534.09184 1915849.14343 1
935534.39502 1915849.70978 1
935534.6982 1915850.27228 1
935535.00138 1915850.84048 1
935535.30456 1915851.40868 1
935535.60774 1915851.97471 1
935535.91092 1915852.54043 1
935536.2141 1915853.11298 1
935536.51728 1915853.68703 1
935536.82046 1915854.25523 1
935537.12364 1915854.82344 1
935537.42682 1915855.37854 1
935537.73 1915855.97204 1
935538.03318 1915856.54025 1
935538.33636 1915857.10845 1
935538.63954 1915857.66179 1
935538.94272 1915858.21598 1
935539.2459 1915858.78193 1
935539.54908 1915859.35013 1
935539.85226 1915859.93689 1
935540.15544 1915860.50312 1
935540.45862 1915861.05267 1
935540.7618 1915861.62087 1
935541.06498 1915862.18907 1
935541.36816 1915862.76879 1
935541.67134 1915863.34775 1
935541.97452 1915863.9121 1
935542.2777 1915864.4803 1
935542.58089 1915865.04911 1
935542.88407 1915865.61721 1
935543.18725 1915866.17524 1
935543.49043 1915866.74214 1
935543.79361 1915867.31034 1
935544.09679 1915867.88234 1
935544.39997 1915868.45826 1
935544.70315 1915869.04253 1
935545.00633 1915869.61074 1
935545.30951 1915870.17894 1
935545.61269 1915870.73234 1
935545.91587 1915871.29563 1
935546.21905 1915871.86449 1
935546.52223 1915872.43349 1
935546.82541 1915873.00249 1
935547.12859 1915873.5682 1
935547.43177 1915874.13487 1
935547.73495 1915874.70255 1
935548.03813 1915875.27075 1
935548.34131 1915875.83178 1
935548.64449 1915876.40788 1
935548.94767 1915876.98534 1
935549.25085 1915877.55442 1
935549.55403 1915878.11791 1
935549.85721 1915878.66742 1
935550.16039 1915879.24379 1
935550.46357 1915879.82026 1
935550.76675 1915880.39564 1
935551.06993 1915880.95911 1
935551.37311 1915881.54849 1
935551.67629 1915882.10285 1
935551.97947 1915882.65322 1
935552.28265 1915883.20454 1
935552.58583 1915883.74949 1
935552.88901 1915884.29908 1
935553.19219 1915884.85702 1
935553.49537 1915885.43523 1
935553.79855 1915885.94149 1
935554.10173 1915886.46354 1
935554.40491 1915887.02333 1
935554.70809 1915887.59504 1
935555.01127 1915888.15932 1
935555.011269 1915888.15932 2
935556.374474 1915890.83213 2
935556.779726 1915891.62831 2
935557.740506 1915894.3987 2
935558.360632 1915897.09072 2
935558.252976 1915899.21537 2
935557.730625 1915901.1395 2
935556.487072 1915903.09019 2
935554.763137 1915905.13723 2
935553.082023 1915906.56414 2
935553.082023 1915906.56414 3
935552.840001 1915906.69626 3
935552.616144 1915906.81768 3
935551.223553 1915907.57536 3
935551.097497 1915907.64435 3
935550.577221 1915907.92401 3
935549.958128 1915908.25709 3
935548.903472 1915908.8232 3
935548.647411 1915908.9581 3
935547.321718 1915909.65786 3
935545.99796 1915910.36166 3
935545.334606 1915910.71203 3
935544.671268 1915911.06141 3
935544.008882 1915911.4138 3
935543.347495 1915911.76621 3
935542.685156 1915912.1156 3
935542.021818 1915912.46497 3
935541.358416 1915912.81835 3
935540.698045 1915913.16977 3
935539.984338 1915913.54334 3
935538.660565 1915914.24813 3
935537.332936 1915914.94387 3
935536.009163 1915915.64867 3
935534.681535 1915916.3444 3
935534.097771 1915916.65605 3
935533.433354 1915917.01041 3
935532.774965 1915917.36286 3
935532.111643 1915917.71124 3
935531.447321 1915918.0596 3
935531.371697 1915918.10039 3
935530.580813 1915918.54971 3
935529.805047 1915918.99128 3
935529.470031 1915919.1879 3
935528.897642 1915919.53872 3
935528.450405 1915919.81455 3
935528.025679 1915920.12072 3
935527.49568 1915920.5092 3
935527.096893 1915920.81878 3
935526.692601 1915921.16026 3
935526.244034 1915921.58302 3
935525.845724 1915921.98858 3
935525.292679 1915922.56964 3
935524.981224 1915922.91959 3
935524.541845 1915923.45646 3
935524.313772 1915923.78075 3
935523.981031 1915924.27532 3
935523.72588 1915924.66816 3
935523.48964 1915925.12927 3
935523.259 1915925.55249 3
935523.023903 1915926.0676 3
935522.81898 1915926.5712 3
935522.62545 1915927.17595 3
935522.47342 1915927.74836 3
935522.328674 1915928.42886 3
935522.256567 1915929.00454 3
935522.200456 1915929.76942 3
935522.184713 1915930.25802 3
935522.167845 1915930.7546 3
935522.182324 1915931.29167 3
935522.216505 1915931.72108 3
935522.259537 1915932.09665 3
935522.32905 1915932.69357 3
935522.463877 1915933.26953 3
935522.608827 1915933.96362 3
935522.82131 1915934.62279 3
935523.058608 1915935.41931 3
935523.247419 1915935.93215 3
935523.431676 1915936.41692 3
935523.657245 1915936.94434 3
935523.848767 1915937.41223 3
935524.053044 1915937.83234 3
935524.391379 1915938.56149 3
935524.631447 1915939.05714 3
935525.154893 1915940.09113 3
935525.390137 1915940.57571 3
935525.482312 1915940.75212 3
935525.831688 1915941.41546 3
935526.182063 1915942.07881 3
935526.535436 1915942.74221 3
935526.886874 1915943.40159 3
935527.237249 1915944.06494 3
935527.586625 1915944.72828 3
935527.939998 1915945.39168 3
935528.291436 1915946.05105 3
935528.641811 1915946.71441 3
935528.991187 1915947.37774 3
935529.34456 1915948.04115 3
935529.696998 1915948.70053 3
935529.999921 1915949.26716 3
935530.705731 1915950.58995 3
935531.059136 1915951.25136 3
935531.412557 1915951.91176 3
935532.026987 1915953.07115 3
935532.538406 1915954.04396 3
935532.821752 1915954.58429 3
935532.821752 1915954.58429 4
935534.369709 1915957.14306 4
935535.916666 1915959.70181 4
935536.562568 1915960.76773 4
935537.996295 1915962.27101 4
935539.317622 1915962.91876 4
935541.184229 1915963.34923 4
935543.270454 1915963.48427 4
935545.809587 1915962.9227 4
935548.550102 1915961.70253 4
935549.524694 1915961.26811 4
935549.524694 1915961.26811 5
935550.239369 1915960.89656 5
935550.635668 1915960.68091 5
935551.958442 1915959.9761 5
935553.148053 1915959.34715 5
935554.209879 1915958.77016 5
935555.532669 1915958.06435 5
935556.490618 1915957.5447 5
935556.850604 1915957.34947 5
935557.811441 1915956.83686 5
935558.174394 1915956.64367 5
935559.286335 1915956.05848 5
935560.609125 1915955.35267 5
935561.34815 1915954.95851 5
935562.671939 1915954.25271 5
935563.706369 1915953.70128 5
935563.801172 1915953.6488 5
935565.123962 1915952.94299 5
935565.405152 1915952.79949 5
935565.405152 1915952.79949 6
935568.044798 1915951.38378 6
935570.684444 1915949.96806 6
935573.323091 1915948.55233 6
935575.962738 1915947.13662 6
935578.602384 1915945.72091 6
935581.24203 1915944.30519 6
935583.880677 1915942.88946 6
935586.520324 1915941.47375 6
935589.15997 1915940.05803 6
935591.799617 1915938.64232 6
935594.43828 1915937.22559 6
935597.077926 1915935.80987 6
935597.732285 1915935.45935 6
935597.732285 1915935.45935 7
935599.184066 1915934.68861 7
935600.513677 1915933.9939 7
935601.634883 1915933.39186 7
935601.690328 1915933.36275 7
935602.71865 1915932.81822 7
935603.016053 1915932.66099 7
935604.042408 1915932.11443 7
935604.338827 1915931.95617 7
935605.3994 1915931.39516 7
935605.664536 1915931.25541 7
935606.723158 1915930.69137 7
935606.987326 1915930.5496 7
935607.084096 1915930.49915 7
935608.406886 1915929.79334 7
935609.728693 1915929.08651 7
935610.613905 1915928.61469 7
935611.751213 1915928.00591 7
935612.504278 1915927.60897 7
935612.504278 1915927.60897 8
935615.182889 1915926.25785 8
935617.861499 1915924.90674 8
935619.386239 1915924.13715 8
935621.673858 1915923.42364 8
935624.277261 1915923.03304 8
935626.156398 1915923.30375 8
935627.554287 1915923.97771 8
935629.44625 1915925.3313 8
935630.577105 1915926.39091 8
935631.890748 1915928.21718 8
935633.473923 1915930.76151 8
935634.25577 1915932.01753 8
935634.25577 1915932.01753 9
935634.952935 1915933.31819 9
935635.308355 1915933.97863 9
935635.66379 1915934.63806 9
935636.372616 1915935.9599 9
935637.083471 1915937.27977 9
935637.791297 1915938.60159 9
935638.154507 1915939.27515 9
935638.507928 1915939.93555 9
935638.862332 1915940.59697 9
935639.217768 1915941.25641 9
935639.573188 1915941.91684 9
935639.623686 1915942.01061 9
935639.975124 1915942.66999 9
935640.327482 1915943.33437 9
935640.683918 1915943.99382 9
935641.039337 1915944.65426 9
935641.347052 1915945.23396 9
935641.743134 1915945.97802 9
935642.055861 1915946.5568 9
935642.367574 1915947.13657 9
935642.801731 1915947.93821 9
935643.505543 1915949.26096 9
935643.804262 1915949.84052 9
935644.048979 1915950.35825 9
935644.441318 1915951.14923 9
935644.675897 1915951.67579 9
935644.973999 1915952.29433 9
935645.166125 1915952.78722 9
935645.387157 1915953.34856 9
935645.706347 1915954.21336 9
935645.92302 1915954.92358 9
935646.154256 1915955.66102 9
935646.301602 1915956.33015 9
935646.450661 1915957.01731 9
935646.546733 1915957.70462 9
935646.60327 1915958.30034 9
935646.669438 1915958.98218 9
935646.714557 1915959.79365 9
935646.715012 1915960.26951 9
935646.702505 1915960.74317 9
935646.682707 1915961.48763 9
935646.661647 1915961.87018 9
935646.604244 1915962.33813 9
935646.511661 1915963.07044 9
935646.404255 1915963.60257 9
935646.253906 1915964.13203 9
935646.082096 1915964.88008 9
935645.873812 1915965.4696 9
935645.640129 1915966.0847 9
935645.393183 1915966.65362 9
935645.186292 1915967.0922 9
935644.913454 1915967.59172 9
935644.610744 1915968.08378 9
935644.332844 1915968.52423 9
935644.08591 1915968.9032 9
935643.767112 1915969.33802 9
935643.427278 1915969.7755 9
935643.071072 1915970.17373 9
935642.720292 1915970.60803 9
935642.345191 1915970.99997 9
935641.955686 1915971.41766 9
935641.580267 1915971.7666 9
935641.234053 1915972.10201 9
935640.850908 1915972.43384 9
935640.487307 1915972.73098 9
935640.101702 1915973.02878 9
935639.7236 1915973.2947 9
935639.331411 1915973.5664 9
935638.999711 1915973.80607 9
935638.433875 1915974.18498 9
935638.050141 1915974.42782 9
935637.618164 1915974.68689 9
935637.007685 1915975.0441 9
935636.165591 1915975.50761 9
935635.436322 1915975.91692 9
935635.403055 1915975.93439 9
935634.07833 1915976.63617 9
935632.758443 1915977.34803 9
935632.632419 1915977.41501 9
935631.312532 1915978.12686 9
935629.985871 1915978.82461 9
935629.947559 1915978.845 9
935628.628672 1915979.55687 9
935627.307817 1915980.26671 9
935626.873254 1915980.49975 9
935625.554366 1915981.21162 9
935624.891996 1915981.56301 9
935624.229625 1915981.9144 9
935622.909738 1915982.62626 9
935622.247383 1915982.97665 9
935622.146567 1915983.03003 9
935621.585013 1915983.32804 9
935621.377352 1915983.43671 9
935621.377352 1915983.43671 10
935618.830975 1915985.02285 10
935616.284581 1915986.61 10
935614.10168 1915987.96997 10
935612.692383 1915989.46617 10
935611.921679 1915991.48034 10
935612.233888 1915993.79458 10
935613.424016 1915996.53862 10
935614.529297 1915999.08537 10
935614.529297 1915999.08537 11
935615.890547 1916001.62919 11
935617.252781 1916004.17401 11
935618.41136 1916006.38571 11
935619.570921 1916008.59843 11
935620.616731 1916010.54542 11
935621.661541 1916012.4924 11
935622.536312 1916014.12977 11
935623.411067 1916015.76814 11
935624.107107 1916017.13976 11
935624.803146 1916018.51139 11
935624.803146 1916018.51139 12
935625.561217 1916020.00595 12
935626.319288 1916021.50052 12
935627.505633 1916023.9156 12
935628.820594 1916026.60463 12
935630.128639 1916029.28856 12
935630.586611 1916030.22753 12
935631.851204 1916032.94076 12
935632.48036 1916034.30633 12
935633.109499 1916035.67289 12
935633.561698 1916036.66076 12
935634.189553 1916038.04529 12
935634.817408 1916039.42983 12
935635.427416 1916040.80508 12
935636.036424 1916042.18032 12
935636.936777 1916044.22198 12
935638.090019 1916046.95944 12
935638.666158 1916048.39014 12
935639.242297 1916049.82084 12
935640.337239 1916052.57836 12
935640.862517 1916054.00126 12
935641.386811 1916055.42314 12
935642.427197 1916058.21679 12
935642.972861 1916059.678 12
935643.46189 1916061.11732 12
935643.950903 1916062.55764 12
935644.414866 1916064.00155 12
935644.879828 1916065.44549 12
935645.065579 1916066.02526 12
935645.505413 1916067.47779 12
935645.945247 1916068.93033 12
935646.083561 1916069.41237 12
935646.873627 1916072.29403 12
935647.410465 1916074.24894 12
935647.790111 1916075.71452 12
935648.170771 1916077.17911 12
935648.244181 1916077.46719 12
935648.542476 1916079.01945 12
935648.840772 1916080.57171 12
935648.981568 1916081.40169 12
935649.377235 1916084.31608 12
935649.538686 1916085.86117 12
935649.700136 1916087.40626 12
935649.889973 1916089.9355 12
935650.051691 1916092.91416 12
935650.071767 1916093.28737 12
935650.126721 1916094.80278 12
935650.181674 1916096.31819 12
935650.245027 1916098.18663 12
935650.306119 1916100.38693 12
935650.306119 1916100.38693 13
935650.343748 1916103.37362 13
935650.380377 1916106.36029 13
935650.418005 1916109.34698 13
935650.455634 1916112.33367 13
935650.492263 1916115.32035 13
935650.529908 1916118.30604 13
935650.567536 1916121.29273 13
935650.604356 1916124.26741 13
935650.604356 1916124.26741 14
935650.852001 1916126.80756 14
935651.018131 1916128.30974 14
935651.18426 1916129.81192 14
935651.306153 1916130.95151 14
935651.615931 1916133.92352 14
935651.829268 1916135.97928 14
935652.147217 1916138.94042 14
935652.464118 1916141.90455 14
935652.510355 1916142.33015 14
935652.819324 1916145.29015 14
935653.13218 1916148.25721 14
935653.226908 1916149.15544 14
935653.34033 1916151.08165 14
935653.346676 1916152.63628 14
935653.353006 1916154.19191 14
935653.351603 1916154.59577 14
935653.323999 1916156.14786 14
935653.297395 1916157.69997 14
935653.611155 1916157.75006 15
935653.603645 1916157.92763 15
935653.595796 1916158.06083 15
935653.588202 1916158.2273 15
935653.580438 1916158.37159 15
935653.563974 1916158.53814 15
935653.565164 1916158.69346 15
935653.5487 1916158.86 15
935653.443626 1916159.03832 15
935653.427163 1916159.20487 15
935653.419568 1916159.37135 15
935653.411974 1916159.53783 15
935653.40438 1916159.7043 15
935653.396786 1916159.87078 15
935653.380407 1916160.04842 15
935653.372728 1916160.20381 15
935653.374258 1916160.4035 15
935653.357709 1916160.55895 15
935653.359155 1916160.74755 15
935653.35156 1916160.91403 15
935653.344136 1916161.10269 15
935653.336542 1916161.26917 15
935653.346687 1916161.43552 15
935653.330223 1916161.60206 15
935653.331498 1916161.76847 15
935653.332858 1916161.94598 15
935653.334134 1916162.11239 15
935653.326539 1916162.27886 15
935653.318945 1916162.44534 15
935653.320306 1916162.62285 15
935653.321581 1916162.78926 15
935653.323111 1916162.98895 15
935653.324386 1916163.15536 15
935653.317047 1916163.35512 15
935653.318407 1916163.53262 15
935653.319938 1916163.73232 15
935653.321383 1916163.92092 15
935653.313959 1916164.10958 15
935653.324274 1916164.29811 15
935653.316849 1916164.48678 15
935653.30934 1916164.66435 15
935653.310786 1916164.85295 15
935653.312146 1916165.03045 15
935653.313591 1916165.21905 15
935653.315036 1916165.40765 15
935653.307527 1916165.58522 15
935653.308973 1916165.77382 15
935653.310333 1916165.95132 15
935653.302909 1916166.13999 15
935653.304354 1916166.32859 15
935653.29693 1916166.51726 15
935653.298375 1916166.70585 15
935653.291036 1916166.90561 15
935653.283697 1916167.10537 15
935653.267403 1916167.29411 15
935653.268933 1916167.4938 15
935653.243855 1916167.6937 15
935653.227561 1916167.88243 15
935653.211268 1916168.07117 15
935653.186105 1916168.25997 15
935653.161026 1916168.45986 15
935653.135863 1916168.64867 15
935653.10183 1916168.83754 15
935653.076667 1916169.02634 16
935653.03385 1916169.22637 16
935652.999902 1916169.42634 16
935652.948216 1916169.62644 16
935652.896614 1916169.83763 16
935652.853882 1916170.04876 16
935652.80228 1916170.25995 16
935652.750764 1916170.48224 16
935652.690293 1916170.6935 16
935652.638691 1916170.9047 16
935652.595874 1916171.10473 16
935652.535403 1916171.31599 16
935652.474932 1916171.52725 16
935652.423245 1916171.72735 16
935652.362774 1916171.93861 16
935652.311087 1916172.13871 16
935652.26827 1916172.33875 16
935652.207799 1916172.55001 16
935652.156112 1916172.75011 16
935652.086857 1916172.97253 16
935652.04404 1916173.17257 16
935651.974699 1916173.3839 16
935651.923012 1916173.584 16
935651.853757 1916173.80642 16
935651.810855 1916173.99536 16
935651.741599 1916174.21778 16
935651.681128 1916174.42904 16
935651.620572 1916174.62921 16
935651.577925 1916174.85143 16
935651.517369 1916175.0516 16
935651.465852 1916175.27389 16
935651.405381 1916175.48515 16
935651.362649 1916175.69628 16
935651.311217 1916175.92966 16
935651.259616 1916176.14085 16
935651.216969 1916176.36307 16
935651.156498 1916176.57434 16
935651.113766 1916176.78546 16
935651.071034 1916176.99659 16
935651.019517 1916177.21888 17
935650.9767 1916177.41891 17
935650.933968 1916177.63004 17
935650.90019 1916177.85219 17
935650.866328 1916178.06325 17
935650.832465 1916178.2743 17
935650.789818 1916178.49652 17
935650.755871 1916178.69649 17
935650.722093 1916178.91864 17
935650.679361 1916179.12977 17
935650.645584 1916179.35192 17
935650.620591 1916179.56291 17
935650.595683 1916179.78499 17
935650.561905 1916180.00715 17
935650.536912 1916180.21814 17
935650.503134 1916180.44029 17
935650.478141 1916180.65128 17
935650.453233 1916180.87336 17
935650.42841 1916181.10654 17
935650.412287 1916181.31746 17
935650.387464 1916181.55064 17
935650.362556 1916181.77273 17
935650.337818 1916182.017 17
935650.31274 1916182.2169 17
935650.288002 1916182.46117 17
935650.263094 1916182.68325 17
935650.238356 1916182.92753 17
935650.213448 1916183.14961 17
935650.188625 1916183.38279 17
935650.154847 1916183.60494 17
935650.12107 1916183.82709 17
935650.105116 1916184.0602 17
935650.062554 1916184.29352 17
935650.037646 1916184.5156 17
935649.968646 1916184.77131 17
935649.90843 1916185.01585 17
935649.901176 1916185.22671 17
935649.876353 1916185.45988 17
935649.85153 1916185.69306 17
935649.826707 1916185.92624 17
935649.810754 1916186.15935 17
935649.7948 1916186.39246 17
935649.769977 1916186.62564 17
935649.754024 1916186.85875 17
935649.737985 1916187.08077 17
935649.713247 1916187.32504 17
935649.706078 1916187.54699 17
935649.690125 1916187.7801 17
935649.612 1916188.00259 17
935649.560484 1916188.22488 17
935649.544445 1916188.44689 17
935649.537191 1916188.65775 17
935649.521323 1916188.90195 17
935649.514069 1916189.11281 17
935649.4982 1916189.35701 17
935649.491031 1916189.57896 17
935649.483947 1916189.812 17
935649.476863 1916190.04505 17
935649.460825 1916190.26706 17
935649.453826 1916190.5112 17
935649.446657 1916190.73315 17
935649.439573 1916190.96619 17
935649.441188 1916191.17698 17
935649.442974 1916191.40995 17
935649.444589 1916191.62074 17
935649.44646 1916191.8648 17
935649.45703 1916192.08662 17
935649.449861 1916192.30857 17
935649.451476 1916192.51935 17
935649.444392 1916192.75239 17
935649.437053 1916192.95215 17
935649.429884 1916193.1741 17
935649.422715 1916193.39605 17
935649.415376 1916193.59581 17
935649.408037 1916193.79557 17
935649.391828 1916193.9954 17
935649.384659 1916194.21735 17
935649.37732 1916194.41711 17
935649.361112 1916194.61694 17
935649.353943 1916194.83889 17
935649.337649 1916195.02762 17
935649.330395 1916195.23847 17
935649.314187 1916195.4383 17
935649.298063 1916195.64923 17
935649.299679 1916195.86001 17
935649.28347 1916196.05984 17
935649.276301 1916196.28179 17
935649.269047 1916196.49264 17
935649.270748 1916196.71452 17
935649.263409 1916196.91428 17
935649.256325 1916197.14733 17
935649.408551 1916197.33477 17
935649.410252 1916197.55665 17
935649.402998 1916197.7675 17
935649.404528 1916197.9672 17
935649.406144 1916198.17798 17
935649.39889 1916198.38884 17
935649.39155 1916198.5886 17
935649.393166 1916198.79938 17
935649.385827 1916198.99914 17
935649.378488 1916199.1989 17
935649.380103 1916199.40969 17
935649.372849 1916199.62054 17
935649.356726 1916199.83147 17
935649.349472 1916200.04232 17
935649.333348 1916200.25324 17
935649.334879 1916200.45294 17
935649.31884 1916200.67495 17
935649.311501 1916200.87471 17
935649.304332 1916201.09666 17
935649.297078 1916201.30752 17
935649.289909 1916201.52946 17
935649.28257 1916201.72922 17
935649.284271 1916201.9511 17
935649.268232 1916202.17312 17
935649.269933 1916202.395 17
935649.253809 1916202.60592 17
935649.255425 1916202.81671 17
935649.25687 1916203.00531 17
935649.249786 1916203.23835 17
935649.242362 1916203.42702 17
935649.244063 1916203.6489 17
935649.245508 1916203.8375 17
935649.238339 1916204.05944 17
935649.23987 1916204.25914 17
935649.24157 1916204.48102 17
935649.243016 1916204.66962 17
935649.235847 1916204.89156 17
935649.246331 1916205.10228 17
935649.239077 1916205.31314 17
935649.240608 1916205.51283 17
935649.242308 1916205.73471 18
935649.252623 1916205.92324 18
935649.254154 1916206.12293 18
935649.255854 1916206.34481 18
935649.266169 1916206.53334 18
935649.258915 1916206.7442 18
935649.269315 1916206.94382 18
935649.270845 1916207.14351 18
935649.281245 1916207.34314 18
935649.273991 1916207.55399 18
935649.284391 1916207.75362 18
935649.286007 1916207.9644 18
935649.296492 1916208.17512 18
935649.306977 1916208.38584 18
935649.308592 1916208.59663 18
935649.319077 1916208.80734 18
935649.329647 1916209.02916 18
935649.331177 1916209.22885 18
935649.341747 1916209.45066 18
935649.352232 1916209.66138 18
935649.353848 1916209.87217 18
935649.364333 1916210.08289 18
935649.365948 1916210.29367 18
935649.376348 1916210.4933 18
935649.377963 1916210.70408 18
935649.379579 1916210.91487 18
935649.381024 1916211.10347 18
935649.38264 1916211.31425 18
935649.39304 1916211.51388 18
935649.385701 1916211.71364 18
935649.387231 1916211.91333 18
935649.388762 1916212.11302 18
935649.381337 1916212.30169 18
935649.383038 1916212.52357 18
935649.384483 1916212.71217 18
935649.377229 1916212.92302 18
935649.36989 1916213.12278 18
935649.362721 1916213.34473 18
935649.364082 1916213.52224 18
935649.348213 1916213.76644 18
935649.33192 1916213.95517 18
935649.333705 1916214.18815 18
935649.317582 1916214.39907 18
935649.310498 1916214.63211 18
935649.303244 1916214.84297 18
935649.278421 1916215.07615 18
935649.280037 1916215.28693 18
935649.263998 1916215.50895 18
935649.24796 1916215.73097 18
935649.240791 1916215.95291 18
935649.233537 1916216.16377 18
935649.217414 1916216.37469 18
935649.21016 1916216.58554 18
935649.194036 1916216.79647 18
935649.186782 1916217.00732 18
935649.179443 1916217.20708 18
935649.163405 1916217.4291 18
935649.156066 1916217.62886 18
935649.148812 1916217.83971 18
935649.141558 1916218.05057 18
935649.134304 1916218.26142 18
935649.135919 1916218.47221 18
935649.12875 1916218.69416 18
935649.121411 1916218.89392 18
935649.105373 1916219.11593 18
935649.098034 1916219.31569 18
935649.099819 1916219.54867 18
935649.092565 1916219.75952 18
935649.085397 1916219.98147 18
935649.069188 1916220.1813 18
935649.062189 1916220.42544 18
935649.05485 1916220.6252 18
935649.047766 1916220.85824 18
935649.049297 1916221.05793 18
935649.033343 1916221.29104 18
935649.034874 1916221.49073 18
935649.02779 1916221.72378 18
935649.020451 1916221.92354 18
935649.013367 1916222.15658 18
935649.014982 1916222.36736 18
935649.007899 1916222.60041 18
935649.009514 1916222.81119 18
935649.0026 1916223.06642 18
935648.995431 1916223.28837 18
935648.988432 1916223.53251 18
935648.990048 1916223.7433 18
935648.983049 1916223.98743 18
935648.984664 1916224.19822 18
935648.968711 1916224.43133 18
935648.970327 1916224.64211 18
935648.954373 1916224.87523 18
935648.955989 1916225.08601 18
935648.931081 1916225.3081 18
935648.915042 1916225.53011 18
935648.899004 1916225.75213 18
935648.882881 1916225.96305 18
935648.857888 1916226.17404 18
935648.83298 1916226.39613 18
935648.799033 1916226.59609 18
935648.774125 1916226.81817 18
935648.740263 1916227.02923 18
935648.706485 1916227.25138 18
935648.663754 1916227.46251 18
935648.629976 1916227.68466 18
935648.604984 1916227.89565 18
935648.553383 1916228.10685 18
935648.528135 1916228.28456 18
935648.476704 1916228.51794 18
935648.442756 1916228.7179 18
935648.400025 1916228.92903 18
935648.348338 1916229.12913 18
935648.314561 1916229.35128 18
935648.262705 1916229.52919 18
935648.220058 1916229.75141 18
935648.177157 1916229.94035 18
935648.125555 1916230.15155 18
935648.073869 1916230.35165 18
935648.030968 1916230.54059 18
935647.970412 1916230.74075 18
935647.918641 1916230.92976 18
935647.866955 1916231.12986 18
935647.815184 1916231.31887 18
935647.754713 1916231.53013 18
935647.702942 1916231.71913 18
935647.633517 1916231.91937 18
935647.581746 1916232.10838 18
935647.512406 1916232.31971 18
935647.45168 1916232.49769 18
935647.38234 1916232.70902 18
935647.31283 1916232.89816 18
935647.225581 1916233.08744 18
935647.156156 1916233.28767 18
935647.077777 1916233.47688 18
935646.990613 1916233.67726 18
935646.921103 1916233.8664 18
935646.824985 1916234.05574 18
935646.746605 1916234.24495 18
935646.650572 1916234.44539 18
935646.554369 1916234.62365 18
935646.46729 1916234.83511 18
935646.362132 1916235.00234 18
935646.257145 1916235.19175 18
935646.161026 1916235.3811 18
935646.03813 1916235.54846 18
935645.933057 1916235.72678 18
935645.810246 1916235.90524 18
935645.687434 1916236.08369 18
935645.573492 1916236.26208 18
935645.423987 1916236.42965 18
935645.292306 1916236.60817 18
935645.169495 1916236.78663 18
935645.028944 1916236.96522 18
935644.897178 1916237.13265 18
935644.747673 1916237.30022 18
935644.615822 1916237.45655 18
935644.466403 1916237.63521 18
935644.307858 1916237.78066 18
935644.158353 1916237.94822 18
935644.008679 1916238.0936 18
935643.850219 1916238.25014 18
935643.69176 1916238.40668 18
935643.506607 1916238.55233 18
935643.365717 1916238.68655 18
935643.180649 1916238.84329 18
935643.030805 1916238.96648 18
935642.845737 1916239.12323 18
935642.678323 1916239.26874 18
935642.475602 1916239.43671 18
935642.298894 1916239.52682 18
935642.113826 1916239.68357 18
935641.937373 1916239.80696 18
935641.752136 1916239.94152 18
935641.53142 1916240.07635 18
935641.310535 1916240.18899 18
935641.134252 1916240.33457 18
935640.966583 1916240.4468 18
935640.745868 1916240.58163 18
935640.551591 1916240.69406 18
935640.339575 1916240.80664 18
935640.127644 1916240.9303 18
935639.933367 1916241.04274 18
935639.712652 1916241.17757 18
935639.518205 1916241.26781 18
935639.288536 1916241.39162 18
935639.06748 1916241.48207 18
935638.873118 1916241.58341 18
935638.643193 1916241.67393 18
935638.448831 1916241.77527 18
935638.227776 1916241.86572 18
935638.024375 1916241.94494 18
935637.803234 1916242.0243 18
935637.590878 1916242.0925 18
935637.351829 1916242.1498 18
935637.157127 1916242.20677 18
935636.918078 1916242.26408 18
935636.705552 1916242.31008 18
935636.466332 1916242.3452 18
935636.244937 1916242.39128 18
935636.041025 1916242.40393 18
935635.784067 1916242.43919 18
935635.606679 1916242.44055 18
935635.367289 1916242.45348 18
935635.127645 1916242.43313 18
935634.89704 1916242.43489 18
935634.66635 1916242.42557 18
935634.444529 1916242.41617 18
935634.205054 1916242.41801 18
935633.983234 1916242.40861 18
935633.770453 1916242.42134 18
935633.530808 1916242.40099 18
935633.309072 1916242.40269 18
935633.096206 1916242.40432 18
935632.865601 1916242.40609 18
935632.65265 1916242.39663 18
935632.439784 1916242.39826 18
935632.218048 1916242.39996 18
935631.996313 1916242.40166 18
935631.783446 1916242.40329 18
935631.57945 1916242.40485 18
935631.366583 1916242.40648 18
935631.162502 1916242.39695 18
935630.931897 1916242.39872 18
935630.736769 1916242.40022 18
935630.515034 1916242.40192 18
935630.319906 1916242.40341 18
935630.106955 1916242.39395 18
935629.929482 1916242.38422 19
935629.707746 1916242.38592 19
935629.512619 1916242.38741 19
935629.308537 1916242.37788 19
935629.113324 1916242.36829 19
935628.900373 1916242.35882 19
935628.7229 1916242.34909 19
935628.509948 1916242.33963 19
935628.323605 1916242.32996 19
935628.119609 1916242.33153 19
935627.933266 1916242.32186 19
935627.720314 1916242.3124 19
935627.534057 1916242.31383 19
935627.338844 1916242.30423 19
935627.152586 1916242.30566 19
935626.94859 1916242.30722 19
935626.753377 1916242.29762 19
935626.567204 1916242.31014 19
935626.363122 1916242.30061 19
935626.176865 1916242.30204 19
935625.972868 1916242.30361 19
935625.786525 1916242.29394 19
935625.582443 1916242.28441 19
935625.396185 1916242.28584 19
935625.200973 1916242.27624 19
935625.01463 1916242.26657 19
935624.819502 1916242.26807 19
935624.62412 1916242.23628 19
935624.428907 1916242.22669 19
935624.23361 1916242.20599 19
935624.047097 1916242.17414 19
935623.851799 1916242.15345 19
935623.665371 1916242.13269 19
935623.470074 1916242.112 19
935623.283561 1916242.08014 19
935623.088263 1916242.05945 19
935622.910535 1916242.01643 19
935622.715152 1916241.98465 19
935622.528639 1916241.95279 19
935622.35091 1916241.90978 19
935622.164397 1916241.87792 19
935621.977714 1916241.82388 19
935621.782331 1916241.7921 19
935621.604603 1916241.74908 19
935621.409135 1916241.7062 19
935621.222622 1916241.67435 19
935621.027069 1916241.62037 19
935620.84934 1916241.57736 19
935620.662742 1916241.53441 19
935620.485013 1916241.49139 19
935620.29833 1916241.43735 19
935620.120601 1916241.39433 19
935619.933918 1916241.34029 19
935619.747405 1916241.30844 19
935619.560637 1916241.2433 19
935619.382908 1916241.20029 19
935619.187355 1916241.14631 19
935619.009541 1916241.0922 19
935618.822943 1916241.04925 19
935618.63626 1916240.99521 19
935618.458446 1916240.9411 19
935618.262893 1916240.88713 19
935618.084994 1916240.82192 19
935617.889527 1916240.77904 19
935617.702758 1916240.71391 19
935617.524945 1916240.6598 19
935617.338261 1916240.60576 19
935617.151578 1916240.55171 19
935616.96481 1916240.48658 19
935616.778126 1916240.43254 19
935616.582574 1916240.37856 19
935616.395805 1916240.31343 19
935616.209037 1916240.24829 19
935616.022354 1916240.19425 19
935615.83567 1916240.14021 19
935615.657686 1916240.06391 19
935615.470918 1916239.99877 19
935615.097381 1916239.8685 19
935614.901828 1916239.81453 19
935614.723844 1916239.73823 19
935614.528206 1916239.67316 19
935614.341438 1916239.60803 19
935614.145715 1916239.53186 19
935613.958947 1916239.46673 19
935613.763309 1916239.40166 19
935613.57654 1916239.33653 19
935613.389772 1916239.27139 19
935613.194134 1916239.20632 19
935613.007366 1916239.14119 19
935612.811813 1916239.08721 19
935612.624959 1916239.01098 19
935612.429492 1916238.9681 19
935612.233854 1916238.90303 19
935612.064824 1916238.83776 19
935611.878141 1916238.78372 19
935611.682673 1916238.74084 19
935611.478336 1916238.69803 19
935611.291653 1916238.64399 19
935611.087315 1916238.60118 19
935610.900632 1916238.54713 19
935610.687426 1916238.50439 19
935610.491703 1916238.42823 19
935610.28728 1916238.37432 19
935610.091813 1916238.33144 19
935609.887475 1916238.28863 19
935609.692093 1916238.25685 19
935609.478886 1916238.2141 19
935609.283418 1916238.17122 19
935609.079166 1916238.1395 19
935608.874829 1916238.09669 19
935608.670577 1916238.06498 19
935608.46641 1916238.04435 19
935608.262158 1916238.01263 19
935608.049121 1916237.99208 19
935607.853909 1916237.98248 19
935607.649742 1916237.96186 19
935607.445575 1916237.94123 19
935607.241408 1916237.92061 19
935607.046195 1916237.91101 19
935606.833329 1916237.91265 19
935606.638116 1916237.90305 19
935606.434034 1916237.89352 19
935606.238907 1916237.89501 19
935606.034825 1916237.88549 19
935605.839698 1916237.88698 19
935605.635616 1916237.87745 19
935605.440573 1916237.89004 19
935605.236491 1916237.88051 19
935605.050233 1916237.88194 19
935604.837282 1916237.87248 19
935604.642069 1916237.86288 19
935604.446942 1916237.86438 19
935604.251729 1916237.85478 19
935604.047732 1916237.85635 19
935603.85252 1916237.84675 19
935603.657392 1916237.84825 19
935603.453396 1916237.84981 19
935603.258098 1916237.82912 19
935603.063056 1916237.84171 19
935602.858974 1916237.83218 19
935602.663761 1916237.82258 19
935602.468634 1916237.82408 19
935602.282376 1916237.82551 19
935602.087163 1916237.81591 19
935601.900905 1916237.81734 19
935601.705692 1916237.80774 19
935601.510565 1916237.80924 19
935601.324307 1916237.81067 19
935601.129094 1916237.80107 19
935600.942751 1916237.7914 19
935600.756493 1916237.79283 19
935600.561366 1916237.79433 19
935600.357284 1916237.7848 19
935600.171026 1916237.78623 19
935599.966944 1916237.7767 19
935599.780601 1916237.76703 19
935599.585473 1916237.76853 19
935599.39913 1916237.75886 19
935599.204088 1916237.77145 19
935599.008875 1916237.76186 19
935598.831487 1916237.76322 19
935598.654098 1916237.76458 19
935598.4588 1916237.74389 19
935598.281412 1916237.74525 19
935598.095069 1916237.73558 19
935597.92655 1916237.73687 19
935597.749076 1916237.72714 19
935597.571687 1916237.7285 19
935597.403083 1916237.7187 19
935597.216825 1916237.72013 19
935597.048221 1916237.71033 19
935596.861963 1916237.71176 19
935596.702143 1916237.69079 19
935596.524754 1916237.69215 19
935596.356235 1916237.69345 19
935596.187631 1916237.68364 19
935596.019112 1916237.68494 19
935595.850592 1916237.68623 19
935595.673034 1916237.6654 19
935595.504515 1916237.66669 19
935595.318171 1916237.65703 19
935595.158437 1916237.64716 19
935594.972179 1916237.64859 19
935594.794705 1916237.63886 19
935594.617316 1916237.64022 19
935594.439843 1916237.63048 19
935594.244715 1916237.63198 19
935594.102634 1916237.61088 19
935593.880898 1916237.61258 19
935593.738902 1916237.60258 19
935593.543775 1916237.60407 19
935593.366301 1916237.59434 19
935593.215436 1916237.5844 19
935593.002569 1916237.58603 19
935592.869358 1916237.56487 19
935592.665361 1916237.56643 19
935592.523365 1916237.55643 19
935592.354761 1916237.54662 19
935592.186156 1916237.53682 19
935592.017637 1916237.53812 19
935591.857817 1916237.51715 19
935591.689298 1916237.51845 19
935591.520694 1916237.50864 19
935591.35209 1916237.49884 19
935591.183485 1916237.48904 19
935591.02375 1916237.47917 19
935590.846362 1916237.48053 19
935590.695326 1916237.44841 19
935590.526637 1916237.42751 19
935590.375771 1916237.41757 19
935590.198298 1916237.40784 19
935590.038393 1916237.37578 19
935589.869788 1916237.36598 19
935589.709883 1916237.33393 19
935589.549978 1916237.30187 19
935589.372419 1916237.28104 19
935589.20373 1916237.26015 19
935589.03487 1916237.21706 19
935588.866096 1916237.18507 19
935588.697236 1916237.14199 19
935588.528377 1916237.09891 19
935588.359602 1916237.06692 19
935588.190658 1916237.01274 19
935588.021713 1916236.95856 19
935587.852768 1916236.90439 19
935587.674954 1916236.85028 19
935587.497055 1916236.78507 19
935587.328025 1916236.7198 19
935587.15891 1916236.64344 19
935586.99875 1916236.5781 19
935586.838504 1916236.50166 19
935586.687043 1916236.41407 19
935586.526797 1916236.33763 19
935586.38412 1916236.23888 19
935586.232574 1916236.14019 19
935586.081113 1916236.05259 19
935585.94722 1916235.94267 19
935585.795589 1916235.83289 19
935585.670566 1916235.7229 19
935585.527804 1916235.61305 19
935585.402695 1916235.49197 19
935585.277587 1916235.37089 19
935585.14361 1916235.24987 19
935585.027286 1916235.11763 19
935584.910962 1916234.98539 19
935584.794553 1916234.84205 19
935584.687013 1916234.69864 19
935584.570604 1916234.5553 19
935584.462979 1916234.4008 19
935584.373008 1916234.23507 19
935584.274168 1916234.06941 19
935584.184197 1916233.90368 19
935584.094311 1916233.74905 19
935583.986431 1916233.56127 19
935583.905329 1916233.39547 19
935583.815273 1916233.21864 19
935583.725217 1916233.04182 19
935583.635246 1916232.87609 19
935583.54519 1916232.69927 19
935583.455048 1916232.51135 19
935583.382816 1916232.34548 19
935583.292675 1916232.15756 19
935583.229227 1916231.98054 19
935583.14804 1916231.80364 19
935583.075553 1916231.6045 19
935583.003321 1916231.43863 19
935582.939703 1916231.23941 19
935582.885124 1916231.06232 19
935582.821591 1916230.8742 19
935582.766928 1916230.68601 19
935582.712264 1916230.49782 19
935582.657601 1916230.30963 19
935582.620761 1916230.13239 19
935582.583751 1916229.93297 19
935582.538127 1916229.7669 19
935582.518941 1916229.57844 19
935582.473062 1916229.37909 19
935582.453962 1916229.20172 19
935582.425821 1916229.00223 19
935582.406635 1916228.81377 19
935582.369711 1916228.62544 19
935582.359479 1916228.44801 19
935582.313685 1916228.25975 19
935582.312238 1916228.07115 19
935582.293138 1916227.89378 19
935582.265082 1916227.70539 19
935582.245812 1916227.50583 19
935582.23558 1916227.3284 19
935582.216309 1916227.12884 19
935582.197209 1916226.95147 19
935582.178023 1916226.76301 19
935582.167706 1916226.57448 19
935582.148606 1916226.39711 19
935582.138204 1916226.19749 19
935582.127888 1916226.00896 19
935582.108702 1916225.82049 19
935582.107255 1916225.6319 19
935582.088154 1916225.45453 19
935582.077838 1916225.266 19
935582.067522 1916225.07747 19
935582.057205 1916224.88894 19
935582.046889 1916224.70041 19
935582.036573 1916224.51188 19
935582.026256 1916224.32335 19
935582.024894 1916224.14584 19
935582.014578 1916223.95731 19
935582.004262 1916223.76878 19
935582.0029 1916223.59128 19
935581.992583 1916223.40275 19
935581.973398 1916223.21428 19
935581.98082 1916223.02562 19
935581.961634 1916222.83715 19
935581.951318 1916222.64862 19
935581.949871 1916222.46003 19
935581.939555 1916222.2715 19
935581.929238 1916222.08297 19
935581.918837 1916221.88334 19
935581.90852 1916221.69481 19
935581.906988 1916221.49512 19
935581.905626 1916221.31761 19
935582.279027 1916221.13655 20
935582.280717 1916220.77769 20
935582.292161 1916220.24503 20
935582.311813 1916219.32062 20
935582.340576 1916217.82153 20
935582.348152 1916217.46976 20
935582.379501 1916215.9967 20
935582.408264 1916214.49762 20
935582.440248 1916213.04756 20
935582.468012 1916211.54846 20
935582.483544 1916210.82093 20
935582.499346 1916210.13938 20
935582.521393 1916209.12704 20
935582.554153 1916207.62801 20
935582.567594 1916207.03241 20
935582.584156 1916206.23991 20
935582.617916 1916204.7409 20
935582.622955 1916204.48606 20
935582.64749 1916203.37979 20
935582.680251 1916201.88076 20
935582.703596 1916200.78646 20
935582.711267 1916200.42869 20
935582.729605 1916199.58724 20
935582.761366 1916198.0882 20
935582.773554 1916197.50857 20
935582.782888 1916197.04586 20
935582.800385 1916196.19439 20
935582.832146 1916194.69535 20
935582.844096 1916194.13071 20
935582.85503 1916193.56706 20
935582.887791 1916192.06803 20
935582.906761 1916191.12362 20
935582.918331 1916190.58297 20
935582.92879 1916190.04929 20
935582.947839 1916189.09989 20
935582.9796 1916187.60084 20
935582.996717 1916186.77337 20
935583.002739 1916186.45656 20
935583.0335 1916184.9575 20
935583.035355 1916184.90355 20
935583.051995 1916184.04307 20
935583.082756 1916182.54402 20
935583.10496 1916181.4587 20
935583.113612 1916180.97598 20
935583.132027 1916180.06655 20
935583.151709 1916179.01418 20
935583.180471 1916177.51509 20
935583.190978 1916176.97842 20
935583.219741 1916175.47933 20
935583.241499 1916174.35902 20
935583.252006 1916173.82235 20
935583.256507 1916173.60149 20
935583.281007 1916172.30827 20
935583.28527 1916172.1024 20
935583.298444 1916171.64974 20
935583.303722 1916171.44289 20
935583.324125 1916170.72343 20
935583.330403 1916170.5166 20
935583.325633 1916168.48414 20
935583.323188 1916167.62936 20
935583.323314 1916167.55838 20
935583.337684 1916166.65188 20
935583.35687 1916165.44156 20
935583.379967 1916164.61517 20
935583.398467 1916163.95267 20
935583.412449 1916163.44904 20
935583.419551 1916163.19023 20
935583.428698 1916162.86548 20
935583.472968 1916161.77551 20
935583.490711 1916161.34992 20
935583.508724 1916160.90734 20
935583.528069 1916160.44379 20
935583.554676 1916159.8374 20
935583.580983 1916159.24999 20
935583.59527 1916158.91632 20
935583.623558 1916158.26696 20
935583.640365 1916157.83736 20
935583.655397 1916157.45672 20
935583.675454 1916156.94819 20
935583.680308 1916156.89428 20
935583.783924 1916155.71828 20
935583.803179 1916155.51265 20
935583.83904 1916155.14233 20
935583.86778 1916154.84288 20
935583.907258 1916154.43363 20
935583.970764 1916153.76984 20
935583.999456 1916153.47338 20
935584.001899 1916153.44543 20
935584.05465 1916152.82945 20
935584.106133 1916152.23045 20
935584.106133 1916152.23045 21
935584.106165 1916152.22845 21
935584.149099 1916151.72728 21
935584.195618 1916151.18919 21
935584.267973 1916150.34559 21
935584.31457 1916149.80249 21
935584.324346 1916149.18584 21
935584.343412 1916148.29841 21
935584.367177 1916146.79924 21
935584.390998 1916145.67496 21
935584.398938 1916145.3002 21
935584.414437 1916144.51168 21
935584.427958 1916143.97406 21
935584.456721 1916142.47497 21
935584.495477 1916140.97604 21
935584.52424 1916139.47695 21
935584.561997 1916137.97801 21
935584.585109 1916137.08764 21
935584.614871 1916135.58857 21
935584.643689 1916134.46437 21
935584.653628 1916134.08964 21
935584.684657 1916133.26738 21
935584.698609 1916132.89172 21
935584.739278 1916131.7767 21
935584.774063 1916130.78056 21
935584.819371 1916130.00351 21
935584.819387 1916130.00251 21
935584.89426 1916128.93702 21
935584.977089 1916128.25254 21
935585.094131 1916127.30169 21
935585.191604 1916126.70242 21
935585.335366 1916125.95792 21
935585.474499 1916125.3793 21
935585.682496 1916124.68181 21
935585.866763 1916124.1569 21
935586.130064 1916123.50227 21
935586.314397 1916123.09931 21
935586.663364 1916122.40106 21
935586.868543 1916122.00743 21
935587.083432 1916121.63196 21
935587.322401 1916121.18788 21
935587.657442 1916120.67435 21
935588.032413 1916120.10147 21
935588.418665 1916119.63673 21
935588.691173 1916119.28416 21
935589.067717 1916118.86426 21
935589.561177 1916118.32125 21
935589.939769 1916117.96136 21
935590.476366 1916117.47202 21
935590.972225 1916117.093 21
935591.496655 1916116.67744 21
935591.985631 1916116.35429 21
935592.590272 1916115.98699 21
935593.11177 1916115.69335 21
935593.663965 1916115.41819 21
935594.368186 1916115.07546 21
935594.824849 1916114.89876 21
935595.775648 1916114.57793 21
935596.216828 1916114.43197 21
935596.597456 1916114.32204 21
935597.546924 1916114.08517 21
935598.653971 1916113.87179 21
935599.67613 1916113.71604 21
935600.222095 1916113.64472 21
935601.161159 1916113.55964 21
935601.69878 1916113.51018 21
935602.149006 1916113.48732 21
935603.529413 1916113.43523 21
935603.971485 1916113.42224 21
935604.404435 1916113.41711 21
935605.090102 1916113.42498 21
935606.067591 1916113.43848 21
935606.73917 1916113.45212 21
935606.767155 1916113.45256 21
935608.265355 1916113.47431 21
935608.266355 1916113.47433 21
935609.764507 1916113.49908 21
935609.765507 1916113.4991 21
935610.215194 1916113.51022 21
935610.216193 1916113.51024 21
935611.714156 1916113.54698 21
935613.213308 1916113.57174 21
935614.650463 1916113.59753 21
935616.149615 1916113.62229 21
935617.648719 1916113.65005 21
935619.147871 1916113.67482 21
935620.646992 1916113.70158 21
935622.146144 1916113.72635 21
935622.315034 1916113.73002 21
935623.814187 1916113.75479 21
935625.313228 1916113.78655 21
935626.81238 1916113.81131 21
935628.311421 1916113.84307 21
935630.084057 1916113.89517 21
935630.084057 1916113.89517 22
935633.070631 1916113.61261 22
935634.326138 1916113.49355 22
935637.079029 1916112.31257 22
935638.512347 1916111.69748 22
935640.673246 1916109.58139 22
935641.821757 1916106.81544 22
935642.096178 1916106.15299 22
935642.438056 1916104.07304 22
935642.706242 1916101.0922 22
935642.765687 1916100.43235 22
935642.765687 1916100.43235 23
935642.699233 1916097.4352 23
935642.665744 1916095.95312 23
935642.549017 1916092.97417 23
935642.537064 1916092.65608 23
935642.308415 1916089.67436 23
935642.091539 1916086.83278 23
935641.908197 1916085.34433 23
935641.72587 1916083.85489 23
935641.581608 1916082.67596 23
935640.994286 1916079.74354 23
935640.496812 1916077.2604 23
935639.710759 1916074.37781 23
935639.144855 1916072.30147 23
935638.70875 1916070.86599 23
935638.273644 1916069.43053 23
935638.018054 1916068.58973 23
935637.553821 1916067.1628 23
935637.089589 1916065.73587 23
935636.74352 1916064.67471 23
935635.76575 1916061.84106 23
935635.306961 1916060.51219 23
935634.232499 1916057.724 23
935633.159036 1916054.93582 23
935632.084574 1916052.14763 23
935631.534389 1916050.71934 23
935630.36736 1916047.96867 23
935629.201315 1916045.21902 23
935628.034286 1916042.46835 23
935627.550515 1916041.32802 23
935626.297947 1916038.61298 23
935625.046378 1916035.89796 23
935624.536051 1916034.79321 23
935623.88064 1916033.44422 23
935623.224215 1916032.09622 23
935622.568804 1916030.74724 23
935621.912378 1916029.39924 23
935621.022643 1916027.57069 23
935620.353114 1916026.22948 23
935619.682585 1916024.88825 23
935619.013055 1916023.54704 23
935618.342542 1916022.20482 23
935617.426853 1916020.37386 23
935616.029351 1916017.7205 23
935614.631833 1916015.06815 23
935613.300296 1916012.5418 23
935612.592471 1916011.21998 23
935611.883662 1916009.89714 23
935611.174837 1916008.5753 23
935610.467028 1916007.25248 23
935609.323205 1916005.11899 23
935609.323205 1916005.11899 24
935608.124955 1916002.38282 24
935606.925706 1915999.64664 24
935605.727441 1915996.91147 24
935604.528191 1915994.17528 24
935603.329942 1915991.43911 24
935602.130693 1915988.70293 24
935600.932427 1915985.96776 24
935599.733178 1915983.23157 24
935598.534928 1915980.4954 24
935597.957982 1915979.17866 24
935597.957982 1915979.17866 25
935597.313584 1915977.95481 25
935596.605774 1915976.63199 25
935595.895918 1915975.31213 25
935595.827953 1915975.18509 25
935595.121127 1915973.86329 25
935594.411271 1915972.54343 25
935594.398658 1915972.51924 25
935593.690833 1915971.19742 25
935593.065536 1915970.02986 25
935592.641231 1915969.23737 25
935591.933406 1915967.91555 25
935591.419798 1915966.95469 25
935590.994525 1915966.16019 25
935590.286699 1915964.83837 25
935589.774059 1915963.87953 25
935589.546208 1915963.43306 25
935589.546208 1915963.43306 26
935588.133491 1915960.79346 26
935586.721759 1915958.15487 26
935585.309043 1915955.51527 26
935583.896311 1915952.87667 26
935582.483595 1915950.23708 26
935581.071878 1915947.59749 26
935579.659146 1915944.95889 26
935578.24643 1915942.31929 26
935576.834697 1915939.68071 26
935575.421981 1915937.04111 26
935574.009265 1915934.40151 26
935572.596532 1915931.76291 26
935571.91398 1915930.48648 26
935571.91398 1915930.48648 27
935571.598491 1915929.89266 27
935571.044205 1915928.84918 27
935571.044221 1915928.84819 27
935570.795667 1915928.38339 27
935570.546176 1915927.91457 27
935569.83935 1915926.59277 27
935569.467494 1915925.89708 27
935569.299549 1915925.58151 27
935569.180134 1915925.35769 27
935569.012173 1915925.04312 27
935568.305347 1915923.72131 27
935568.103403 1915923.34323 27
935568.016036 1915923.17889 27
935567.815076 1915922.80182 27
935567.779158 1915922.73427 27
935567.54228 1915922.28965 27
935566.834454 1915920.96783 27
935566.816987 1915920.93456 27
935566.545159 1915920.42441 27
935566.445163 1915920.23688 27
935566.252928 1915919.87694 27
935566.152916 1915919.69041 27
935565.44609 1915918.3686 27
935565.075218 1915917.67393 27
935564.781084 1915917.12044 27
935564.073258 1915915.79862 27
935563.811123 1915915.30761 27
935563.549988 1915914.81662 27
935563.515022 1915914.75208 27
935563.254854 1915914.26311 27
935562.547029 1915912.94128 27
935562.134416 1915912.16798 27
935562.113062 1915912.12765 27
935562.112094 1915912.12563 27
935561.742713 1915911.46298 27
935561.742713 1915911.46298 28
935560.337009 1915908.82249 28
935558.93132 1915906.18101 28
935557.525616 1915903.54052 28
935556.119927 1915900.89903 28
935554.714223 1915898.25855 28
935553.307519 1915895.61804 28
935551.90183 1915892.97656 28
935550.693309 1915890.69909 28
935550.693309 1915890.69909 29
935550.577798 1915890.48132 29
935550.340015 1915890.03069 29
935550.103153 1915889.58507 29
935550.021576 1915889.43382 29
935549.318304 1915888.14006 29
935549.098751 1915887.7377 29
935549.087106 1915887.71552 29
935548.781121 1915887.15284 29
935548.576147 1915886.77671 29
935548.213826 1915886.11016 29
935547.866069 1915885.47084 29
935547.595066 1915884.9717 29
935547.312386 1915884.45237 29
935547.200745 1915884.24267 29
935546.49292 1915882.92085 29
935546.326926 1915882.60831 29
935546.215269 1915882.3996 29
935546.03084 1915882.05178 29
935545.962875 1915881.92474 29
935545.789076 1915881.60009 29
935545.08125 1915880.27827 29
935544.824922 1915879.79935 29
935544.685105 1915879.53821 29
935544.414213 1915879.03207 29
935543.706387 1915877.71025 29
935543.546184 1915877.4108 29
935543.274324 1915876.90264 29
935543.148087 1915876.66771 29
935542.864567 1915876.13838 29
935542.156741 1915874.81655 29
935542.000425 1915874.52416 29
935541.834399 1915874.21363 29
935541.524638 1915873.63689 29
935540.816812 1915872.31507 29
935540.690607 1915872.07814 29
935540.387668 1915871.51251 29
935540.36825 1915871.47621 29
935539.660424 1915870.15439 29
935539.223506 1915869.33771 29
935539.202136 1915869.29838 29
935538.800153 1915868.54824 29
935538.777831 1915868.50589 29
935538.070005 1915867.18407 29
935537.84474 1915866.76363 29
935537.82437 1915866.72432 29
935537.59617 1915866.29983 29
935537.577719 1915866.26555 29
935537.176814 1915865.51042 29
935536.746671 1915864.70784 29
935536.741816 1915864.69877 29
935536.03802 1915863.37501 29
935535.543798 1915862.45246 29
935535.421465 1915862.22358 29
935535.286487 1915861.97252 29
935535.241811 1915861.88984 29
935534.538015 1915860.56608 29
935534.281718 1915860.08516 29
935534.068114 1915859.6859 29
935534.006955 1915859.57096 29
935533.749659 1915859.09003 29
935533.045863 1915857.76627 29
935532.781792 1915857.27123 29
935532.772099 1915857.25209 29
935532.298311 1915856.36484 29
935531.594515 1915855.04109 29
935531.51876 1915854.90093 29
935531.107115 1915854.12964 29
935531.057601 1915854.03688 29
935530.899365 1915853.73946 29
935530.191539 1915852.41764 29
935529.884729 1915851.84395 29
935529.530356 1915851.18053 29
935529.399296 1915850.93453 29
935528.69147 1915849.61271 29
935528.23323 1915848.7537 29
935528.109928 1915848.52282 29
935527.402103 1915847.20099 29
935527.105969 1915846.64747 29
935527.040924 1915846.52547 29
935526.750644 1915845.98104 29
935526.581716 1915845.66445 29
935525.87389 1915844.34263 29
935525.746701 1915844.10469 29
935525.39136 1915843.43926 29
935525.258334 1915843.19122 29
935525.174853 1915843.03395 29
935524.467011 1915841.71312 29
935524.215553 1915841.24228 29
935524.075752 1915840.98014 29
935523.770862 1915840.41148 29
935523.75046 1915840.37417 29
935523.239739 1915839.42036 29
935523.219352 1915839.38205 29
935523.042634 1915839.05235 29
935522.896011 1915838.77911 29
935522.719308 1915838.4484 29
935522.609603 1915838.24273 29
935522.326098 1915837.71239 29
935521.794975 1915836.72127 29
935521.63282 1915836.41879 29
935521.618272 1915836.39057 29
935521.532808 1915836.23226 29
935521.456117 1915836.08809 29
935521.356105 1915835.90156 29
935521.049295 1915835.32787 29
935520.992023 1915835.22 29
935520.455062 1915834.21879 29
935520.284181 1915833.89918 29
935520.251151 1915833.83867 29
935520.080286 1915833.51806 29
935519.94534 1915833.265 29
935519.773476 1915832.94437 29
935519.772508 1915832.94235 29
935519.318107 1915832.09341 29
935519.230724 1915831.93007 29
935518.776323 1915831.08112 29
935518.775339 1915831.08011 29
935518.610266 1915830.77258 29
935518.609282 1915830.77157 29
935518.353937 1915830.29366 29
935518.097609 1915829.81475 29
935517.559743 1915828.80752 29
935517.132535 1915828.00899 29
935516.580089 1915826.97555 29
935516.425724 1915826.68619 29
935516.086883 1915826.05201 29
935515.932502 1915825.76365 29
935515.506261 1915824.96713 29
935514.901572 1915823.82389 29
935514.653985 1915823.36111 29
935514.406383 1915822.89932 29
935513.890997 1915821.92444 29
935513.705616 1915821.57361 29
935513.64249 1915821.45665 29
935513.456094 1915821.1068 29
935513.261908 1915820.74383 29
935512.893971 1915820.0532 29
935512.32915 1915818.98057 29
935512.139835 1915818.62568 29
935511.778687 1915817.94816 29
935511.219689 1915816.88662 29
935511.07992 1915816.62248 29
935510.893524 1915816.27263 29
935510.752755 1915816.00848 29
935510.604101 1915815.73721 29
935510.383469 1915815.33983 29
935510.383485 1915815.33883 29
935509.89864 1915814.45541 29
935509.170651 1915813.14427 29
935508.817976 1915812.49987 29
935508.802428 1915812.47163 29
935508.601897 1915812.13056 29
935508.156192 1915811.36372 29
935507.397918 1915810.07109 29
935507.092331 1915809.54641 29
935507.074768 1915809.51914 29
935506.768674 1915809.02643 29
935506.379717 1915808.40046 29
935505.563604 1915807.16189 29
935505.417094 1915806.94464 29
935505.366295 1915806.86985 29
935504.922892 1915806.21002 29
935504.571266 1915805.68861 29
935504.29384 1915805.27933 29
935503.941215 1915804.7579 29
935503.890401 1915804.68412 29
935503.730199 1915804.44765 29
935503.679368 1915804.37486 29
935503.361694 1915803.91897 29
935503.014305 1915803.4456 29
935502.90579 1915803.29093 29
935500.990947 1915800.98427 29
935500.488689 1915800.37949 29
935498.519814 1915798.13895 29
935498.222273 1915797.80034 29
935496.287448 1915795.80826 29
935494.018253 1915793.84588 29
935493.067589 1915793.02306 29
935490.354936 1915791.47651 29
935488.000502 1915790.22456 29
935485.327868 1915789.11752 29
935482.729918 1915788.53351 29
935480.270026 1915788.25859 29
935477.387091 1915788.37284 29
