935553.082023 1915906.56414 3
935552.840001 1915906.69626 3
935552.616144 1915906.81768 3
935551.223553 1915907.57536 3
935551.097497 1915907.64435 3
935550.577221 1915907.92401 3
935549.958128 1915908.25709 3
935548.903472 1915908.8232 3
935548.647411 1915908.9581 3
935547.321718 1915909.65786 3
935545.99796 1915910.36166 3
935545.334606 1915910.71203 3
935544.671268 1915911.06141 3
935544.008882 1915911.4138 3
935543.347495 1915911.76621 3
935542.685156 1915912.1156 3
935542.021818 1915912.46497 3
935541.358416 1915912.81835 3
935540.698045 1915913.16977 3
935539.984338 1915913.54334 3
935538.660565 1915914.24813 3
935537.332936 1915914.94387 3
935536.009163 1915915.64867 3
935534.681535 1915916.3444 3
935534.097771 1915916.65605 3
935533.433354 1915917.01041 3
935532.774965 1915917.36286 3
935532.111643 1915917.71124 3
935531.447321 1915918.0596 3
935531.371697 1915918.10039 3
935530.580813 1915918.54971 3
935529.805047 1915918.99128 3
935529.470031 1915919.1879 3
935528.897642 1915919.53872 3
935528.450405 1915919.81455 3
935528.025679 1915920.12072 3
935527.49568 1915920.5092 3
935527.096893 1915920.81878 3
935526.692601 1915921.16026 3
935526.244034 1915921.58302 3
935525.845724 1915921.98858 3
935525.292679 1915922.56964 3
935524.981224 1915922.91959 3
935524.541845 1915923.45646 3
935524.313772 1915923.78075 3
935523.981031 1915924.27532 3
935523.72588 1915924.66816 3
935523.48964 1915925.12927 3
935523.259 1915925.55249 3
935523.023903 1915926.0676 3
935522.81898 1915926.5712 3
935522.62545 1915927.17595 3
935522.47342 1915927.74836 3
935522.328674 1915928.42886 3
935522.256567 1915929.00454 3
935522.200456 1915929.76942 3
935522.184713 1915930.25802 3
935522.167845 1915930.7546 3
935522.182324 1915931.29167 3
935522.216505 1915931.72108 3
935522.259537 1915932.09665 3
935522.32905 1915932.69357 3
935522.463877 1915933.26953 3
935522.608827 1915933.96362 3
935522.82131 1915934.62279 3
935523.058608 1915935.41931 3
935523.247419 1915935.93215 3
935523.431676 1915936.41692 3
935523.657245 1915936.94434 3
935523.848767 1915937.41223 3
935524.053044 1915937.83234 3
935524.391379 1915938.56149 3
935524.631447 1915939.05714 3
935525.154893 1915940.09113 3
935525.390137 1915940.57571 3
935525.482312 1915940.75212 3
935525.831688 1915941.41546 3
935526.182063 1915942.07881 3
935526.535436 1915942.74221 3
935526.886874 1915943.40159 3
935527.237249 1915944.06494 3
935527.586625 1915944.72828 3
935527.939998 1915945.39168 3
935528.291436 1915946.05105 3
935528.641811 1915946.71441 3
935528.991187 1915947.37774 3
935529.34456 1915948.04115 3
935529.696998 1915948.70053 3
935529.999921 1915949.26716 3
935530.705731 1915950.58995 3
935531.059136 1915951.25136 3
935531.412557 1915951.91176 3
935532.026987 1915953.07115 3
935532.538406 1915954.04396 3
935532.821752 1915954.58429 3
