935553.082022508 1915906.56414063
935552.840001073 1915906.69626291
935552.61614392 1915906.81767647
935551.223552912 1915907.57536485
935551.097497443 1915907.64434511
935550.577221068 1915907.92401046
935549.958127724 1915908.25709269
935548.903471849 1915908.82319769
935548.647410658 1915908.95809651
935547.321717759 1915909.65786323
935545.997960385 1915910.36165941
935545.334606297 1915910.71203457
935544.671268051 1915911.06141028
935544.008881723 1915911.41380017
935543.347494841 1915911.7662059
935542.685156043 1915912.11559745
935542.021817802 1915912.46497315
935541.358416191 1915912.81834663
935540.698044603 1915913.16976875
935539.984338042 1915913.54333844
935538.660564846 1915914.24813403
935537.33293646 1915914.94387125
935536.009163273 1915915.64866683
935534.681534895 1915916.34440402
935534.09777069 1915916.65605293
935533.433353803 1915917.01041
935532.774965275 1915917.36286323
935532.111642889 1915917.71123947
935531.447321062 1915918.05959986
935531.37169729 1915918.10038834
935530.58081303 1915918.54971123
935529.805047187 1915918.99127619
935529.470031201 1915919.18790429
935528.897642477 1915919.53872165
935528.450404831 1915919.81454625
935528.025679134 1915920.12071858
935527.495680365 1915920.50919665
935527.096892713 1915920.81877923
935526.69260087 1915921.16026483
935526.244033781 1915921.58302368
935525.845724114 1915921.98858467
935525.292678792 1915922.56963876
935524.981224434 1915922.91959385
935524.541845164 1915923.4564637
935524.313772496 1915923.78074873
935523.981031481 1915924.27532233
935523.725880092 1915924.66815714
935523.489640293 1915925.12927108
935523.258999743 1915925.55248531
935523.023903322 1915926.06760096
935522.818980364 1915926.57119855
935522.625450072 1915927.17594604
935522.473419833 1915927.7483614
935522.328673579 1915928.4288594
935522.256567251 1915929.00454108
935522.200456092 1915929.76941887
935522.184713405 1915930.25802073
935522.16784453 1915930.75460231
935522.182324183 1915931.29166866
935522.216504867 1915931.72108012
935522.259536624 1915932.0966483
935522.329050466 1915932.6935691
935522.463876777 1915933.2695319
935522.608826978 1915933.96361932
935522.821310331 1915934.62278819
935523.058608235 1915935.41930878
935523.247419065 1915935.93214677
935523.431676271 1915936.41692108
935523.657244766 1915936.94433748
935523.84876741 1915937.41223214
935524.053043854 1915937.83234354
935524.391379405 1915938.56148671
935524.631447098 1915939.05714268
935525.154892668 1915940.09112839
935525.390137405 1915940.57571125
935525.482312187 1915940.75211919
935525.83168781 1915941.41545743
935526.182062876 1915942.07881152
935526.535436278 1915942.74221313
935526.886874158 1915943.40158528
935527.237249223 1915944.06493937
935527.586624841 1915944.72827762
935527.939998238 1915945.39167923
935528.291436114 1915946.05105139
935528.641811175 1915946.71440548
935528.991186789 1915947.37774374
935529.344560183 1915948.04114536
935529.6969975 1915948.70053337
935529.999920666 1915949.26716444
935530.705731371 1915950.58995408
935531.059136446 1915951.25135683
935531.412557361 1915951.91176013
935532.02698677 1915953.07115046
935532.538405934 1915954.04396411
935532.821752106 1915954.58429277
