935582.279027 1916221.13655 20
935582.280717 1916220.77769 20
935582.292161 1916220.24503 20
935582.311813 1916219.32062 20
935582.340576 1916217.82153 20
935582.348152 1916217.46976 20
935582.379501 1916215.9967 20
935582.408264 1916214.49762 20
935582.440248 1916213.04756 20
935582.468012 1916211.54846 20
935582.483544 1916210.82093 20
935582.499346 1916210.13938 20
935582.521393 1916209.12704 20
935582.554153 1916207.62801 20
935582.567594 1916207.03241 20
935582.584156 1916206.23991 20
935582.617916 1916204.7409 20
935582.622955 1916204.48606 20
935582.64749 1916203.37979 20
935582.680251 1916201.88076 20
935582.703596 1916200.78646 20
935582.711267 1916200.42869 20
935582.729605 1916199.58724 20
935582.761366 1916198.0882 20
935582.773554 1916197.50857 20
935582.782888 1916197.04586 20
935582.800385 1916196.19439 20
935582.832146 1916194.69535 20
935582.844096 1916194.13071 20
935582.85503 1916193.56706 20
935582.887791 1916192.06803 20
935582.906761 1916191.12362 20
935582.918331 1916190.58297 20
935582.92879 1916190.04929 20
935582.947839 1916189.09989 20
935582.9796 1916187.60084 20
935582.996717 1916186.77337 20
935583.002739 1916186.45656 20
935583.0335 1916184.9575 20
935583.035355 1916184.90355 20
935583.051995 1916184.04307 20
935583.082756 1916182.54402 20
935583.10496 1916181.4587 20
935583.113612 1916180.97598 20
935583.132027 1916180.06655 20
935583.151709 1916179.01418 20
935583.180471 1916177.51509 20
935583.190978 1916176.97842 20
935583.219741 1916175.47933 20
935583.241499 1916174.35902 20
935583.252006 1916173.82235 20
935583.256507 1916173.60149 20
935583.281007 1916172.30827 20
935583.28527 1916172.1024 20
935583.298444 1916171.64974 20
935583.303722 1916171.44289 20
935583.324125 1916170.72343 20
935583.330403 1916170.5166 20
935583.325633 1916168.48414 20
935583.323188 1916167.62936 20
935583.323314 1916167.55838 20
935583.337684 1916166.65188 20
935583.35687 1916165.44156 20
935583.379967 1916164.61517 20
935583.398467 1916163.95267 20
935583.412449 1916163.44904 20
935583.419551 1916163.19023 20
935583.428698 1916162.86548 20
935583.472968 1916161.77551 20
935583.490711 1916161.34992 20
935583.508724 1916160.90734 20
935583.528069 1916160.44379 20
935583.554676 1916159.8374 20
935583.580983 1916159.24999 20
935583.59527 1916158.91632 20
935583.623558 1916158.26696 20
935583.640365 1916157.83736 20
935583.655397 1916157.45672 20
935583.675454 1916156.94819 20
935583.680308 1916156.89428 20
935583.783924 1916155.71828 20
935583.803179 1916155.51265 20
935583.83904 1916155.14233 20
935583.86778 1916154.84288 20
935583.907258 1916154.43363 20
935583.970764 1916153.76984 20
935583.999456 1916153.47338 20
935584.001899 1916153.44543 20
935584.05465 1916152.82945 20
935584.106133 1916152.23045 20
