935584.106133 1916152.23045 21
935584.106165 1916152.22845 21
935584.149099 1916151.72728 21
935584.195618 1916151.18919 21
935584.267973 1916150.34559 21
935584.31457 1916149.80249 21
935584.324346 1916149.18584 21
935584.343412 1916148.29841 21
935584.367177 1916146.79924 21
935584.390998 1916145.67496 21
935584.398938 1916145.3002 21
935584.414437 1916144.51168 21
935584.427958 1916143.97406 21
935584.456721 1916142.47497 21
935584.495477 1916140.97604 21
935584.52424 1916139.47695 21
935584.561997 1916137.97801 21
935584.585109 1916137.08764 21
935584.614871 1916135.58857 21
935584.643689 1916134.46437 21
935584.653628 1916134.08964 21
935584.684657 1916133.26738 21
935584.698609 1916132.89172 21
935584.739278 1916131.7767 21
935584.774063 1916130.78056 21
935584.819371 1916130.00351 21
935584.819387 1916130.00251 21
935584.89426 1916128.93702 21
935584.977089 1916128.25254 21
935585.094131 1916127.30169 21
935585.191604 1916126.70242 21
935585.335366 1916125.95792 21
935585.474499 1916125.3793 21
935585.682496 1916124.68181 21
935585.866763 1916124.1569 21
935586.130064 1916123.50227 21
935586.314397 1916123.09931 21
935586.663364 1916122.40106 21
935586.868543 1916122.00743 21
935587.083432 1916121.63196 21
935587.322401 1916121.18788 21
935587.657442 1916120.67435 21
935588.032413 1916120.10147 21
935588.418665 1916119.63673 21
935588.691173 1916119.28416 21
935589.067717 1916118.86426 21
935589.561177 1916118.32125 21
935589.939769 1916117.96136 21
935590.476366 1916117.47202 21
935590.972225 1916117.093 21
935591.496655 1916116.67744 21
935591.985631 1916116.35429 21
935592.590272 1916115.98699 21
935593.11177 1916115.69335 21
935593.663965 1916115.41819 21
935594.368186 1916115.07546 21
935594.824849 1916114.89876 21
935595.775648 1916114.57793 21
935596.216828 1916114.43197 21
935596.597456 1916114.32204 21
935597.546924 1916114.08517 21
935598.653971 1916113.87179 21
935599.67613 1916113.71604 21
935600.222095 1916113.64472 21
935601.161159 1916113.55964 21
935601.69878 1916113.51018 21
935602.149006 1916113.48732 21
935603.529413 1916113.43523 21
935603.971485 1916113.42224 21
935604.404435 1916113.41711 21
935605.090102 1916113.42498 21
935606.067591 1916113.43848 21
935606.73917 1916113.45212 21
935606.767155 1916113.45256 21
935608.265355 1916113.47431 21
935608.266355 1916113.47433 21
935609.764507 1916113.49908 21
935609.765507 1916113.4991 21
935610.215194 1916113.51022 21
935610.216193 1916113.51024 21
935611.714156 1916113.54698 21
935613.213308 1916113.57174 21
935614.650463 1916113.59753 21
935616.149615 1916113.62229 21
935617.648719 1916113.65005 21
935619.147871 1916113.67482 21
935620.646992 1916113.70158 21
935622.146144 1916113.72635 21
935622.315034 1916113.73002 21
935623.814187 1916113.75479 21
935625.313228 1916113.78655 21
935626.81238 1916113.81131 21
935628.311421 1916113.84307 21
935630.084057 1916113.89517 21
