935584.106133254 1916152.23045054
935584.10616494 1916152.22845165
935584.14909897 1916151.72728467
935584.195617546 1916151.18918576
935584.267972584 1916150.34558932
935584.314570374 1916149.80249318
935584.324345821 1916149.18583548
935584.343412086 1916148.29840735
935584.367177345 1916146.79923953
935584.390997956 1916145.67495873
935584.39893816 1916145.30019846
935584.414437015 1916144.51168372
935584.427958042 1916143.97406141
935584.456720506 1916142.47497281
935584.495477417 1916140.97604264
935584.524239865 1916139.47695404
935584.561997315 1916137.97800803
935584.585108858 1916137.08764493
935584.614870733 1916135.58857217
935584.643688529 1916134.46437059
935584.65362761 1916134.08964201
935584.684656789 1916133.26738378
935584.698609494 1916132.89171913
935584.73927803 1916131.77670267
935584.774063413 1916130.78055681
935584.81937131 1916130.00351127
935584.819387152 1916130.00251183
935584.894259934 1916128.9370227
935584.977088591 1916128.25254402
935585.094130804 1916127.30168876
935585.191603891 1916126.70241641
935585.335365706 1916125.95792216
935585.47449862 1916125.37930414
935585.682495574 1916124.6818142
935585.866763264 1916124.15689557
935586.130063724 1916123.50226956
935586.314397403 1916123.09931493
935586.663363659 1916122.40106057
935586.868543098 1916122.00743366
935587.083431805 1916121.6319552
935587.32240095 1916121.18787941
935587.657442272 1916120.67434814
935588.032412563 1916120.10146805
935588.418664554 1916119.636734
935588.691172529 1916119.28416224
935589.067716558 1916118.86426064
935589.561177212 1916118.32125037
935589.939768972 1916117.96136301
935590.476365517 1916117.47202045
935590.972225081 1916117.09299841
935591.496655319 1916116.67744052
935591.98563098 1916116.35429235
935592.590271642 1916115.9869917
935593.111769538 1916115.69335028
935593.663965059 1916115.41819001
935594.368185848 1916115.07546093
935594.824849175 1916114.89875591
935595.775647763 1916114.57793016
935596.216828267 1916114.43197029
935596.597455854 1916114.32203929
935597.546923602 1916114.08516694
935598.65397099 1916113.87178619
935599.676130222 1916113.71604187
935600.222095363 1916113.6447209
935601.161159361 1916113.55963748
935601.69878039 1916113.51017755
935602.149006063 1916113.48732372
935603.529412952 1916113.43522866
935603.971484632 1916113.42224253
935604.404434558 1916113.41710938
935605.090101551 1916113.42497961
935606.067590723 1916113.43847556
935606.739170426 1916113.45212066
935606.767154894 1916113.45256427
935608.26535507 1916113.47431463
935608.266354515 1916113.47433047
935609.764507167 1916113.49907917
935609.765506613 1916113.49909501
935610.215193623 1916113.51022232
935610.216193069 1916113.51023816
935611.71415561 1916113.5469802
935613.213307724 1916113.57174473
935614.650462552 1916113.59752587
935616.149614681 1916113.62229041
935617.648719287 1916113.65005328
935619.147871432 1916113.67481782
935620.646991896 1916113.70158125
935622.146144055 1916113.72634579
935622.315034475 1916113.73002276
935623.814186641 1916113.7547873
935625.313227912 1916113.78654796
935626.812380092 1916113.81131249
935628.311421379 1916113.84307315
935630.084057206 1916113.89516602
