935642.765687 1916100.43235 23
935642.699233 1916097.4352 23
935642.665744 1916095.95312 23
935642.549017 1916092.97417 23
935642.537064 1916092.65608 23
935642.308415 1916089.67436 23
935642.091539 1916086.83278 23
935641.908197 1916085.34433 23
935641.72587 1916083.85489 23
935641.581608 1916082.67596 23
935640.994286 1916079.74354 23
935640.496812 1916077.2604 23
935639.710759 1916074.37781 23
935639.144855 1916072.30147 23
935638.70875 1916070.86599 23
935638.273644 1916069.43053 23
935638.018054 1916068.58973 23
935637.553821 1916067.1628 23
935637.089589 1916065.73587 23
935636.74352 1916064.67471 23
935635.76575 1916061.84106 23
935635.306961 1916060.51219 23
935634.232499 1916057.724 23
935633.159036 1916054.93582 23
935632.084574 1916052.14763 23
935631.534389 1916050.71934 23
935630.36736 1916047.96867 23
935629.201315 1916045.21902 23
935628.034286 1916042.46835 23
935627.550515 1916041.32802 23
935626.297947 1916038.61298 23
935625.046378 1916035.89796 23
935624.536051 1916034.79321 23
935623.88064 1916033.44422 23
935623.224215 1916032.09622 23
935622.568804 1916030.74724 23
935621.912378 1916029.39924 23
935621.022643 1916027.57069 23
935620.353114 1916026.22948 23
935619.682585 1916024.88825 23
935619.013055 1916023.54704 23
935618.342542 1916022.20482 23
935617.426853 1916020.37386 23
935616.029351 1916017.7205 23
935614.631833 1916015.06815 23
935613.300296 1916012.5418 23
935612.592471 1916011.21998 23
935611.883662 1916009.89714 23
935611.174837 1916008.5753 23
935610.467028 1916007.25248 23
935609.323205 1916005.11899 23
