935597.95798208 1915979.1786551
935597.313583775 1915977.95480884
935596.605774136 1915976.63198717
935595.895918072 1915975.31213215
935595.827953115 1915975.18509304
935595.121127071 1915973.86328666
935594.411270997 1915972.54343166
935594.398658441 1915972.51923901
935593.690832942 1915971.19741681
935593.065536315 1915970.02985638
935592.641231283 1915969.23736906
935591.933405775 1915967.91554687
935591.419797545 1915966.95469466
935590.994524748 1915966.16019263
935590.286699229 1915964.83837045
935589.774058753 1915963.87953299
935589.54620753 1915963.43305567
