935550.693309 1915890.69909 29
935550.577798 1915890.48132 29
935550.340015 1915890.03069 29
935550.103153 1915889.58507 29
935550.021576 1915889.43382 29
935549.318304 1915888.14006 29
935549.098751 1915887.7377 29
935549.087106 1915887.71552 29
935548.781121 1915887.15284 29
935548.576147 1915886.77671 29
935548.213826 1915886.11016 29
935547.866069 1915885.47084 29
935547.595066 1915884.9717 29
935547.312386 1915884.45237 29
935547.200745 1915884.24267 29
935546.49292 1915882.92085 29
935546.326926 1915882.60831 29
935546.215269 1915882.3996 29
935546.03084 1915882.05178 29
935545.962875 1915881.92474 29
935545.789076 1915881.60009 29
935545.08125 1915880.27827 29
935544.824922 1915879.79935 29
935544.685105 1915879.53821 29
935544.414213 1915879.03207 29
935543.706387 1915877.71025 29
935543.546184 1915877.4108 29
935543.274324 1915876.90264 29
935543.148087 1915876.66771 29
935542.864567 1915876.13838 29
935542.156741 1915874.81655 29
935542.000425 1915874.52416 29
935541.834399 1915874.21363 29
935541.524638 1915873.63689 29
935540.816812 1915872.31507 29
935540.690607 1915872.07814 29
935540.387668 1915871.51251 29
935540.36825 1915871.47621 29
935539.660424 1915870.15439 29
935539.223506 1915869.33771 29
935539.202136 1915869.29838 29
935538.800153 1915868.54824 29
935538.777831 1915868.50589 29
935538.070005 1915867.18407 29
935537.84474 1915866.76363 29
935537.82437 1915866.72432 29
935537.59617 1915866.29983 29
935537.577719 1915866.26555 29
935537.176814 1915865.51042 29
935536.746671 1915864.70784 29
935536.741816 1915864.69877 29
935536.03802 1915863.37501 29
935535.543798 1915862.45246 29
935535.421465 1915862.22358 29
935535.286487 1915861.97252 29
935535.241811 1915861.88984 29
935534.538015 1915860.56608 29
935534.281718 1915860.08516 29
935534.068114 1915859.6859 29
935534.006955 1915859.57096 29
935533.749659 1915859.09003 29
935533.045863 1915857.76627 29
935532.781792 1915857.27123 29
935532.772099 1915857.25209 29
935532.298311 1915856.36484 29
935531.594515 1915855.04109 29
935531.51876 1915854.90093 29
935531.107115 1915854.12964 29
935531.057601 1915854.03688 29
935530.899365 1915853.73946 29
935530.191539 1915852.41764 29
935529.884729 1915851.84395 29
935529.530356 1915851.18053 29
935529.399296 1915850.93453 29
935528.69147 1915849.61271 29
935528.23323 1915848.7537 29
935528.109928 1915848.52282 29
935527.402103 1915847.20099 29
935527.105969 1915846.64747 29
935527.040924 1915846.52547 29
935526.750644 1915845.98104 29
935526.581716 1915845.66445 29
935525.87389 1915844.34263 29
935525.746701 1915844.10469 29
935525.39136 1915843.43926 29
935525.258334 1915843.19122 29
935525.174853 1915843.03395 29
935524.467011 1915841.71312 29
935524.215553 1915841.24228 29
935524.075752 1915840.98014 29
935523.770862 1915840.41148 29
935523.75046 1915840.37417 29
935523.239739 1915839.42036 29
935523.219352 1915839.38205 29
935523.042634 1915839.05235 29
935522.896011 1915838.77911 29
935522.719308 1915838.4484 29
935522.609603 1915838.24273 29
935522.326098 1915837.71239 29
935521.794975 1915836.72127 29
935521.63282 1915836.41879 29
935521.618272 1915836.39057 29
935521.532808 1915836.23226 29
935521.456117 1915836.08809 29
935521.356105 1915835.90156 29
935521.049295 1915835.32787 29
935520.992023 1915835.22 29
935520.455062 1915834.21879 29
935520.284181 1915833.89918 29
935520.251151 1915833.83867 29
935520.080286 1915833.51806 29
935519.94534 1915833.265 29
935519.773476 1915832.94437 29
935519.772508 1915832.94235 29
935519.318107 1915832.09341 29
935519.230724 1915831.93007 29
935518.776323 1915831.08112 29
935518.775339 1915831.08011 29
935518.610266 1915830.77258 29
935518.609282 1915830.77157 29
935518.353937 1915830.29366 29
935518.097609 1915829.81475 29
935517.559743 1915828.80752 29
935517.132535 1915828.00899 29
935516.580089 1915826.97555 29
935516.425724 1915826.68619 29
935516.086883 1915826.05201 29
935515.932502 1915825.76365 29
935515.506261 1915824.96713 29
935514.901572 1915823.82389 29
935514.653985 1915823.36111 29
935514.406383 1915822.89932 29
935513.890997 1915821.92444 29
935513.705616 1915821.57361 29
935513.64249 1915821.45665 29
935513.456094 1915821.1068 29
935513.261908 1915820.74383 29
935512.893971 1915820.0532 29
935512.32915 1915818.98057 29
935512.139835 1915818.62568 29
935511.778687 1915817.94816 29
935511.219689 1915816.88662 29
935511.07992 1915816.62248 29
935510.893524 1915816.27263 29
935510.752755 1915816.00848 29
935510.604101 1915815.73721 29
935510.383469 1915815.33983 29
935510.383485 1915815.33883 29
935509.89864 1915814.45541 29
935509.170651 1915813.14427 29
935508.817976 1915812.49987 29
935508.802428 1915812.47163 29
935508.601897 1915812.13056 29
935508.156192 1915811.36372 29
935507.397918 1915810.07109 29
935507.092331 1915809.54641 29
935507.074768 1915809.51914 29
935506.768674 1915809.02643 29
935506.379717 1915808.40046 29
935505.563604 1915807.16189 29
935505.417094 1915806.94464 29
935505.366295 1915806.86985 29
935504.922892 1915806.21002 29
935504.571266 1915805.68861 29
935504.29384 1915805.27933 29
935503.941215 1915804.7579 29
935503.890401 1915804.68412 29
935503.730199 1915804.44765 29
935503.679368 1915804.37486 29
935503.361694 1915803.91897 29
935503.014305 1915803.4456 29
935502.90579 1915803.29093 29
935500.990947 1915800.98427 29
935500.488689 1915800.37949 29
935498.519814 1915798.13895 29
935498.222273 1915797.80034 29
935496.287448 1915795.80826 29
935494.018253 1915793.84588 29
935493.067589 1915793.02306 29
935490.354936 1915791.47651 29
935488.000502 1915790.22456 29
935485.327868 1915789.11752 29
935482.729918 1915788.53351 29
935480.270026 1915788.25859 29
935477.387091 1915788.37284 29
