935642.765687255 1916100.43234508
935642.699232985 1916097.43520106
935642.665744425 1916095.9531199
935642.549016818 1916092.97417319
935642.537064424 1916092.65608022
935642.308414744 1916089.67435961
935642.091539207 1916086.83278317
935641.908197158 1916085.34432774
935641.72587039 1916083.85488871
935641.581608347 1916082.67595902
935640.994285736 1916079.74353603
935640.496811516 1916077.26040139
935639.710758976 1916074.37781207
935639.144855052 1916072.30146888
935638.708749629 1916070.86598936
935638.273643647 1916069.43052569
935638.018053634 1916068.58972807
935637.553821138 1916067.16279996
935637.089588636 1916065.73587186
935636.743520417 1916064.67470644
935635.765749852 1916061.84106229
935635.30696081 1916060.51219075
935634.232498826 1916057.72399961
935633.159036264 1916054.93582434
935632.084574239 1916052.14763324
935631.534389372 1916050.71934267
935630.367360458 1916047.9686724
935629.201315122 1916045.21901744
935628.034286166 1916042.46834721
935627.550514897 1916041.32802236
935626.297946863 1916038.61298496
935625.046378255 1916035.89796345
935624.536051035 1916034.79320673
935623.880640494 1916033.44422362
935623.224214661 1916032.09622411
935622.56880411 1916030.74724101
935621.912378269 1916029.39924152
935621.022643261 1916027.57068842
935620.353113718 1916026.2294791
935619.682584726 1916024.88825394
935619.013055173 1916023.54704463
935618.342542013 1916022.20482004
935617.426853082 1916020.37385617
935616.029350824 1916017.72050206
935614.631832708 1916015.06814741
935613.300296471 1916012.54180079
935612.592471096 1916011.2199784
935611.883662116 1916009.89714074
935611.174837289 1916008.57530252
935610.467027748 1916007.25248071
935609.323205067 1916005.11899137
