935624.803146132 1916018.51138525
935625.561217097 1916020.00595199
935626.319288058 1916021.50051873
935627.505632712 1916023.91559703
935628.820594257 1916026.60463161
935630.128638884 1916029.28855809
935630.586610751 1916030.22753496
935631.85120391 1916032.94076358
935632.480359559 1916034.30632537
935633.109499359 1916035.67288662
935633.561697673 1916036.66075712
935634.189552843 1916038.04529255
935634.817408009 1916039.42982799
935635.42741574 1916040.80508324
935636.036424021 1916042.18032266
935636.936776628 1916044.22197957
935638.09001933 1916046.95943529
935638.666158121 1916048.39013669
935639.242296902 1916049.8208381
935640.337239024 1916052.57836331
935640.862516982 1916054.00126062
935641.386811326 1916055.42314264
935642.427197155 1916058.21679184
935642.9728614 1916059.6780008
935643.461889956 1916061.11731834
935643.950902664 1916062.55763534
935644.414865861 1916064.00155404
935644.879828494 1916065.44548859
935645.065578799 1916066.02525802
935645.505412701 1916067.47779151
935645.945246596 1916068.930325
935646.083560868 1916069.41237191
935646.873627097 1916072.29402521
935647.410465265 1916074.24894441
935647.7901106 1916075.71451955
935648.170771216 1916077.1791111
935648.244180939 1916077.46718771
935648.542476418 1916079.01944661
935648.840771887 1916080.5717055
935648.98156824 1916081.40168618
935649.377234979 1916084.31607565
935649.538685619 1916085.86116679
935649.700136246 1916087.40625794
935649.889972647 1916089.93550049
935650.051691175 1916092.91416078
935650.071767194 1916093.28736585
935650.126720739 1916094.80277729
935650.181674278 1916096.31818874
935650.245027343 1916098.18662623
935650.306118741 1916100.38692713
