935494.67843 1915766.51366 1
935495.232134 1915769.23361 1
935495.908181 1915772.56032 1
935496.829855 1915775.9689 1
935498.101235 1915779.20007 1
935499.164657 1915781.99108 1
935500.409041 1915784.71799 1
935501.648571 1915787.43581 1
935501.905805 1915787.98373 1
935503.168607 1915790.68393 1
935504.431424 1915793.38313 1
935504.649551 1915793.81246 1
935506.005046 1915796.46714 1
935507.361556 1915799.12085 1
935508.327489 1915800.99859 1
935509.693963 1915803.65445 1
935509.802716 1915803.85711 1
935511.207564 1915806.48859 1
935512.612428 1915809.11906 1
935513.006605 1915809.79411 1
935513.021153 1915809.82233 1
935513.390676 1915810.47599 1
935514.003169 1915811.56837 1
935514.487363 1915812.42979 1
935514.885842 1915813.21187 1
935515.375526 1915814.10536 1
935516.081337 1915815.42815 1
935516.453652 1915816.09485 1
935516.658737 1915816.46399 1
935516.688817 1915816.52145 1
935517.130542 1915817.3502 1
935517.494513 1915818.03876 1
935517.675833 1915818.39353 1
935517.931336 1915818.86144 1
935518.546924 1915820.01085 1
935518.79965 1915820.46472 1
935519.043018 1915820.94143 1
935519.492675 1915821.77431 1
935519.921089 1915822.55986 1
935520.551636 1915823.71151 1
935520.641019 1915823.87488 1
935521.048888 1915824.63212 1
935521.137255 1915824.79647 1
935521.382875 1915825.25722 1
935521.810099 1915826.05475 1
935522.010457 1915826.46981 1
935522.119846 1915826.69547 1
935522.380299 1915827.16646 1
935522.760896 1915827.87828 1
935523.018034 1915828.3692 1
935523.468437 1915829.21809 1
935524.170219 1915830.54281 1
935524.470176 1915831.1074 1
935524.679846 1915831.5026 1
935525.120539 1915832.33334 1
935525.475738 1915833.00776 1
935525.744805 1915833.50288 1
935526.009859 1915833.99893 1
935526.274929 1915834.49398 1
935526.451632 1915834.82469 1
935526.554484 1915835.02126 1
935526.729156 1915835.35393 1
935526.837814 1915835.56258 1
935527.18251 1915836.20585 1
935527.368922 1915836.5547 1
935527.713633 1915837.19697 1
935527.890336 1915837.52768 1
935528.192355 1915838.08829 1
935528.527325 1915838.71442 1
935528.919551 1915839.44941 1
935529.135028 1915839.8567 1
935529.664136 1915840.84879 1
935529.83984 1915841.17948 1
935530.020524 1915841.51124 1
935530.199257 1915841.83998 1
935530.495359 1915842.3955 1
935531.20117 1915843.71829 1
935531.489466 1915844.2617 1
935531.853612 1915844.93927 1
935532.559423 1915846.26206 1
935533.138903 1915847.35591 1
935533.843714 1915848.67868 1
935534.328179 1915849.58609 1
935534.636052 1915850.1558 1
935535.341863 1915851.47859 1
935535.915711 1915852.54936 1
935535.924484 1915852.5635 1
935536.466998 1915853.59279 1
935537.172809 1915854.91558 1
935537.455552 1915855.4309 1
935537.698825 1915855.91361 1
935538.404636 1915857.2364 1
935538.690345 1915857.75378 1
935538.995394 1915858.31244 1
935539.701205 1915859.63523 1
935539.94443 1915860.12094 1
935540.451708 1915861.03971 1
935541.157519 1915862.36249 1
935541.595976 1915863.20819 1
935541.842658 1915863.66496 1
935542.54847 1915864.98775 1
935542.772672 1915865.41218 1
935543.226295 1915866.24712 1
935543.932106 1915867.56991 1
935544.379511 1915868.41874 1
935544.676326 1915868.99227 1
935545.382137 1915870.31506 1
935545.830144 1915871.12592 1
935545.992014 1915871.44639 1
935546.149409 1915871.7338 1
935546.85422 1915873.05657 1
935547.134837 1915873.57986 1
935547.537773 1915874.33302 1
935548.243584 1915875.65581 1
935548.408816 1915875.95334 1
935548.806532 1915876.72042 1
935549.487071 1915877.99782 1
935549.748554 1915878.46682 1
935549.92824 1915878.79857 1
935550.173701 1915879.26932 1
935550.749182 1915880.36311 1
935551.031799 1915880.88643 1
935551.143392 1915881.09914 1
935551.406162 1915881.61315 1
935551.935777 1915882.57326 1
935552.210715 1915883.07646 1
935552.426556 1915883.46077 1
935553.017393 1915884.53181 1
935553.325219 1915885.10452 1
935553.526941 1915885.4966 1
935553.959573 1915886.20524 1
935554.275378 1915886.77907 1
935554.585996 1915887.36482 1
935554.812165 1915887.79128 1
935554.884953 1915887.92939 1
935555.011269 1915888.15932 1
935555.011269 1915888.15932 2
935556.374474 1915890.83213 2
935556.779726 1915891.62831 2
935557.740506 1915894.3987 2
935558.360632 1915897.09072 2
935558.252976 1915899.21537 2
935557.730625 1915901.1395 2
935556.487072 1915903.09019 2
935554.763137 1915905.13723 2
935553.082023 1915906.56414 2
935553.082023 1915906.56414 3
935552.840001 1915906.69626 3
935552.616144 1915906.81768 3
935551.223553 1915907.57536 3
935551.097497 1915907.64435 3
935550.577221 1915907.92401 3
935549.958128 1915908.25709 3
935548.903472 1915908.8232 3
935548.647411 1915908.9581 3
935547.321718 1915909.65786 3
935545.99796 1915910.36166 3
935545.334606 1915910.71203 3
935544.671268 1915911.06141 3
935544.008882 1915911.4138 3
935543.347495 1915911.76621 3
935542.685156 1915912.1156 3
935542.021818 1915912.46497 3
935541.358416 1915912.81835 3
935540.698045 1915913.16977 3
935539.984338 1915913.54334 3
935538.660565 1915914.24813 3
935537.332936 1915914.94387 3
935536.009163 1915915.64867 3
935534.681535 1915916.3444 3
935534.097771 1915916.65605 3
935533.433354 1915917.01041 3
935532.774965 1915917.36286 3
935532.111643 1915917.71124 3
935531.447321 1915918.0596 3
935531.371697 1915918.10039 3
935530.580813 1915918.54971 3
935529.805047 1915918.99128 3
935529.470031 1915919.1879 3
935528.897642 1915919.53872 3
935528.450405 1915919.81455 3
935528.025679 1915920.12072 3
935527.49568 1915920.5092 3
935527.096893 1915920.81878 3
935526.692601 1915921.16026 3
935526.244034 1915921.58302 3
935525.845724 1915921.98858 3
935525.292679 1915922.56964 3
935524.981224 1915922.91959 3
935524.541845 1915923.45646 3
935524.313772 1915923.78075 3
935523.981031 1915924.27532 3
935523.72588 1915924.66816 3
935523.48964 1915925.12927 3
935523.259 1915925.55249 3
935523.023903 1915926.0676 3
935522.81898 1915926.5712 3
935522.62545 1915927.17595 3
935522.47342 1915927.74836 3
935522.328674 1915928.42886 3
935522.256567 1915929.00454 3
935522.200456 1915929.76942 3
935522.184713 1915930.25802 3
935522.167845 1915930.7546 3
935522.182324 1915931.29167 3
935522.216505 1915931.72108 3
935522.259537 1915932.09665 3
935522.32905 1915932.69357 3
935522.463877 1915933.26953 3
935522.608827 1915933.96362 3
935522.82131 1915934.62279 3
935523.058608 1915935.41931 3
935523.247419 1915935.93215 3
935523.431676 1915936.41692 3
935523.657245 1915936.94434 3
935523.848767 1915937.41223 3
935524.053044 1915937.83234 3
935524.391379 1915938.56149 3
935524.631447 1915939.05714 3
935525.154893 1915940.09113 3
935525.390137 1915940.57571 3
935525.482312 1915940.75212 3
935525.831688 1915941.41546 3
935526.182063 1915942.07881 3
935526.535436 1915942.74221 3
935526.886874 1915943.40159 3
935527.237249 1915944.06494 3
935527.586625 1915944.72828 3
935527.939998 1915945.39168 3
935528.291436 1915946.05105 3
935528.641811 1915946.71441 3
935528.991187 1915947.37774 3
935529.34456 1915948.04115 3
935529.696998 1915948.70053 3
935529.999921 1915949.26716 3
935530.705731 1915950.58995 3
935531.059136 1915951.25136 3
935531.412557 1915951.91176 3
935532.026987 1915953.07115 3
935532.538406 1915954.04396 3
935532.821752 1915954.58429 3
935532.821752 1915954.58429 4
935534.369709 1915957.14306 4
935535.916666 1915959.70181 4
935536.562568 1915960.76773 4
935537.996295 1915962.27101 4
935539.317622 1915962.91876 4
935541.184229 1915963.34923 4
935543.270454 1915963.48427 4
935545.809587 1915962.9227 4
935548.550102 1915961.70253 4
935549.524694 1915961.26811 4
935549.524694 1915961.26811 5
935550.239369 1915960.89656 5
935550.635668 1915960.68091 5
935551.958442 1915959.9761 5
935553.148053 1915959.34715 5
935554.209879 1915958.77016 5
935555.532669 1915958.06435 5
935556.490618 1915957.5447 5
935556.850604 1915957.34947 5
935557.811441 1915956.83686 5
935558.174394 1915956.64367 5
935559.286335 1915956.05848 5
935560.609125 1915955.35267 5
935561.34815 1915954.95851 5
935562.671939 1915954.25271 5
935563.706369 1915953.70128 5
935563.801172 1915953.6488 5
935565.123962 1915952.94299 5
935565.405152 1915952.79949 5
935565.405152 1915952.79949 6
935568.044798 1915951.38378 6
935570.684444 1915949.96806 6
935573.323091 1915948.55233 6
935575.962738 1915947.13662 6
935578.602384 1915945.72091 6
935581.24203 1915944.30519 6
935583.880677 1915942.88946 6
935586.520324 1915941.47375 6
935589.15997 1915940.05803 6
935591.799617 1915938.64232 6
935594.43828 1915937.22559 6
935597.077926 1915935.80987 6
935597.732285 1915935.45935 6
935597.732285 1915935.45935 7
935599.184066 1915934.68861 7
935600.513677 1915933.9939 7
935601.634883 1915933.39186 7
935601.690328 1915933.36275 7
935602.71865 1915932.81822 7
935603.016053 1915932.66099 7
935604.042408 1915932.11443 7
935604.338827 1915931.95617 7
935605.3994 1915931.39516 7
935605.664536 1915931.25541 7
935606.723158 1915930.69137 7
935606.987326 1915930.5496 7
935607.084096 1915930.49915 7
935608.406886 1915929.79334 7
935609.728693 1915929.08651 7
935610.613905 1915928.61469 7
935611.751213 1915928.00591 7
935612.504278 1915927.60897 7
935612.504278 1915927.60897 8
935615.182889 1915926.25785 8
935617.861499 1915924.90674 8
935619.386239 1915924.13715 8
935621.673858 1915923.42364 8
935624.277261 1915923.03304 8
935626.156398 1915923.30375 8
935627.554287 1915923.97771 8
935629.44625 1915925.3313 8
935630.577105 1915926.39091 8
935631.890748 1915928.21718 8
935633.473923 1915930.76151 8
935634.25577 1915932.01753 8
935634.25577 1915932.01753 9
935634.952935 1915933.31819 9
935635.308355 1915933.97863 9
935635.66379 1915934.63806 9
935636.372616 1915935.9599 9
935637.083471 1915937.27977 9
935637.791297 1915938.60159 9
935638.154507 1915939.27515 9
935638.507928 1915939.93555 9
935638.862332 1915940.59697 9
935639.217768 1915941.25641 9
935639.573188 1915941.91684 9
935639.623686 1915942.01061 9
935639.975124 1915942.66999 9
935640.327482 1915943.33437 9
935640.683918 1915943.99382 9
935641.039337 1915944.65426 9
935641.347052 1915945.23396 9
935641.743134 1915945.97802 9
935642.055861 1915946.5568 9
935642.367574 1915947.13657 9
935642.801731 1915947.93821 9
935643.505543 1915949.26096 9
935643.804262 1915949.84052 9
935644.048979 1915950.35825 9
935644.441318 1915951.14923 9
935644.675897 1915951.67579 9
935644.973999 1915952.29433 9
935645.166125 1915952.78722 9
935645.387157 1915953.34856 9
935645.706347 1915954.21336 9
935645.92302 1915954.92358 9
935646.154256 1915955.66102 9
935646.301602 1915956.33015 9
935646.450661 1915957.01731 9
935646.546733 1915957.70462 9
935646.60327 1915958.30034 9
935646.669438 1915958.98218 9
935646.714557 1915959.79365 9
935646.715012 1915960.26951 9
935646.702505 1915960.74317 9
935646.682707 1915961.48763 9
935646.661647 1915961.87018 9
935646.604244 1915962.33813 9
935646.511661 1915963.07044 9
935646.404255 1915963.60257 9
935646.253906 1915964.13203 9
935646.082096 1915964.88008 9
935645.873812 1915965.4696 9
935645.640129 1915966.0847 9
935645.393183 1915966.65362 9
935645.186292 1915967.0922 9
935644.913454 1915967.59172 9
935644.610744 1915968.08378 9
935644.332844 1915968.52423 9
935644.08591 1915968.9032 9
935643.767112 1915969.33802 9
935643.427278 1915969.7755 9
935643.071072 1915970.17373 9
935642.720292 1915970.60803 9
935642.345191 1915970.99997 9
935641.955686 1915971.41766 9
935641.580267 1915971.7666 9
935641.234053 1915972.10201 9
935640.850908 1915972.43384 9
935640.487307 1915972.73098 9
935640.101702 1915973.02878 9
935639.7236 1915973.2947 9
935639.331411 1915973.5664 9
935638.999711 1915973.80607 9
935638.433875 1915974.18498 9
935638.050141 1915974.42782 9
935637.618164 1915974.68689 9
935637.007685 1915975.0441 9
935636.165591 1915975.50761 9
935635.436322 1915975.91692 9
935635.403055 1915975.93439 9
935634.07833 1915976.63617 9
935632.758443 1915977.34803 9
935632.632419 1915977.41501 9
935631.312532 1915978.12686 9
935629.985871 1915978.82461 9
935629.947559 1915978.845 9
935628.628672 1915979.55687 9
935627.307817 1915980.26671 9
935626.873254 1915980.49975 9
935625.554366 1915981.21162 9
935624.891996 1915981.56301 9
935624.229625 1915981.9144 9
935622.909738 1915982.62626 9
935622.247383 1915982.97665 9
935622.146567 1915983.03003 9
935621.585013 1915983.32804 9
935621.377352 1915983.43671 9
935621.377352 1915983.43671 10
935618.830975 1915985.02285 10
935616.284581 1915986.61 10
935614.10168 1915987.96997 10
935612.692383 1915989.46617 10
935611.921679 1915991.48034 10
935612.233888 1915993.79458 10
935613.424016 1915996.53862 10
935614.529297 1915999.08537 10
935614.529297 1915999.08537 11
935615.890547 1916001.62919 11
935617.252781 1916004.17401 11
935618.41136 1916006.38571 11
935619.570921 1916008.59843 11
935620.616731 1916010.54542 11
935621.661541 1916012.4924 11
935622.536312 1916014.12977 11
935623.411067 1916015.76814 11
935624.107107 1916017.13976 11
935624.803146 1916018.51139 11
935624.803146 1916018.51139 12
935625.561217 1916020.00595 12
935626.319288 1916021.50052 12
935627.505633 1916023.9156 12
935628.820594 1916026.60463 12
935630.128639 1916029.28856 12
935630.586611 1916030.22753 12
935631.851204 1916032.94076 12
935632.48036 1916034.30633 12
935633.109499 1916035.67289 12
935633.561698 1916036.66076 12
935634.189553 1916038.04529 12
935634.817408 1916039.42983 12
935635.427416 1916040.80508 12
935636.036424 1916042.18032 12
935636.936777 1916044.22198 12
935638.090019 1916046.95944 12
935638.666158 1916048.39014 12
935639.242297 1916049.82084 12
935640.337239 1916052.57836 12
935640.862517 1916054.00126 12
935641.386811 1916055.42314 12
935642.427197 1916058.21679 12
935642.972861 1916059.678 12
935643.46189 1916061.11732 12
935643.950903 1916062.55764 12
935644.414866 1916064.00155 12
935644.879828 1916065.44549 12
935645.065579 1916066.02526 12
935645.505413 1916067.47779 12
935645.945247 1916068.93033 12
935646.083561 1916069.41237 12
935646.873627 1916072.29403 12
935647.410465 1916074.24894 12
935647.790111 1916075.71452 12
935648.170771 1916077.17911 12
935648.244181 1916077.46719 12
935648.542476 1916079.01945 12
935648.840772 1916080.57171 12
935648.981568 1916081.40169 12
935649.377235 1916084.31608 12
935649.538686 1916085.86117 12
935649.700136 1916087.40626 12
935649.889973 1916089.9355 12
935650.051691 1916092.91416 12
935650.071767 1916093.28737 12
935650.126721 1916094.80278 12
935650.181674 1916096.31819 12
935650.245027 1916098.18663 12
935650.306119 1916100.38693 12
935650.306119 1916100.38693 13
935650.343748 1916103.37362 13
935650.380377 1916106.36029 13
935650.418005 1916109.34698 13
935650.455634 1916112.33367 13
935650.492263 1916115.32035 13
935650.529908 1916118.30604 13
935650.567536 1916121.29273 13
935650.604356 1916124.26741 13
935650.604356 1916124.26741 14
935650.852001 1916126.80756 14
935651.018131 1916128.30974 14
935651.18426 1916129.81192 14
935651.306153 1916130.95151 14
935651.615931 1916133.92352 14
935651.829268 1916135.97928 14
935652.147217 1916138.94042 14
935652.464118 1916141.90455 14
935652.510355 1916142.33015 14
935652.819324 1916145.29015 14
935653.13218 1916148.25721 14
935653.226908 1916149.15544 14
935653.34033 1916151.08165 14
935653.346676 1916152.63628 14
935653.353006 1916154.19191 14
935653.351603 1916154.59577 14
935653.323999 1916156.14786 14
935653.297395 1916157.69997 14
935653.297395 1916157.69997 15
935653.25694 1916160.69342 15
935653.215485 1916163.68685 15
935653.17503 1916166.6803 15
935653.150842 1916168.45838 15
935653.150842 1916168.45838 16
935652.243123 1916169.97152 16
935651.364134 1916171.43814 16
935650.540523 1916173.51045 16
935649.98551 1916174.90923 16
935649.520526 1916176.99822 16
935649.520526 1916176.99822 17
935649.470585 1916178.50897 17
935649.420628 1916180.02072 17
935649.342079 1916182.83162 17
935649.281602 1916185.82675 17
935649.221126 1916188.82188 17
935649.190365 1916190.32094 17
935649.159587 1916191.821 17
935649.156528 1916191.95091 17
935649.09326 1916194.933 17
935649.029991 1916197.91509 17
935648.965723 1916200.89717 17
935648.902454 1916203.87926 17
935648.864321 1916205.65411 17
935648.864321 1916205.65411 18
935648.849867 1916208.64698 18
935648.836412 1916211.63986 18
935648.821958 1916214.63272 18
935648.808503 1916217.6256 18
935648.795866 1916220.31458 18
935648.634462 1916223.30711 18
935648.553474 1916224.82137 18
935648.345381 1916227.79517 18
935648.320751 1916228.15067 18
935647.510197 1916231.03894 18
935647.279231 1916231.86103 18
935646.045241 1916234.59563 18
935645.656729 1916235.45521 18
935643.777791 1916237.94665 18
935641.342766 1916239.69751 18
935640.666263 1916240.18364 18
935637.819694 1916241.40912 18
935634.833009 1916241.69867 18
935631.847323 1916241.98824 18
935629.423325 1916242.22373 18
935582.279027 1916221.13655 20
935582.280717 1916220.77769 20
935582.292161 1916220.24503 20
935582.311813 1916219.32062 20
935582.340576 1916217.82153 20
935582.348152 1916217.46976 20
935582.379501 1916215.9967 20
935582.408264 1916214.49762 20
935582.440248 1916213.04756 20
935582.468012 1916211.54846 20
935582.483544 1916210.82093 20
935582.499346 1916210.13938 20
935582.521393 1916209.12704 20
935582.554153 1916207.62801 20
935582.567594 1916207.03241 20
935582.584156 1916206.23991 20
935582.617916 1916204.7409 20
935582.622955 1916204.48606 20
935582.64749 1916203.37979 20
935582.680251 1916201.88076 20
935582.703596 1916200.78646 20
935582.711267 1916200.42869 20
935582.729605 1916199.58724 20
935582.761366 1916198.0882 20
935582.773554 1916197.50857 20
935582.782888 1916197.04586 20
935582.800385 1916196.19439 20
935582.832146 1916194.69535 20
935582.844096 1916194.13071 20
935582.85503 1916193.56706 20
935582.887791 1916192.06803 20
935582.906761 1916191.12362 20
935582.918331 1916190.58297 20
935582.92879 1916190.04929 20
935582.947839 1916189.09989 20
935582.9796 1916187.60084 20
935582.996717 1916186.77337 20
935583.002739 1916186.45656 20
935583.0335 1916184.9575 20
935583.035355 1916184.90355 20
935583.051995 1916184.04307 20
935583.082756 1916182.54402 20
935583.10496 1916181.4587 20
935583.113612 1916180.97598 20
935583.132027 1916180.06655 20
935583.151709 1916179.01418 20
935583.180471 1916177.51509 20
935583.190978 1916176.97842 20
935583.219741 1916175.47933 20
935583.241499 1916174.35902 20
935583.252006 1916173.82235 20
935583.256507 1916173.60149 20
935583.281007 1916172.30827 20
935583.28527 1916172.1024 20
935583.298444 1916171.64974 20
935583.303722 1916171.44289 20
935583.324125 1916170.72343 20
935583.330403 1916170.5166 20
935583.325633 1916168.48414 20
935583.323188 1916167.62936 20
935583.323314 1916167.55838 20
935583.337684 1916166.65188 20
935583.35687 1916165.44156 20
935583.379967 1916164.61517 20
935583.398467 1916163.95267 20
935583.412449 1916163.44904 20
935583.419551 1916163.19023 20
935583.428698 1916162.86548 20
935583.472968 1916161.77551 20
935583.490711 1916161.34992 20
935583.508724 1916160.90734 20
935583.528069 1916160.44379 20
935583.554676 1916159.8374 20
935583.580983 1916159.24999 20
935583.59527 1916158.91632 20
935583.623558 1916158.26696 20
935583.640365 1916157.83736 20
935583.655397 1916157.45672 20
935583.675454 1916156.94819 20
935583.680308 1916156.89428 20
935583.783924 1916155.71828 20
935583.803179 1916155.51265 20
935583.83904 1916155.14233 20
935583.86778 1916154.84288 20
935583.907258 1916154.43363 20
935583.970764 1916153.76984 20
935583.999456 1916153.47338 20
935584.001899 1916153.44543 20
935584.05465 1916152.82945 20
935584.106133 1916152.23045 20
935584.106133 1916152.23045 21
935584.106165 1916152.22845 21
935584.149099 1916151.72728 21
935584.195618 1916151.18919 21
935584.267973 1916150.34559 21
935584.31457 1916149.80249 21
935584.324346 1916149.18584 21
935584.343412 1916148.29841 21
935584.367177 1916146.79924 21
935584.390998 1916145.67496 21
935584.398938 1916145.3002 21
935584.414437 1916144.51168 21
935584.427958 1916143.97406 21
935584.456721 1916142.47497 21
935584.495477 1916140.97604 21
935584.52424 1916139.47695 21
935584.561997 1916137.97801 21
935584.585109 1916137.08764 21
935584.614871 1916135.58857 21
935584.643689 1916134.46437 21
935584.653628 1916134.08964 21
935584.684657 1916133.26738 21
935584.698609 1916132.89172 21
935584.739278 1916131.7767 21
935584.774063 1916130.78056 21
935584.819371 1916130.00351 21
935584.819387 1916130.00251 21
935584.89426 1916128.93702 21
935584.977089 1916128.25254 21
935585.094131 1916127.30169 21
935585.191604 1916126.70242 21
935585.335366 1916125.95792 21
935585.474499 1916125.3793 21
935585.682496 1916124.68181 21
935585.866763 1916124.1569 21
935586.130064 1916123.50227 21
935586.314397 1916123.09931 21
935586.663364 1916122.40106 21
935586.868543 1916122.00743 21
935587.083432 1916121.63196 21
935587.322401 1916121.18788 21
935587.657442 1916120.67435 21
935588.032413 1916120.10147 21
935588.418665 1916119.63673 21
935588.691173 1916119.28416 21
935589.067717 1916118.86426 21
935589.561177 1916118.32125 21
935589.939769 1916117.96136 21
935590.476366 1916117.47202 21
935590.972225 1916117.093 21
935591.496655 1916116.67744 21
935591.985631 1916116.35429 21
935592.590272 1916115.98699 21
935593.11177 1916115.69335 21
935593.663965 1916115.41819 21
935594.368186 1916115.07546 21
935594.824849 1916114.89876 21
935595.775648 1916114.57793 21
935596.216828 1916114.43197 21
935596.597456 1916114.32204 21
935597.546924 1916114.08517 21
935598.653971 1916113.87179 21
935599.67613 1916113.71604 21
935600.222095 1916113.64472 21
935601.161159 1916113.55964 21
935601.69878 1916113.51018 21
935602.149006 1916113.48732 21
935603.529413 1916113.43523 21
935603.971485 1916113.42224 21
935604.404435 1916113.41711 21
935605.090102 1916113.42498 21
935606.067591 1916113.43848 21
935606.73917 1916113.45212 21
935606.767155 1916113.45256 21
935608.265355 1916113.47431 21
935608.266355 1916113.47433 21
935609.764507 1916113.49908 21
935609.765507 1916113.4991 21
935610.215194 1916113.51022 21
935610.216193 1916113.51024 21
935611.714156 1916113.54698 21
935613.213308 1916113.57174 21
935614.650463 1916113.59753 21
935616.149615 1916113.62229 21
935617.648719 1916113.65005 21
935619.147871 1916113.67482 21
935620.646992 1916113.70158 21
935622.146144 1916113.72635 21
935622.315034 1916113.73002 21
935623.814187 1916113.75479 21
935625.313228 1916113.78655 21
935626.81238 1916113.81131 21
935628.311421 1916113.84307 21
935630.084057 1916113.89517 21
935630.084057 1916113.89517 22
935633.070631 1916113.61261 22
935634.326138 1916113.49355 22
935637.079029 1916112.31257 22
935638.512347 1916111.69748 22
935640.673246 1916109.58139 22
935641.821757 1916106.81544 22
935642.096178 1916106.15299 22
935642.438056 1916104.07304 22
935642.706242 1916101.0922 22
935642.765687 1916100.43235 22
935642.765687 1916100.43235 23
935642.699233 1916097.4352 23
935642.665744 1916095.95312 23
935642.549017 1916092.97417 23
935642.537064 1916092.65608 23
935642.308415 1916089.67436 23
935642.091539 1916086.83278 23
935641.908197 1916085.34433 23
935641.72587 1916083.85489 23
935641.581608 1916082.67596 23
935640.994286 1916079.74354 23
935640.496812 1916077.2604 23
935639.710759 1916074.37781 23
935639.144855 1916072.30147 23
935638.70875 1916070.86599 23
935638.273644 1916069.43053 23
935638.018054 1916068.58973 23
935637.553821 1916067.1628 23
935637.089589 1916065.73587 23
935636.74352 1916064.67471 23
935635.76575 1916061.84106 23
935635.306961 1916060.51219 23
935634.232499 1916057.724 23
935633.159036 1916054.93582 23
935632.084574 1916052.14763 23
935631.534389 1916050.71934 23
935630.36736 1916047.96867 23
935629.201315 1916045.21902 23
935628.034286 1916042.46835 23
935627.550515 1916041.32802 23
935626.297947 1916038.61298 23
935625.046378 1916035.89796 23
935624.536051 1916034.79321 23
935623.88064 1916033.44422 23
935623.224215 1916032.09622 23
935622.568804 1916030.74724 23
935621.912378 1916029.39924 23
935621.022643 1916027.57069 23
935620.353114 1916026.22948 23
935619.682585 1916024.88825 23
935619.013055 1916023.54704 23
935618.342542 1916022.20482 23
935617.426853 1916020.37386 23
935616.029351 1916017.7205 23
935614.631833 1916015.06815 23
935613.300296 1916012.5418 23
935612.592471 1916011.21998 23
935611.883662 1916009.89714 23
935611.174837 1916008.5753 23
935610.467028 1916007.25248 23
935609.323205 1916005.11899 23
935609.323205 1916005.11899 24
935608.124955 1916002.38282 24
935606.925706 1915999.64664 24
935605.727441 1915996.91147 24
935604.528191 1915994.17528 24
935603.329942 1915991.43911 24
935602.130693 1915988.70293 24
935600.932427 1915985.96776 24
935599.733178 1915983.23157 24
935598.534928 1915980.4954 24
935597.957982 1915979.17866 24
935597.957982 1915979.17866 25
935597.313584 1915977.95481 25
935596.605774 1915976.63199 25
935595.895918 1915975.31213 25
935595.827953 1915975.18509 25
935595.121127 1915973.86329 25
935594.411271 1915972.54343 25
935594.398658 1915972.51924 25
935593.690833 1915971.19742 25
935593.065536 1915970.02986 25
935592.641231 1915969.23737 25
935591.933406 1915967.91555 25
935591.419798 1915966.95469 25
935590.994525 1915966.16019 25
935590.286699 1915964.83837 25
935589.774059 1915963.87953 25
935589.546208 1915963.43306 25
935589.546208 1915963.43306 26
935588.133491 1915960.79346 26
935586.721759 1915958.15487 26
935585.309043 1915955.51527 26
935583.896311 1915952.87667 26
935582.483595 1915950.23708 26
935581.071878 1915947.59749 26
935579.659146 1915944.95889 26
935578.24643 1915942.31929 26
935576.834697 1915939.68071 26
935575.421981 1915937.04111 26
935574.009265 1915934.40151 26
935572.596532 1915931.76291 26
935571.91398 1915930.48648 26
935571.91398 1915930.48648 27
935571.598491 1915929.89266 27
935571.044205 1915928.84918 27
935571.044221 1915928.84819 27
935570.795667 1915928.38339 27
935570.546176 1915927.91457 27
935569.83935 1915926.59277 27
935569.467494 1915925.89708 27
935569.299549 1915925.58151 27
935569.180134 1915925.35769 27
935569.012173 1915925.04312 27
935568.305347 1915923.72131 27
935568.103403 1915923.34323 27
935568.016036 1915923.17889 27
935567.815076 1915922.80182 27
935567.779158 1915922.73427 27
935567.54228 1915922.28965 27
935566.834454 1915920.96783 27
935566.816987 1915920.93456 27
935566.545159 1915920.42441 27
935566.445163 1915920.23688 27
935566.252928 1915919.87694 27
935566.152916 1915919.69041 27
935565.44609 1915918.3686 27
935565.075218 1915917.67393 27
935564.781084 1915917.12044 27
935564.073258 1915915.79862 27
935563.811123 1915915.30761 27
935563.549988 1915914.81662 27
935563.515022 1915914.75208 27
935563.254854 1915914.26311 27
935562.547029 1915912.94128 27
935562.134416 1915912.16798 27
935562.113062 1915912.12765 27
935562.112094 1915912.12563 27
935561.742713 1915911.46298 27
935561.742713 1915911.46298 28
935560.337009 1915908.82249 28
935558.93132 1915906.18101 28
935557.525616 1915903.54052 28
935556.119927 1915900.89903 28
935554.714223 1915898.25855 28
935553.307519 1915895.61804 28
935551.90183 1915892.97656 28
935550.693309 1915890.69909 28
935550.693309 1915890.69909 29
935550.577798 1915890.48132 29
935550.340015 1915890.03069 29
935550.103153 1915889.58507 29
935550.021576 1915889.43382 29
935549.318304 1915888.14006 29
935549.098751 1915887.7377 29
935549.087106 1915887.71552 29
935548.781121 1915887.15284 29
935548.576147 1915886.77671 29
935548.213826 1915886.11016 29
935547.866069 1915885.47084 29
935547.595066 1915884.9717 29
935547.312386 1915884.45237 29
935547.200745 1915884.24267 29
935546.49292 1915882.92085 29
935546.326926 1915882.60831 29
935546.215269 1915882.3996 29
935546.03084 1915882.05178 29
935545.962875 1915881.92474 29
935545.789076 1915881.60009 29
935545.08125 1915880.27827 29
935544.824922 1915879.79935 29
935544.685105 1915879.53821 29
935544.414213 1915879.03207 29
935543.706387 1915877.71025 29
935543.546184 1915877.4108 29
935543.274324 1915876.90264 29
935543.148087 1915876.66771 29
935542.864567 1915876.13838 29
935542.156741 1915874.81655 29
935542.000425 1915874.52416 29
935541.834399 1915874.21363 29
935541.524638 1915873.63689 29
935540.816812 1915872.31507 29
935540.690607 1915872.07814 29
935540.387668 1915871.51251 29
935540.36825 1915871.47621 29
935539.660424 1915870.15439 29
935539.223506 1915869.33771 29
935539.202136 1915869.29838 29
935538.800153 1915868.54824 29
935538.777831 1915868.50589 29
935538.070005 1915867.18407 29
935537.84474 1915866.76363 29
935537.82437 1915866.72432 29
935537.59617 1915866.29983 29
935537.577719 1915866.26555 29
935537.176814 1915865.51042 29
935536.746671 1915864.70784 29
935536.741816 1915864.69877 29
935536.03802 1915863.37501 29
935535.543798 1915862.45246 29
935535.421465 1915862.22358 29
935535.286487 1915861.97252 29
935535.241811 1915861.88984 29
935534.538015 1915860.56608 29
935534.281718 1915860.08516 29
935534.068114 1915859.6859 29
935534.006955 1915859.57096 29
935533.749659 1915859.09003 29
935533.045863 1915857.76627 29
935532.781792 1915857.27123 29
935532.772099 1915857.25209 29
935532.298311 1915856.36484 29
935531.594515 1915855.04109 29
935531.51876 1915854.90093 29
935531.107115 1915854.12964 29
935531.057601 1915854.03688 29
935530.899365 1915853.73946 29
935530.191539 1915852.41764 29
935529.884729 1915851.84395 29
935529.530356 1915851.18053 29
935529.399296 1915850.93453 29
935528.69147 1915849.61271 29
935528.23323 1915848.7537 29
935528.109928 1915848.52282 29
935527.402103 1915847.20099 29
935527.105969 1915846.64747 29
935527.040924 1915846.52547 29
935526.750644 1915845.98104 29
935526.581716 1915845.66445 29
935525.87389 1915844.34263 29
935525.746701 1915844.10469 29
935525.39136 1915843.43926 29
935525.258334 1915843.19122 29
935525.174853 1915843.03395 29
935524.467011 1915841.71312 29
935524.215553 1915841.24228 29
935524.075752 1915840.98014 29
935523.770862 1915840.41148 29
935523.75046 1915840.37417 29
935523.239739 1915839.42036 29
935523.219352 1915839.38205 29
935523.042634 1915839.05235 29
935522.896011 1915838.77911 29
935522.719308 1915838.4484 29
935522.609603 1915838.24273 29
935522.326098 1915837.71239 29
935521.794975 1915836.72127 29
935521.63282 1915836.41879 29
935521.618272 1915836.39057 29
935521.532808 1915836.23226 29
935521.456117 1915836.08809 29
935521.356105 1915835.90156 29
935521.049295 1915835.32787 29
935520.992023 1915835.22 29
935520.455062 1915834.21879 29
935520.284181 1915833.89918 29
935520.251151 1915833.83867 29
935520.080286 1915833.51806 29
935519.94534 1915833.265 29
935519.773476 1915832.94437 29
935519.772508 1915832.94235 29
935519.318107 1915832.09341 29
935519.230724 1915831.93007 29
935518.776323 1915831.08112 29
935518.775339 1915831.08011 29
935518.610266 1915830.77258 29
935518.609282 1915830.77157 29
935518.353937 1915830.29366 29
935518.097609 1915829.81475 29
935517.559743 1915828.80752 29
935517.132535 1915828.00899 29
935516.580089 1915826.97555 29
935516.425724 1915826.68619 29
935516.086883 1915826.05201 29
935515.932502 1915825.76365 29
935515.506261 1915824.96713 29
935514.901572 1915823.82389 29
935514.653985 1915823.36111 29
935514.406383 1915822.89932 29
935513.890997 1915821.92444 29
935513.705616 1915821.57361 29
935513.64249 1915821.45665 29
935513.456094 1915821.1068 29
935513.261908 1915820.74383 29
935512.893971 1915820.0532 29
935512.32915 1915818.98057 29
935512.139835 1915818.62568 29
935511.778687 1915817.94816 29
935511.219689 1915816.88662 29
935511.07992 1915816.62248 29
935510.893524 1915816.27263 29
935510.752755 1915816.00848 29
935510.604101 1915815.73721 29
935510.383469 1915815.33983 29
935510.383485 1915815.33883 29
935509.89864 1915814.45541 29
935509.170651 1915813.14427 29
935508.817976 1915812.49987 29
935508.802428 1915812.47163 29
935508.601897 1915812.13056 29
935508.156192 1915811.36372 29
935507.397918 1915810.07109 29
935507.092331 1915809.54641 29
935507.074768 1915809.51914 29
935506.768674 1915809.02643 29
935506.379717 1915808.40046 29
935505.563604 1915807.16189 29
935505.417094 1915806.94464 29
935505.366295 1915806.86985 29
935504.922892 1915806.21002 29
935504.571266 1915805.68861 29
935504.29384 1915805.27933 29
935503.941215 1915804.7579 29
935503.890401 1915804.68412 29
935503.730199 1915804.44765 29
935503.679368 1915804.37486 29
935503.361694 1915803.91897 29
935503.014305 1915803.4456 29
935502.90579 1915803.29093 29
935500.990947 1915800.98427 29
935500.488689 1915800.37949 29
935498.519814 1915798.13895 29
935498.222273 1915797.80034 29
935496.287448 1915795.80826 29
935494.018253 1915793.84588 29
935493.067589 1915793.02306 29
935490.354936 1915791.47651 29
935488.000502 1915790.22456 29
935485.327868 1915789.11752 29
935482.729918 1915788.53351 29
935480.270026 1915788.25859 29
935477.387091 1915788.37284 29
